1.000000
1.041600
1.276101
1.316783
1.508238
1.524432
1.660921
1.683995
1.684853
1.756105
1.759077
1.859276
2.045327
2.106151
2.167248
2.188813
2.240280
2.272725
2.294264
2.306445
2.430679
2.472064
2.774563
3.134830
3.160438
3.279283
3.324140
3.326094
3.361382
3.404287
3.408340
3.473055
3.489783
3.504006
3.525146
3.546341
3.547804
3.583163
3.592350
3.597238
3.606102
3.639249
3.679717
3.729716
3.766215
3.801973
3.809128
3.819301
3.832146
3.873855
3.900817
3.914147
3.962769
3.974749
3.982798
4.064687
4.099755
4.111243
4.201651
4.212175
4.230228
4.244834
4.254302
4.277306
4.288255
4.299810
4.321900
4.387601
4.398095
4.400659
4.416430
4.500440
4.504922
4.543300
4.573434
4.577193
4.613688
4.690543
4.721945
4.735157
4.750168
4.758339
4.759650
4.778047
4.803246
4.814127
4.820773
4.835595
4.837374
4.842670
4.879122
4.883785
4.916226
4.969709
4.981081
5.006230
5.019445
5.042615
5.049064
5.112222
5.127738
5.149270
5.168639
5.207286
5.227313
5.285540
5.290928
5.300209
5.341377
5.350572
5.396714
5.432381
5.482740
5.550955
5.579474
5.599074
5.612913
5.683965
5.684645
5.714461
5.725184
5.747065
5.762048
5.771778
5.786292
5.819549
5.843318
5.866469
5.900067
5.919743
5.919752
5.921057
5.960998
5.961788
5.972231
5.985749
5.993452
6.012566
6.018469
6.030350
6.080952
6.095591
6.101660
6.123901
6.125977
6.128345
6.143147
6.148560
6.178111
6.201451
6.280932
6.293808
6.319809
6.365477
6.455251
6.466741
6.471010
6.506008
6.584075
6.625064
6.655448
6.675679
6.691996
6.701998
6.718748
6.720322
6.730895
6.761566
6.799524
6.806667
6.810223
6.854236
6.858347
6.887050
6.926237
6.956964
6.970174
6.980968
6.984779
6.990013
6.995947
7.013470
7.029192
7.050985
7.054895
7.092935
7.116636
7.126713
7.178430
7.198048
7.276997
7.295950
7.333973
7.370966
7.387136
7.398595
7.425935
7.617951
7.630558
7.642323
7.647417
7.726213
7.764962
7.774467
7.776495
7.794265
7.828685
7.860105
7.933440
7.991425
8.012986
8.036135
8.119371
8.203245
8.268489
8.275613
8.287811
8.302216
8.338842
8.434402
8.450346
8.465380
8.465828
8.473897
8.503604
8.616796
8.617583
8.687014
8.705076
8.721343
8.734349
8.789564
8.799910
8.832687
8.837159
8.869551
8.869589
8.904554
8.906922
8.924693
8.941182
8.966034
8.967185
8.974962
9.030738
9.048688
9.082130
9.102265
9.106792
9.145797
9.157574
9.158032
9.162025
9.177746
9.187477
9.208901
9.236087
9.248041
9.251812
9.253638
9.265588
9.280292
9.289087
9.294375
9.307605
9.312117
9.320033
9.323517
9.329250
9.329647
9.336843
9.350847
9.351731
9.366884
9.373142
9.390562
9.393032
9.405166
9.405778
9.423240
9.428690
9.431326
9.432292
9.442586
9.462466
9.463344
9.463716
9.468865
9.469928
9.470298
9.487051
9.490588
9.528842
9.546263
9.551630
9.573446
9.585728
9.590993
9.600231
9.605162
9.639874
9.647175
9.657531
9.696503
9.711361
9.716732
9.722276
9.735152
9.735592
9.739252
9.742580
9.743844
9.746513
9.752377
9.754766
9.760471
9.764796
9.772647
9.777910
9.789181
9.793689
9.810815
9.812110
9.814779
9.815863
9.818458
9.826162
9.829827
9.832539
9.834534
9.847022
9.853911
9.864643
9.877830
9.881029
9.883746
9.886393
9.888483
9.892927
9.914224
9.924516
9.926253
9.927699
9.930510
9.933545
9.935727
9.937156
9.941798
9.957545
9.988455
9.991233
9.996607
10.008029
10.008183
10.013294
10.013414
10.027426
10.032838
10.045280
10.048792
10.053460
10.056102
10.056170
10.065964
10.070137
10.074077
10.075212
10.078348
10.082920
10.084959
10.094206
10.094457
10.114688
10.114738
10.118950
10.121560
10.125158
10.132715
10.136218
10.140057
10.141656
10.142932
10.143113
10.143470
10.154522
10.155614
10.168205
10.168385
10.170391
10.189264
10.194959
10.199175
10.208810
10.209928
10.212410
10.214250
10.233213
10.234415
10.234671
10.234795
10.235817
10.242083
10.249157
10.251032
10.254785
10.262057
10.272950
10.276426
10.277455
10.283875
10.287063
10.292640
10.296503
10.297723
10.297986
10.299348
10.304736
10.305820
10.306462
10.307882
10.319693
10.321216
10.324330
10.326945
10.331749
10.333200
10.335340
10.340321
10.350312
10.350660
10.352763
10.355665
10.357844
10.360270
10.361891
10.362719
10.366064
10.366325
10.367009
10.367557
10.370184
10.373954
10.380764
10.383226
10.384891
10.386413
10.388794
10.393598
10.410232
10.411873
10.421598
10.421849
10.428805
10.429117
10.430328
10.432734
10.452854
10.459637
10.461101
10.467480
10.468097
10.469104
10.470463
10.471972
10.478271
10.492310
10.494925
10.511743
10.511903
10.512263
10.520624
10.521861
10.522333
10.524806
10.527171
10.533002
10.538552
10.539185
10.542276
10.542676
10.550934
10.555233
10.558331
10.558430
10.564421
10.567195
10.568305
10.570723
10.573586
10.576051
10.579807
10.599315
10.601257
10.606257
10.608195
10.608570
10.609711
10.611441
10.619860
10.621148
10.625054
10.626402
10.629687
10.630625
10.634027
10.634281
10.634732
10.636840
10.637021
10.639598
10.639683
10.643166
10.644335
10.653310
10.654589
10.655339
10.656743
10.657863
10.661025
10.668791
10.671025
10.672524
10.676167
10.690086
10.690937
10.691157
10.706217
10.707007
10.709425
10.714458
10.715141
10.719391
10.722439
10.722769
10.733022
10.736784
10.736844
10.738087
10.746042
10.746902
10.749566
10.756444
10.756678
10.756769
10.757090
10.757677
10.760165
10.761985
10.762629
10.765017
10.774254
10.776581
10.778342
10.779767
10.782047
10.782328
10.784277
10.788227
10.796380
10.797745
10.798472
10.801333
10.809835
10.810846
10.811290
10.812662
10.821834
10.829535
10.833734
10.836086
10.836274
10.837454
10.845071
10.860777
10.862929
10.864023
10.864182
10.864361
10.866147
10.868785
10.871733
10.877027
10.877399
10.888606
10.890594
10.893500
10.895373
10.897430
10.906077
10.907240
10.908874
10.910645
10.911916
10.912661
10.916747
10.920588
10.927719
10.930178
10.937320
10.938841
10.939524
10.940290
10.940526
10.940596
10.942591
10.955893
10.969898
10.976875
10.981889
10.987988
10.990211
10.991091
10.998082
10.999931
11.001173
11.003042
11.005693
11.006537
11.007321
11.010648
11.010889
11.016232
11.016593
11.020451
11.026267
11.029376
11.030653
11.031334
11.037845
11.040914
11.043204
11.049206
11.050712
11.062999
11.064177
11.064691
11.065188
11.090497
11.090593
11.097179
11.097948
11.108722
11.113153
11.113873
11.119187
11.132904
11.134563
11.138610
11.141780
11.144112
11.144906
11.145523
11.148069
11.159544
11.161741
11.164168
11.165440
11.166440
11.167276
11.169717
11.172258
11.176744
11.183212
11.186122
11.186771
11.191626
11.198058
11.199883
11.203286
11.204768
11.205006
11.212080
11.214312
11.217152
11.218257
11.219570
11.225900
11.226176
11.226212
11.232111
11.234492
11.235513
11.239460
11.239659
11.242398
11.245512
11.246449
11.248212
11.248604
11.248727
11.248855
11.248915
11.250415
11.252595
11.254216
11.255207
11.264421
11.267150
11.269553
11.269998
11.273432
11.274879
11.280125
11.280301
11.281263
11.283126
11.284500
11.285115
11.285402
11.286225
11.286755
11.287339
11.288010
11.288148
11.292102
11.295335
11.296947
11.297424
11.298058
11.300045
11.300336
11.300802
11.303238
11.303836
11.305012
11.308119
11.314861
11.316423
11.316663
11.318918
11.321130
11.325794
11.326390
11.327884
11.331839
11.332269
11.332382
11.333270
11.336705
11.337279
11.341589
11.341613
11.342875
11.343072
11.344952
11.346657
11.349627
11.351793
11.353072
11.353244
11.353402
11.358597
11.359291
11.363041
11.364192
11.366365
11.366635
11.367596
11.368989
11.374769
11.376963
11.378139
11.379207
11.379395
11.379615
11.383759
11.389704
11.392151
11.394615
11.395807
11.396219
11.398642
11.400003
11.402223
11.402826
11.403078
11.403748
11.405931
11.407189
11.415137
11.417239
11.418921
11.419319
11.427718
11.430213
11.432330
11.432766
11.433567
11.435049
11.436942
11.437086
11.438219
11.438273
11.439422
11.439530
11.445643
11.447821
11.455005
11.455959
11.456635
11.457726
11.458526
11.458968
11.459006
11.459017
11.459624
11.461670
11.462212
11.463125
11.463257
11.464817
11.468311
11.468737
11.469022
11.470129
11.471479
11.471680
11.473590
11.476841
11.480665
11.480819
11.481214
11.482407
11.483938
11.485138
11.485643
11.488219
11.488793
11.489396
11.490569
11.493073
11.498489
11.499206
11.499534
11.499566
11.502546
11.504563
11.505242
11.506557
11.507755
11.508642
11.509546
11.510363
11.512214
11.512725
11.513610
11.515037
11.518029
11.519758
11.519860
11.519979
11.520767
11.520894
11.521798
11.524451
11.525661
11.526096
11.526303
11.529247
11.529281
11.529993
11.530209
11.533108
11.533827
11.536381
11.537417
11.537663
11.540850
11.541305
11.541717
11.543625
11.544308
11.545585
11.547539
11.549133
11.549182
11.552063
11.552752
11.554839
11.555210
11.555423
11.557174
11.557427
11.561180
11.561310
11.563137
11.564956
11.565142
11.565477
11.577627
11.578207
11.579397
11.580698
11.584217
11.585492
11.586142
11.586563
11.586975
11.588229
11.589143
11.589173
11.589774
11.598891
11.600556
11.601407
11.602963
11.606954
11.607975
11.608212
11.608655
11.610289
11.610485
11.613488
11.613651
11.614104
11.616132
11.616375
11.619880
11.621234
11.621486
11.622226
11.628148
11.629636
11.629869
11.629873
11.632558
11.634425
11.634532
11.639341
11.641452
11.642662
11.646988
11.649217
11.650591
11.650695
11.651263
11.652428
11.652970
11.654938
11.657147
11.661836
11.664499
11.665427
11.667008
11.667984
11.668234
11.668831
11.670685
11.671956
11.672341
11.672398
11.675001
11.676363
11.678494
11.679019
11.685676
11.686749
11.687931
11.690317
11.690339
11.691771
11.693676
11.694415
11.694633
11.694819
11.695432
11.695981
11.697287
11.698846
11.698959
11.701835
11.701857
11.702215
11.702746
11.703764
11.704246
11.704418
11.705865
11.707071
11.713424
11.713556
11.713881
11.716285
11.717273
11.717913
11.718968
11.719934
11.720369
11.722177
11.725153
11.725621
11.725822
11.725945
11.726710
11.727214
11.727993
11.729856
11.730847
11.739626
11.743126
11.744227
11.745055
11.745502
11.748249
11.750306
11.751591
11.753004
11.754259
11.754517
11.757868
11.758204
11.758673
11.761461
11.764284
11.766931
11.769182
11.770971
11.771448
11.772552
11.773197
11.774229
11.774530
11.775331
11.776280
11.777095
11.778632
11.779678
11.780192
11.780709
11.781092
11.783303
11.783468
11.784941
11.785919
11.787504
11.788613
11.789964
11.790075
11.790809
11.791369
11.793550
11.796628
11.796682
11.797519
11.798408
11.800570
11.802057
11.804602
11.805903
11.806000
11.807428
11.807833
11.808115
11.809166
11.811749
11.812388
11.813027
11.814425
11.814694
11.816136
11.819691
11.821343
11.822563
11.823099
11.823905
11.824746
11.825150
11.828735
11.829312
11.829566
11.830547
11.832110
11.832639
11.832838
11.838384
11.839845
11.839968
11.840717
11.841847
11.844641
11.846900
11.848603
11.849697
11.850498
11.851440
11.854273
11.854792
11.855689
11.856002
11.859587
11.860077
11.860165
11.862361
11.862770
11.862830
11.862894
11.863687
11.864594
11.865110
11.865412
11.866774
11.868914
11.869735
11.870537
11.870977
11.871531
11.872214
11.872263
11.875090
11.878008
11.878950
11.882524
11.883582
11.884468
11.884514
11.884606
11.884820
11.885238
11.885580
11.886186
11.887471
11.888536
11.891855
11.892012
11.893970
11.894583
11.895521
11.897755
11.898465
11.899925
11.900532
11.901749
11.901960
11.902334
11.903407
11.904468
11.904715
11.905027
11.911481
11.912856
11.914260
11.915777
11.915840
11.916876
11.918547
11.920025
11.920916
11.922251
11.923630
11.923969
11.924403
11.924706
11.924800
11.924907
11.926406
11.927822
11.928424
11.928792
11.935867
11.936136
11.936329
11.936508
11.936704
11.936852
11.937655
11.939909
11.940019
11.942586
11.943498
11.944757
11.944791
11.945532
11.946085
11.946114
11.946134
11.948909
11.949444
11.949653
11.954495
11.956668
11.956922
11.957385
11.958532
11.960305
11.960971
11.963751
11.966127
11.966363
11.966496
11.966721
11.966977
11.967978
11.969687
11.971064
11.971612
11.973280
11.978745
11.980562
11.981017
11.984061
11.984747
11.985398
11.985737
11.986590
11.987436
11.987962
11.991434
11.994096
11.994549
11.996158
11.999549
12.000267
12.001115
12.002773
12.005002
12.006173
12.006283
12.007012
12.008238
12.008314
12.010739
12.011081
12.011799
12.011911
12.012033
12.013018
12.013357
12.013560
12.013618
12.014574
12.018332
12.018408
12.018528
12.019242
12.019930
12.020657
12.022415
12.023466
12.024100
12.024637
12.026906
12.027288
12.027772
12.027785
12.028367
12.028475
12.028553
12.030576
12.032916
12.033091
12.034457
12.035417
12.035740
12.037709
12.039389
12.040064
12.041248
12.041903
12.042880
12.043744
12.043768
12.047602
12.049451
12.050172
12.051080
12.051892
12.052313
12.053901
12.056167
12.060604
12.062820
12.063378
12.063438
12.067735
12.068378
12.069043
12.069815
12.070028
12.071962
12.072866
12.073015
12.073462
12.073712
12.074513
12.074831
12.077259
12.077951
12.078339
12.080145
12.080843
12.081673
12.082403
12.082911
12.084822
12.086956
12.087127
12.087428
12.087753
12.088478
12.088487
12.088939
12.090058
12.090506
12.090639
12.090947
12.091561
12.091951
12.093469
12.094185
12.095091
12.095511
12.096835
12.097693
12.098294
12.099349
12.099431
12.102597
12.103306
12.103527
12.106568
12.107023
12.109979
12.110066
12.111373
12.111697
12.112414
12.114061
12.115696
12.117440
12.118040
12.118173
12.118505
12.119926
12.120296
12.120442
12.125776
12.128380
12.129045
12.130560
12.131074
12.131184
12.134366
12.135761
12.136204
12.136650
12.138023
12.139168
12.139860
12.141335
12.144289
12.144414
12.144915
12.145028
12.145319
12.145621
12.147069
12.147833
12.148987
12.150888
12.152637
12.153541
12.154104
12.154132
12.155409
12.156495
12.156844
12.158242
12.158792
12.161233
12.162387
12.162856
12.163490
12.165380
12.167472
12.168464
12.169984
12.170009
12.170039
12.170070
12.170165
12.171755
12.173271
12.174323
12.177279
12.180801
12.181684
12.183228
12.183278
12.186974
12.188603
12.189006
12.189389
12.189617
12.189930
12.191736
12.192053
12.193892
12.193908
12.194633
12.195718
12.196160
12.199084
12.199862
12.200427
12.200728
12.201622
12.201824
12.205181
12.206120
12.208061
12.215488
12.215507
12.216068
12.216376
12.217239
12.219246
12.221375
12.221425
12.222143
12.223536
12.224012
12.225117
12.225195
12.225749
12.228200
12.228658
12.229074
12.231536
12.233035
12.233238
12.236477
12.238942
12.239015
12.239255
12.239315
12.239552
12.239676
12.242743
12.243213
12.245416
12.245659
12.246607
12.247437
12.248957
12.252254
12.254909
12.254978
12.255104
12.255765
12.256840
12.257880
12.258321
12.258926
12.259469
12.260023
12.260221
12.260461
12.261449
12.261871
12.262035
12.263101
12.263749
12.264300
12.265074
12.266893
12.267540
12.267934
12.269011
12.269526
12.272979
12.274877
12.276619
12.277115
12.277148
12.278186
12.278460
12.279460
12.279896
12.279962
12.280435
12.281000
12.281203
12.282522
12.283313
12.283494
12.284870
12.285085
12.285256
12.285732
12.286222
12.287744
12.288529
12.288729
12.289656
12.290580
12.290835
12.291679
12.291929
12.292412
12.293775
12.293890
12.294097
12.295987
12.297016
12.297243
12.297325
12.298215
12.299206
12.300466
12.300960
12.302746
12.304290
12.307358
12.308629
12.308718
12.309237
12.310256
12.310630
12.312184
12.312889
12.313675
12.314157
12.314537
12.314667
12.315374
12.316299
12.316522
12.318419
12.318598
12.318718
12.319106
12.319338
12.319659
12.319769
12.319992
12.323170
12.325110
12.325182
12.325664
12.326393
12.328459
12.331545
12.331781
12.332266
12.332302
12.332719
12.332862
12.333714
12.334081
12.334384
12.335319
12.335728
12.335867
12.337613
12.337868
12.338820
12.339340
12.341851
12.341852
12.342566
12.342670
12.343683
12.345112
12.345778
12.345971
12.346792
12.346925
12.347219
12.348250
12.348289
12.348859
12.349068
12.351136
12.351750
12.351835
12.353114
12.353687
12.354167
12.354964
12.355004
12.355164
12.356967
12.357316
12.357406
12.357559
12.357561
12.359004
12.359941
12.360205
12.362455
12.364244
12.364696
12.365052
12.365464
12.365731
12.366168
12.367210
12.367596
12.368303
12.370481
12.370688
12.373960
12.374166
12.374997
12.375319
12.375607
12.376210
12.376542
12.378039
12.378724
12.378939
12.379711
12.379961
12.380035
12.380500
12.382640
12.383274
12.383752
12.384072
12.384919
12.385621
12.388060
12.389746
12.390592
12.392059
12.392083
12.392299
12.394628
12.395334
12.395660
12.395766
12.396175
12.397487
12.397809
12.398867
12.399736
12.400652
12.401696
12.402239
12.403589
12.404181
12.404922
12.405425
12.405591
12.406024
12.406193
12.407150
12.408205
12.408576
12.409440
12.411914
12.412104
12.416001
12.416365
12.416801
12.417105
12.417116
12.417787
12.417952
12.417990
12.418438
12.418893
12.419712
12.420330
12.420995
12.421657
12.422352
12.422487
12.422689
12.424015
12.425342
12.425591
12.428702
12.428909
12.429788
12.430109
12.430129
12.431369
12.432172
12.432447
12.434180
12.437006
12.437551
12.438032
12.440549
12.441002
12.441475
12.441813
12.442912
12.444777
12.447897
12.448567
12.448945
12.449391
12.449475
12.449535
12.450089
12.450282
12.451756
12.453306
12.453714
12.454803
12.456698
12.457239
12.457477
12.457664
12.459687
12.461103
12.461342
12.461872
12.461923
12.462229
12.462483
12.462527
12.462580
12.463266
12.463917
12.465068
12.465374
12.465668
12.465685
12.466179
12.467521
12.469217
12.470665
12.472164
12.472184
12.472251
12.473192
12.473248
12.474047
12.474110
12.474871
12.475991
12.476984
12.477819
12.478441
12.479505
12.480031
12.480484
12.481648
12.481842
12.481978
12.482360
12.482911
12.483020
12.483059
12.483957
12.484166
12.484244
12.484473
12.485084
12.485895
12.485909
12.486217
12.486527
12.487464
12.487686
12.488465
12.488509
12.488960
12.489518
12.490193
12.492292
12.492767
12.493281
12.493496
12.493989
12.494038
12.494325
12.494576
12.495251
12.496631
12.496755
12.497716
12.497951
12.498557
12.499199
12.499354
12.499506
12.499804
12.500030
12.501296
12.501994
12.502652
12.504597
12.506737
12.506792
12.506969
12.508127
12.509037
12.509084
12.509298
12.509336
12.509744
12.510009
12.510261
12.510714
12.513851
12.514818
12.514864
12.515429
12.515460
12.516104
12.519507
12.519828
12.520164
12.520438
12.520600
12.520822
12.521514
12.521522
12.522662
12.523849
12.524562
12.524700
12.524804
12.525854
12.525921
12.526635
12.527181
12.527461
12.531365
12.531973
12.532454
12.533402
12.533715
12.534185
12.534352
12.534490
12.534615
12.535124
12.535787
12.536953
12.537429
12.538056
12.539154
12.539597
12.539853
12.540313
12.540358
12.541568
12.542304
12.542305
12.542431
12.543809
12.543853
12.545498
12.545729
12.546932
12.547276
12.547454
12.548777
12.548904
12.549009
12.550426
12.550621
12.551663
12.553048
12.553312
12.554459
12.555808
12.555861
12.555931
12.557181
12.557482
12.557726
12.559172
12.559561
12.560300
12.560990
12.561015
12.562463
12.564308
12.564421
12.564487
12.564741
12.565557
12.565741
12.565787
12.566399
12.566493
12.567490
12.568715
12.568723
12.569030
12.569247
12.569254
12.569489
12.569531
12.570738
12.570825
12.571303
12.571519
12.572945
12.575101
12.576272
12.576324
12.576370
12.576806
12.576945
12.577245
12.577314
12.577332
12.578162
12.578891
12.580774
12.580990
12.581046
12.583160
12.585806
12.586040
12.586818
12.588087
12.589222
12.590707
12.590767
12.591703
12.592417
12.592720
12.592850
12.592985
12.593525
12.593911
12.594394
12.594686
12.594810
12.594872
12.594874
12.594985
12.595218
12.595316
12.595732
12.596221
12.597230
12.598463
12.598484
12.598747
12.598789
12.600146
12.600220
12.601667
12.602417
12.603718
12.604481
12.605737
12.605938
12.606422
12.607102
12.607292
12.608671
12.609087
12.609419
12.609802
12.610227
12.610559
12.610766
12.611029
12.611115
12.611284
12.613055
12.613269
12.614506
12.614606
12.615521
12.616380
12.616472
12.616588
12.617103
12.617517
12.617728
12.618854
12.619565
12.619650
12.619970
12.620573
12.621649
12.622215
12.622546
12.623027
12.623442
12.623474
12.624241
12.624671
12.624890
12.625241
12.625327
12.626183
12.626818
12.627047
12.627218
12.627575
12.627866
12.629321
12.630646
12.632057
12.632065
12.633993
12.634149
12.634654
12.634821
12.635905
12.636315
12.636778
12.637620
12.639346
12.639530
12.639951
12.640478
12.640559
12.640750
12.642447
12.644211
12.645432
12.647607
12.648910
12.649158
12.649413
12.650209
12.651681
12.651792
12.651801
12.652655
12.653040
12.653172
12.654918
12.655398
12.655590
12.655667
12.655772
12.656136
12.656412
12.656434
12.656475
12.656593
12.656841
12.658555
12.660244
12.661088
12.661548
12.662076
12.662558
12.662650
12.663921
12.664138
12.664745
12.664811
12.666197
12.666703
12.667441
12.668371
12.668478
12.669258
12.670988
12.671193
12.672180
12.672474
12.673282
12.673367
12.674060
12.674508
12.674882
12.674999
12.677258
12.678010
12.679443
12.679891
12.680719
12.681408
12.681955
12.682263
12.682593
12.683327
12.685142
12.686186
12.686853
12.687874
12.690103
12.691148
12.692454
12.692693
12.692783
12.693420
12.693832
12.694103
12.694663
12.694836
12.695529
12.697031
12.697141
12.697513
12.697721
12.701915
12.702395
12.702397
12.702973
12.703504
12.704273
12.704547
12.705396
12.705746
12.706215
12.706676
12.706676
12.708091
12.708839
12.709578
12.709770
12.710517
12.710536
12.711431
12.712121
12.712181
12.712299
12.712990
12.713990
12.714336
12.715276
12.715489
12.715695
12.716429
12.718135
12.718152
12.718609
12.719699
12.719929
12.720441
12.722338
12.722842
12.723010
12.723925
12.724280
12.724456
12.725913
12.726977
12.727695
12.729733
12.730418
12.730915
12.731796
12.732126
12.732665
12.733191
12.733367
12.733695
12.733884
12.734473
12.734796
12.734913
12.735366
12.735701
12.735810
12.735969
12.736689
12.737644
12.737689
12.737789
12.738208
12.738974
12.739800
12.740845
12.741645
12.741789
12.744161
12.744493
12.744902
12.745133
12.745416
12.746037
12.746387
12.746910
12.747396
12.749061
12.749219
12.749693
12.749826
12.750936
12.751766
12.753149
12.753877
12.753983
12.754357
12.754799
12.754889
12.754966
12.756520
12.757032
12.757582
12.757871
12.758566
12.759732
12.760433
12.760650
12.760881
12.761685
12.761703
12.763092
12.763346
12.763647
12.764978
12.765325
12.765388
12.765800
12.766237
12.766471
12.766716
12.767698
12.768188
12.768193
12.768481
12.768623
12.769075
12.770390
12.770439
12.770830
12.771037
12.771330
12.771533
12.772409
12.772623
12.773372
12.773638
12.773987
12.774815
12.775147
12.775150
12.775159
12.775339
12.776193
12.777021
12.777843
12.778196
12.778762
12.779333
12.779447
12.779853
12.780083
12.780745
12.780804
12.782552
12.782685
12.782803
12.782881
12.783284
12.783726
12.784908
12.785047
12.785056
12.785756
12.785788
12.786986
12.787640
12.788457
12.788554
12.788557
12.789389
12.789443
12.789473
12.789561
12.790673
12.790680
12.790715
12.792570
12.792737
12.792874
12.793058
12.793745
12.794575
12.794672
12.795523
12.795776
12.795995
12.796368
12.797044
12.797686
12.798626
12.799290
12.799364
12.799439
12.799460
12.800076
12.800221
12.801140
12.801455
12.801790
12.802710
12.802988
12.804038
12.805293
12.805956
12.807034
12.807630
12.807914
12.808074
12.809455
12.809462
12.810533
12.810621
12.811440
12.812014
12.812461
12.813023
12.813172
12.813286
12.814271
12.814568
12.815106
12.815183
12.815749
12.816772
12.817162
12.818364
12.818625
12.818647
12.819388
12.819593
12.819638
12.819725
12.819749
12.819966
12.820453
12.821606
12.822419
12.824862
12.825111
12.826521
12.826633
12.826762
12.827415
12.827582
12.827747
12.827861
12.828166
12.828469
12.828663
12.828670
12.830324
12.832198
12.833270
12.834291
12.834496
12.834730
12.836134
12.836658
12.837485
12.838609
12.839397
12.839607
12.840309
12.840735
12.841114
12.842583
12.842704
12.842914
12.843097
12.843156
12.843605
12.843750
12.843766
12.843803
12.844298
12.844838
12.846077
12.846563
12.847326
12.847635
12.848855
12.848957
12.850951
12.851952
12.852472
12.852754
12.853024
12.853706
12.854372
12.854670
12.854811
12.855206
12.855325
12.855780
12.855836
12.856840
12.857100
12.857210
12.857597
12.860670
12.861190
12.861362
12.861519
12.862383
12.862630
12.864804
12.866001
12.867126
12.867801
12.867842
12.868140
12.868242
12.869962
12.870391
12.871532
12.871562
12.871940
12.872244
12.872557
12.873652
12.873678
12.874496
12.875717
12.876752
12.877436
12.877740
12.878420
12.878636
12.879026
12.879204
12.879568
12.879642
12.879733
12.880212
12.881951
12.882006
12.882141
12.882464
12.882610
12.882616
12.882844
12.884038
12.884157
12.884182
12.885134
12.885233
12.885356
12.885720
12.885869
12.885996
12.886043
12.886388
12.886874
12.887108
12.887777
12.887835
12.888212
12.888358
12.888688
12.888728
12.889868
12.889894
12.890533
12.891380
12.892078
12.892094
12.892537
12.892674
12.892866
12.893719
12.893775
12.893904
12.894020
12.894410
12.895624
12.895738
12.895951
12.895967
12.896014
12.897873
12.897922
12.898070
12.898292
12.899372
12.899438
12.899698
12.899765
12.900648
12.900929
12.901539
12.902376
12.902390
12.902408
12.902978
12.904656
12.905169
12.907034
12.908083
12.908086
12.908415
12.910321
12.910442
12.911787
12.913469
12.913500
12.913968
12.914460
12.914474
12.914980
12.915273
12.916310
12.916364
12.917097
12.918882
12.919969
12.920059
12.920399
12.922368
12.922655
12.923087
12.924438
12.924758
12.925790
12.926471
12.926920
12.927080
12.927399
12.927566
12.929329
12.929775
12.931739
12.932062
12.932764
12.932815
12.933066
12.933746
12.934420
12.934813
12.935752
12.936172
12.936623
12.936806
12.937092
12.937175
12.937672
12.937682
12.937690
12.939568
12.940021
12.940985
12.942199
12.942243
12.942382
12.943303
12.943579
12.943935
12.943938
12.944860
12.945741
12.946034
12.946192
12.946433
12.946704
12.946877
12.947311
12.947495
12.947636
12.947670
12.947911
12.948263
12.948348
12.948852
12.949195
12.950275
12.950653
12.951236
12.951537
12.951591
12.953325
12.954032
12.954438
12.955343
12.955482
12.955644
12.955787
12.956096
12.956141
12.956269
12.956515
12.956645
12.957279
12.957377
12.957982
12.958149
12.958677
12.958908
12.959570
12.961625
12.961761
12.962234
12.962244
12.962528
12.963657
12.963917
12.964061
12.965062
12.965104
12.965592
12.966475
12.967741
12.968073
12.969975
12.970180
12.970207
12.970265
12.970902
12.971191
12.971563
12.971867
12.972110
12.972227
12.972376
12.973106
12.973229
12.973784
12.973902
12.974065
12.975274
12.975764
12.976301
12.976562
12.978450
12.978767
12.980044
12.980340
12.980847
12.981388
12.982244
12.982571
12.982800
12.982863
12.983433
12.983585
12.983743
12.983757
12.984029
12.984070
12.984486
12.984735
12.987055
12.987566
12.988298
12.988353
12.988494
12.989211
12.990193
12.990211
12.991730
12.992917
12.993692
12.993694
12.993934
12.994065
12.994371
12.994703
12.994783
12.994893
12.994941
12.995113
12.995184
12.995234
12.995476
12.996119
12.996400
12.996946
12.998285
12.998702
13.000211
13.000900
13.001713
13.002155
13.002185
13.002509
13.002780
13.003118
13.003784
13.004109
13.005427
13.005804
13.005910
13.005936
13.006255
13.006534
13.007010
13.008274
13.009404
13.010294
13.010348
13.010540
13.010847
13.011316
13.011748
13.012303
13.013018
13.013233
13.013558
13.013723
13.013999
13.014038
13.014632
13.014644
13.014974
13.015283
13.015873
13.016075
13.016253
13.016828
13.016942
13.018029
13.019071
13.019412
13.019698
13.020083
13.020905
13.020947
13.020951
13.021772
13.022533
13.022816
13.023601
13.023690
13.025770
13.026225
13.026924
13.027055
13.027199
13.027259
13.028020
13.028404
13.028435
13.028865
13.028966
13.029187
13.029413
13.030524
13.031068
13.033078
13.033417
13.033776
13.033971
13.034471
13.034735
13.035000
13.035325
13.035455
13.035625
13.035682
13.036179
13.036340
13.036863
13.039245
13.039660
13.039845
13.040543
13.040965
13.042197
13.042569
13.043170
13.043185
13.044219
13.045395
13.045464
13.047137
13.047562
13.047645
13.047746
13.047763
13.048102
13.048159
13.048359
13.049112
13.049217
13.049704
13.049741
13.050979
13.051701
13.051840
13.052092
13.053146
13.053396
13.053430
13.054593
13.054738
13.054832
13.055146
13.055218
13.057771
13.058304
13.058589
13.059582
13.059638
13.060645
13.060747
13.060893
13.062399
13.064031
13.065064
13.065284
13.065682
13.066504
13.066554
13.067495
13.067910
13.068478
13.068748
13.068911
13.069303
13.069882
13.070891
13.074719
13.074847
13.074857
13.074859
13.075808
13.075999
13.076666
13.077153
13.077306
13.077364
13.077688
13.078098
13.078336
13.078990
13.079214
13.079685
13.081214
13.081258
13.081263
13.084449
13.084769
13.086361
13.086417
13.086556
13.087375
13.088551
13.088805
13.089512
13.089609
13.089787
13.090133
13.090704
13.091687
13.091944
13.092360
13.092440
13.092772
13.093036
13.093596
13.093990
13.094499
13.094557
13.095441
13.095798
13.095935
13.096555
13.097211
13.097589
13.097955
13.098285
13.100838
13.101310
13.101741
13.102567
13.102769
13.102867
13.104459
13.104910
13.105169
13.107196
13.107266
13.107997
13.108965
13.109509
13.110203
13.111664
13.112856
13.113124
13.113481
13.114624
13.114834
13.114843
13.115544
13.115577
13.117088
13.117951
13.118612
13.119253
13.119414
13.119992
13.121043
13.121712
13.122945
13.123353
13.123405
13.124079
13.124401
13.124638
13.125424
13.125828
13.126986
13.127570
13.128411
13.128469
13.128564
13.128931
13.129265
13.129404
13.130406
13.130620
13.130756
13.131047
13.131713
13.132136
13.132149
13.132711
13.132725
13.133854
13.134159
13.134977
13.135854
13.136704
13.137712
13.137907
13.140145
13.141254
13.141969
13.142183
13.143168
13.143370
13.143891
13.144014
13.144301
13.144680
13.144767
13.145201
13.145692
13.146148
13.146286
13.146395
13.146780
13.146975
13.147005
13.147044
13.147735
13.148053
13.148808
13.149848
13.150228
13.150788
13.152799
13.153215
13.153798
13.154073
13.154127
13.154651
13.155107
13.157660
13.158062
13.158350
13.158566
13.159510
13.160452
13.160756
13.160813
13.161157
13.161529
13.162294
13.162445
13.162467
13.162495
13.162632
13.162713
13.163670
13.163877
13.165173
13.165377
13.165779
13.166022
13.166135
13.166293
13.166636
13.167050
13.168149
13.168315
13.168543
13.168702
13.168920
13.169205
13.169658
13.172325
13.173432
13.173435
13.173758
13.174081
13.174816
13.174913
13.175516
13.176198
13.176285
13.176412
13.176489
13.176753
13.176903
13.176951
13.178493
13.178600
13.179295
13.179378
13.179931
13.180407
13.180533
13.180815
13.181650
13.181833
13.182404
13.183754
13.183999
13.184361
13.184819
13.185317
13.185829
13.186341
13.186458
13.187058
13.188200
13.189319
13.189358
13.190012
13.190256
13.191356
13.191950
13.191990
13.192729
13.192892
13.193189
13.194137
13.194613
13.194758
13.194942
13.194954
13.195944
13.197030
13.197690
13.198012
13.198080
13.198362
13.198891
13.198986
13.199903
13.200973
13.201725
13.203211
13.203455
13.204030
13.204035
13.204702
13.204735
13.205341
13.206052
13.206424
13.206784
13.207350
13.207581
13.207881
13.208255
13.209197
13.209869
13.209949
13.209970
13.210002
13.210242
13.211080
13.211161
13.212090
13.212185
13.212847
13.213620
13.215295
13.215327
13.215482
13.216697
13.217338
13.218923
13.218990
13.219058
13.219500
13.219921
13.220555
13.220714
13.221395
13.222154
13.222736
13.223003
13.223249
13.223354
13.223507
13.223834
13.224346
13.224531
13.224533
13.226477
13.226621
13.227094
13.227448
13.227532
13.228121
13.228143
13.228333
13.228807
13.229071
13.229441
13.230103
13.230314
13.230486
13.231329
13.231637
13.231755
13.232044
13.232753
13.232761
13.232929
13.232940
13.233555
13.233778
13.233861
13.235043
13.236110
13.236809
13.236928
13.237341
13.237972
13.238159
13.238353
13.238712
13.239628
13.239731
13.240297
13.240548
13.240883
13.240899
13.241173
13.242024
13.242210
13.242509
13.242607
13.243180
13.243812
13.243853
13.244286
13.244902
13.245164
13.247537
13.247703
13.247742
13.248686
13.249467
13.250100
13.250198
13.250226
13.250458
13.251233
13.251740
13.252123
13.252462
13.252664
13.252930
13.253209
13.253388
13.253760
13.253771
13.253963
13.254197
13.254917
13.255569
13.255764
13.257124
13.257581
13.257684
13.260381
13.261676
13.262837
13.262899
13.263173
13.263316
13.263705
13.264451
13.264790
13.264963
13.265140
13.265154
13.265303
13.265582
13.265972
13.266225
13.266266
13.266445
13.266908
13.267016
13.268202
13.268488
13.268568
13.269441
13.269525
13.269583
13.269642
13.269918
13.269968
13.270209
13.271991
13.272186
13.273597
13.273726
13.274460
13.275467
13.275862
13.275938
13.276082
13.276578
13.278261
13.279079
13.279493
13.279815
13.280248
13.280820
13.281648
13.281793
13.282365
13.282433
13.282695
13.283328
13.284084
13.284772
13.285192
13.286337
13.286731
13.287437
13.288347
13.288655
13.288703
13.288837
13.289718
13.290300
13.291147
13.291393
13.291459
13.291906
13.292292
13.293609
13.293754
13.294413
13.294587
13.295046
13.295241
13.295368
13.295821
13.298224
13.298663
13.299217
13.299265
13.299522
13.299613
13.300646
13.300958
13.301495
13.301613
13.303372
13.303699
13.304702
13.304729
13.305738
13.305842
13.305983
13.306245
13.306551
13.306693
13.307015
13.308090
13.308312
13.308702
13.308901
13.309652
13.309668
13.310154
13.311065
13.311128
13.311233
13.311409
13.311864
13.312227
13.312265
13.312951
13.313087
13.313910
13.313973
13.314079
13.314093
13.314283
13.315573
13.315734
13.315949
13.316504
13.316968
13.317247
13.317471
13.317971
13.319055
13.320459
13.320468
13.320947
13.321267
13.321931
13.322235
13.322388
13.322766
13.322977
13.323019
13.324111
13.324599
13.324777
13.325180
13.327209
13.327803
13.328336
13.328377
13.328798
13.328853
13.328964
13.330149
13.330212
13.330269
13.331546
13.332297
13.332964
13.333557
13.334249
13.334352
13.334601
13.335203
13.335290
13.335438
13.337045
13.337427
13.337621
13.338265
13.339135
13.339328
13.339578
13.339720
13.340479
13.340761
13.341518
13.341727
13.342065
13.343597
13.344457
13.344722
13.344849
13.345113
13.345493
13.345608
13.345912
13.345922
13.345929
13.346144
13.346236
13.346427
13.346613
13.346629
13.347119
13.347254
13.347361
13.347483
13.347516
13.347809
13.347819
13.348022
13.348553
13.348557
13.348907
13.351320
13.352791
13.353045
13.353384
13.353593
13.353709
13.354053
13.354279
13.354469
13.354637
13.354693
13.354835
13.355588
13.355626
13.356157
13.356818
13.357289
13.357989
13.358353
13.358622
13.358974
13.359830
13.360147
13.360576
13.361320
13.361475
13.363484
13.363893
13.364420
13.364676
13.364890
13.366042
13.366949
13.367042
13.367651
13.367976
13.368035
13.368258
13.368360
13.368382
13.368394
13.368755
13.368895
13.369040
13.369180
13.369229
13.369323
13.370747
13.370831
13.370977
13.371107
13.371190
13.371240
13.371269
13.371519
13.371765
13.372282
13.373035
13.373039
13.374081
13.374178
13.374234
13.374941
13.375003
13.375091
13.375137
13.375170
13.375723
13.375800
13.376090
13.376329
13.376707
13.376882
13.377419
13.377817
13.378427
13.378604
13.378801
13.379002
13.379182
13.379558
13.379902
13.381425
13.382013
13.383055
13.385831
13.387877
13.389336
13.389520
13.389733
13.389806
13.389841
13.389868
13.390357
13.390697
13.391364
13.392592
13.392831
13.393859
13.395377
13.395559
13.395672
13.396409
13.396469
13.396992
13.397104
13.397691
13.397935
13.398303
13.399280
13.399726
13.399735
13.399967
13.400617
13.400624
13.401139
13.401273
13.401566
13.402297
13.402634
13.402770
13.402815
13.403215
13.403451
13.403484
13.404241
13.404429
13.405418
13.405674
13.406058
13.406643
13.406740
13.406964
13.407247
13.407450
13.408018
13.408042
13.408430
13.408664
13.410417
13.411730
13.411877
13.412851
13.413244
13.413367
13.413478
13.414130
13.415122
13.415203
13.415639
13.416137
13.416306
13.416796
13.417111
13.417609
13.417619
13.418316
13.418577
13.419111
13.419230
13.420316
13.421220
13.421848
13.422051
13.423448
13.423698
13.423810
13.423974
13.424152
13.424531
13.424611
13.425148
13.425625
13.425837
13.426001
13.426419
13.426435
13.427301
13.427567
13.427604
13.428159
13.428656
13.429115
13.429232
13.429292
13.430670
13.430681
13.432343
13.432768
13.432915
13.433901
13.434063
13.434340
13.435857
13.437082
13.437899
13.438752
13.439348
13.439422
13.439817
13.441016
13.441257
13.441999
13.442178
13.442747
13.443094
13.443688
13.444160
13.444368
13.444406
13.445854
13.445859
13.446045
13.446115
13.446219
13.446249
13.446362
13.446456
13.446521
13.446982
13.446988
13.447021
13.447232
13.447404
13.448901
13.449990
13.450048
13.450283
13.450683
13.450684
13.451178
13.451290
13.451611
13.451650
13.451867
13.452530
13.452654
13.452917
13.453460
13.453524
13.453637
13.454274
13.454591
13.455298
13.455467
13.455919
13.456285
13.456367
13.456542
13.456654
13.456687
13.456878
13.457563
13.459043
13.459348
13.459766
13.459890
13.460835
13.461008
13.461446
13.462236
13.462324
13.462730
13.462926
13.463643
13.463960
13.464557
13.464857
13.465080
13.465601
13.466082
13.467056
13.467160
13.467308
13.467677
13.469470
13.471407
13.471564
13.471633
13.471656
13.471926
13.471944
13.472384
13.472733
13.473765
13.473989
13.474340
13.474720
13.474903
13.476125
13.476357
13.476854
13.477305
13.477802
13.479230
13.479474
13.479632
13.480511
13.481441
13.481453
13.481493
13.481578
13.481660
13.481857
13.482697
13.482755
13.483779
13.484062
13.485632
13.485664
13.485675
13.485980
13.487083
13.487874
13.488191
13.488594
13.489014
13.489557
13.489639
13.489919
13.490395
13.490600
13.491650
13.492054
13.492629
13.492876
13.492908
13.493620
13.495316
13.495376
13.495454
13.495490
13.495492
13.496095
13.497068
13.497190
13.497341
13.497934
13.498443
13.498841
13.499193
13.499537
13.499652
13.501754
13.501885
13.503485
13.503643
13.505372
13.506419
13.507764
13.508238
13.508424
13.508855
13.508912
13.508988
13.509318
13.510116
13.510211
13.511110
13.511207
13.511376
13.511759
13.512530
13.512992
13.513171
13.513705
13.514594
13.514841
13.515095
13.515361
13.515725
13.516217
13.516351
13.516418
13.517456
13.517538
13.517556
13.517705
13.518206
13.518360
13.518457
13.519176
13.519536
13.519708
13.520318
13.520842
13.520909
13.521301
13.522298
13.522392
13.522443
13.522985
13.523219
13.523873
13.524349
13.524408
13.524985
13.525038
13.525473
13.525867
13.526196
13.526277
13.526605
13.527169
13.527807
13.528027
13.528168
13.528257
13.529147
13.529343
13.529807
13.530462
13.531440
13.531512
13.531653
13.531739
13.532716
13.533156
13.533463
13.533464
13.533716
13.534636
13.534652
13.535498
13.536135
13.536694
13.537981
13.538279
13.538884
13.539799
13.539809
13.540977
13.541604
13.542371
13.542518
13.542838
13.544301
13.544547
13.544585
13.545168
13.545616
13.545813
13.545943
13.546587
13.546729
13.546835
13.547190
13.548497
13.548814
13.548818
13.548918
13.549143
13.549347
13.549487
13.550165
13.550362
13.550414
13.550883
13.550995
13.551952
13.552128
13.553020
13.553667
13.554118
13.554638
13.554809
13.555062
13.555068
13.555069
13.555314
13.555822
13.555829
13.556074
13.556172
13.556576
13.557471
13.557968
13.558145
13.558324
13.559011
13.559527
13.559979
13.560003
13.561852
13.562495
13.562685
13.562720
13.563284
13.563342
13.564061
13.564110
13.564144
13.564667
13.566619
13.566798
13.567961
13.568222
13.568223
13.568521
13.568634
13.568682
13.568940
13.569244
13.569282
13.569384
13.571841
13.571870
13.572217
13.572230
13.572590
13.572828
13.573102
13.573115
13.573898
13.574049
13.574311
13.575192
13.575393
13.575922
13.576314
13.576575
13.576620
13.577197
13.577570
13.577944
13.578229
13.578311
13.578439
13.578758
13.579100
13.579125
13.579164
13.579460
13.579530
13.580750
13.581018
13.581047
13.581157
13.581769
13.581951
13.582247
13.582413
13.582766
13.582815
13.582999
13.583200
13.583669
13.584309
13.584325
13.584526
13.584916
13.585195
13.585269
13.585688
13.585898
13.586343
13.586909
13.587123
13.587210
13.587391
13.587977
13.588169
13.588645
13.588908
13.589252
13.589770
13.590088
13.590530
13.590775
13.591068
13.591575
13.591861
13.592040
13.592461
13.592560
13.592743
13.593415
13.593825
13.593940
13.594018
13.594324
13.594595
13.594704
13.595003
13.596111
13.596646
13.597089
13.597141
13.597930
13.598042
13.598069
13.598413
13.598640
13.599006
13.599246
13.599494
13.599636
13.599845
13.599846
13.599968
13.600034
13.600761
13.601004
13.601501
13.602538
13.603267
13.603377
13.603676
13.603955
13.604763
13.605027
13.605089
13.606488
13.606730
13.606999
13.607352
13.607746
13.608727
13.608730
13.610725
13.611373
13.611594
13.611979
13.612015
13.612195
13.612418
13.612639
13.613442
13.613669
13.613733
13.613756
13.613863
13.613864
13.614525
13.615377
13.615391
13.615723
13.616263
13.616572
13.616942
13.617129
13.617174
13.617317
13.618031
13.618286
13.618474
13.618658
13.619072
13.619635
13.619710
13.620251
13.620522
13.620888
13.621099
13.621272
13.622108
13.622670
13.622675
13.622743
13.623030
13.623074
13.623147
13.623475
13.623484
13.624270
13.624587
13.624761
13.624926
13.625094
13.625680
13.625820
13.626036
13.626880
13.627046
13.627139
13.628205
13.629056
13.629201
13.629431
13.629598
13.630701
13.630815
13.631364
13.632711
13.632787
13.632871
13.632921
13.633031
13.633298
13.633736
13.634374
13.634644
13.635107
13.635128
13.635412
13.635416
13.635514
13.635648
13.635777
13.635983
13.636549
13.637022
13.637786
13.637983
13.638301
13.638454
13.639177
13.639278
13.639332
13.639370
13.639604
13.639917
13.640514
13.641541
13.642043
13.642142
13.642409
13.642802
13.643052
13.643509
13.643528
13.644113
13.644170
13.644181
13.645383
13.645511
13.645557
13.645761
13.646038
13.646216
13.646605
13.646999
13.647058
13.647243
13.647956
13.648483
13.648906
13.649151
13.649324
13.649734
13.650156
13.650165
13.650864
13.650937
13.651291
13.653953
13.654367
13.654519
13.654534
13.656220
13.657375
13.658054
13.658520
13.658878
13.659320
13.659540
13.659846
13.660005
13.660336
13.660769
13.661020
13.661801
13.662066
13.662457
13.662498
13.662701
13.662830
13.663452
13.664450
13.664463
13.665322
13.665907
13.666133
13.666347
13.667277
13.667326
13.667442
13.667511
13.668064
13.668145
13.668166
13.668490
13.668779
13.668822
13.668893
13.669069
13.670600
13.671097
13.671156
13.671170
13.671464
13.671862
13.671989
13.672129
13.672308
13.672540
13.672719
13.672726
13.672843
13.673130
13.673315
13.673427
13.673736
13.673882
13.674195
13.674437
13.674601
13.674614
13.674638
13.674684
13.675436
13.676362
13.676367
13.676783
13.676867
13.676909
13.676944
13.677041
13.677371
13.677784
13.677796
13.677846
13.677954
13.678513
13.678713
13.678759
13.679353
13.680252
13.680459
13.680593
13.680780
13.680903
13.681141
13.681370
13.682018
13.682870
13.683815
13.683997
13.685164
13.685249
13.685817
13.685897
13.687238
13.687610
13.688093
13.688800
13.689122
13.689227
13.689746
13.689798
13.690506
13.691086
13.691242
13.691393
13.691469
13.691997
13.692052
13.692388
13.693773
13.693953
13.694650
13.697397
13.697413
13.697572
13.698013
13.698227
13.699027
13.699115
13.699136
13.699349
13.699389
13.699522
13.699524
13.699595
13.700100
13.700138
13.701170
13.701826
13.701976
13.702131
13.702512
13.702762
13.702792
13.703717
13.704074
13.704143
13.704149
13.704201
13.704309
13.704408
13.704495
13.705029
13.705400
13.705455
13.705779
13.706372
13.706384
13.706885
13.706976
13.707284
13.709002
13.709332
13.709552
13.709971
13.709994
13.710556
13.711103
13.712456
13.712725
13.712899
13.713798
13.714849
13.715338
13.715693
13.715970
13.716303
13.716366
13.716384
13.716396
13.717087
13.717590
13.718727
13.718768
13.720333
13.721892
13.721987
13.722531
13.722845
13.723422
13.723602
13.724251
13.724314
13.724633
13.724728
13.724761
13.725726
13.726161
13.726659
13.727248
13.727876
13.728006
13.728034
13.728069
13.728423
13.728683
13.729259
13.729397
13.729972
13.730315
13.730918
13.731208
13.731633
13.731809
13.731986
13.732403
13.732477
13.732859
13.733709
13.734221
13.734316
13.734686
13.734898
13.735283
13.735659
13.736003
13.736309
13.736390
13.736871
13.736915
13.737039
13.737572
13.737953
13.738750
13.739379
13.740219
13.740985
13.741304
13.741386
13.741750
13.742544
13.742785
13.744657
13.744712
13.744976
13.745599
13.746510
13.746861
13.746954
13.747123
13.748647
13.749205
13.749295
13.750187
13.750625
13.751317
13.751487
13.751534
13.751833
13.752302
13.752348
13.752883
13.753779
13.754130
13.754232
13.755507
13.755583
13.755660
13.755751
13.756507
13.757586
13.757637
13.757649
13.757687
13.757986
13.758002
13.758706
13.758759
13.758860
13.760585
13.760630
13.760707
13.760955
13.761335
13.761594
13.761761
13.761781
13.761906
13.762007
13.762334
13.762446
13.762802
13.762893
13.763141
13.763502
13.765197
13.765935
13.766061
13.766643
13.766689
13.766756
13.766765
13.767461
13.767769
13.768395
13.769303
13.769340
13.769413
13.770026
13.770048
13.771230
13.771743
13.772429
13.773388
13.774057
13.774339
13.774538
13.774975
13.774995
13.775561
13.775717
13.776164
13.776704
13.776965
13.777786
13.778466
13.778674
13.778811
13.779203
13.779817
13.779888
13.780039
13.780296
13.780970
13.781065
13.781217
13.781882
13.782222
13.782617
13.782851
13.782867
13.782951
13.783110
13.783585
13.783725
13.783971
13.784549
13.784663
13.784705
13.785596
13.785629
13.785924
13.786482
13.786936
13.787345
13.787580
13.787644
13.787775
13.788256
13.789116
13.789920
13.790008
13.790566
13.790657
13.790908
13.791053
13.791386
13.791393
13.791675
13.791710
13.791723
13.791762
13.791901
13.792534
13.792597
13.793832
13.793866
13.793907
13.793920
13.794432
13.794785
13.794822
13.796476
13.796499
13.796723
13.796989
13.798292
13.798481
13.798535
13.799306
13.799545
13.800725
13.801403
13.802891
13.802903
13.802985
13.803166
13.803695
13.804176
13.805792
13.806064
13.806315
13.806721
13.807389
13.807792
13.807820
13.808141
13.808207
13.808354
13.808609
13.808903
13.809093
13.809317
13.809395
13.809430
13.809494
13.809775
13.809884
13.810448
13.810606
13.810716
13.811070
13.811217
13.811523
13.811986
13.812558
13.813226
13.813601
13.813793
13.813940
13.814237
13.814372
13.814439
13.814901
13.815179
13.815276
13.815499
13.816234
13.817001
13.817549
13.818173
13.818252
13.818357
13.818661
13.818936
13.819143
13.819427
13.819440
13.819684
13.820083
13.820380
13.820441
13.820879
13.820940
13.820975
13.821068
13.821126
13.821393
13.822207
13.822569
13.823515
13.823539
13.823752
13.824201
13.824652
13.824956
13.824983
13.825169
13.826416
13.826607
13.827329
13.827744
13.827798
13.828110
13.828332
13.828383
13.828774
13.829239
13.829321
13.829381
13.829717
13.829994
13.829999
13.830004
13.830474
13.830940
13.831070
13.831180
13.832676
13.832850
13.833469
13.833584
13.833694
13.834403
13.834419
13.834516
13.835586
13.836777
13.836828
13.837431
13.837734
13.837885
13.838011
13.838223
13.838527
13.838796
13.838880
13.839016
13.839156
13.840281
13.841529
13.842031
13.842348
13.842448
13.842554
13.842676
13.842745
13.843237
13.843373
13.843637
13.844205
13.844457
13.844963
13.845014
13.845341
13.846440
13.846722
13.847123
13.847564
13.847969
13.848145
13.848266
13.848611
13.849184
13.849415
13.849504
13.849658
13.850246
13.850558
13.850765
13.850999
13.851103
13.851368
13.851449
13.852044
13.852321
13.853014
13.853755
13.853936
13.853986
13.854898
13.855083
13.855323
13.855498
13.855516
13.856163
13.856211
13.856277
13.857112
13.857306
13.858567
13.859331
13.859524
13.859587
13.859673
13.860808
13.862017
13.862242
13.862815
13.863204
13.863857
13.864414
13.864713
13.864850
13.864989
13.865234
13.865248
13.865461
13.865657
13.865848
13.866559
13.866651
13.866892
13.867778
13.867937
13.868356
13.868561
13.869957
13.869976
13.869984
13.870144
13.870640
13.870994
13.871078
13.871476
13.871948
13.872551
13.872594
13.873001
13.873241
13.873992
13.874564
13.874575
13.875475
13.875561
13.875642
13.876428
13.876632
13.876645
13.877641
13.878078
13.878384
13.878513
13.879067
13.879308
13.879389
13.879461
13.879682
13.880056
13.880385
13.880485
13.880774
13.880870
13.880923
13.881102
13.881248
13.881442
13.881653
13.881714
13.882058
13.882264
13.882507
13.882527
13.882851
13.883216
13.883657
13.884648
13.884667
13.885273
13.885320
13.885589
13.886493
13.887105
13.887937
13.888042
13.888223
13.888435
13.888480
13.888781
13.888858
13.888979
13.889098
13.889474
13.889818
13.890264
13.890541
13.890765
13.891390
13.891674
13.892748
13.892762
13.893089
13.893295
13.894082
13.894324
13.894516
13.894707
13.894726
13.894835
13.894967
13.895903
13.896346
13.896429
13.896808
13.897039
13.897152
13.897601
13.898148
13.898155
13.898186
13.898499
13.899218
13.899481
13.899523
13.899616
13.899866
13.899914
13.900307
13.901069
13.901302
13.901309
13.901974
13.902259
13.902308
13.902713
13.902925
13.903589
13.903636
13.903751
13.904091
13.905455
13.905663
13.905946
13.906163
13.906423
13.906741
13.907662
13.908119
13.908129
13.908205
13.908687
13.909043
13.910438
13.911293
13.911513
13.911910
13.912663
13.912829
13.913575
13.913932
13.914200
13.914430
13.915546
13.916019
13.916039
13.916250
13.916674
13.916960
13.917807
13.917981
13.918331
13.918422
13.920010
13.920660
13.921124
13.921282
13.921445
13.921582
13.921882
13.922884
13.923529
13.924190
13.924386
13.924413
13.924614
13.924877
13.925207
13.926043
13.926268
13.927023
13.927360
13.927554
13.927746
13.927750
13.928166
13.928267
13.928540
13.928548
13.930104
13.930611
13.930679
13.931864
13.932058
13.932229
13.932447
13.932454
13.932668
13.933120
13.933148
13.933176
13.933405
13.934956
13.935082
13.935699
13.935946
13.936867
13.936874
13.937286
13.937957
13.938157
13.938435
13.938519
13.938594
13.939093
13.939255
13.941375
13.942102
13.942303
13.943571
13.943895
13.943910
13.944033
13.944198
13.944323
13.944422
13.944464
13.944530
13.944611
13.944734
13.945346
13.945542
13.945679
13.945940
13.946091
13.946179
13.946550
13.947115
13.947330
13.947377
13.947469
13.947599
13.948299
13.948948
13.949858
13.950358
13.950782
13.950928
13.951181
13.951616
13.952006
13.953225
13.953967
13.954219
13.955021
13.955931
13.955956
13.956840
13.957134
13.957194
13.957519
13.957668
13.957834
13.958002
13.958159
13.958373
13.958719
13.959373
13.962388
13.962748
13.963459
13.964114
13.964367
13.964488
13.964557
13.966468
13.967272
13.967921
13.968025
13.968243
13.969119
13.969762
13.969874
13.970155
13.970697
13.972186
13.972196
13.972692
13.972906
13.972983
13.973023
13.973283
13.973324
13.974263
13.975616
13.977008
13.977380
13.977488
13.978223
13.978848
13.979056
13.979195
13.979379
13.979497
13.979822
13.979834
13.979934
13.980471
13.980975
13.980992
13.981142
13.981869
13.982635
13.983016
13.983735
13.983894
13.983964
13.984000
13.984302
13.984376
13.985119
13.985285
13.985615
13.985752
13.986511
13.986803
13.987456
13.987478
13.987705
13.988087
13.988437
13.990828
13.990878
13.990918
13.991261
13.991652
13.991769
13.991939
13.992242
13.992248
13.992277
13.992613
13.993176
13.993894
13.993973
13.994716
13.995607
13.996368
13.996528
13.996682
13.996854
13.997278
13.997379
13.997513
13.997562
13.998799
13.999791
14.000286
14.000618
14.001545
14.002004
14.002288
14.002349
14.003079
14.003142
14.004594
14.005020
14.005236
14.005296
14.005815
14.006003
14.006692
14.006997
14.007069
14.007807
14.007869
14.007927
14.008016
14.008084
14.008103
14.008541
14.008842
14.010180
14.010216
14.011120
14.011277
14.011316
14.011533
14.012305
14.012652
14.012983
14.013142
14.013873
14.014326
14.014771
14.014853
14.014908
14.015236
14.016530
14.016904
14.017259
14.017590
14.017693
14.018644
14.019067
14.019126
14.019251
14.021116
14.022066
14.022677
14.022698
14.022877
14.023643
14.023990
14.025014
14.026127
14.026175
14.026949
14.027202
14.027983
14.028555
14.028603
14.028646
14.028652
14.028760
14.028880
14.029200
14.029215
14.030168
14.030736
14.031161
14.032164
14.032371
14.032410
14.033166
14.033347
14.033776
14.033875
14.034246
14.035640
14.035951
14.037799
14.037953
14.038185
14.038206
14.038262
14.039332
14.039351
14.039480
14.039660
14.039760
14.042394
14.043444
14.044316
14.045259
14.045708
14.045907
14.046197
14.046469
14.046783
14.047109
14.047292
14.047299
14.047527
14.047709
14.050028
14.050817
14.050951
14.051296
14.051312
14.051415
14.051603
14.051667
14.052314
14.052705
14.053355
14.054152
14.054411
14.055212
14.057629
14.058565
14.058984
14.059000
14.059538
14.059809
14.061718
14.062134
14.062178
14.062740
14.063085
14.063965
14.064049
14.064604
14.064745
14.064823
14.065138
14.065636
14.066440
14.066474
14.066539
14.066638
14.066640
14.067296
14.067302
14.067526
14.067551
14.068263
14.068561
14.068949
14.070129
14.070318
14.070405
14.071192
14.071630
14.072289
14.072941
14.073292
14.073673
14.073901
14.075376
14.075429
14.075653
14.076210
14.076344
14.077133
14.077290
14.077883
14.078781
14.078856
14.080287
14.080575
14.080578
14.080918
14.080946
14.081550
14.081567
14.082103
14.083955
14.083992
14.084542
14.085365
14.085444
14.085450
14.085917
14.085923
14.086146
14.086222
14.086370
14.087687
14.088464
14.088923
14.089537
14.090247
14.090468
14.090550
14.090926
14.091107
14.092319
14.092438
14.093820
14.094164
14.094195
14.095667
14.095721
14.096577
14.097783
14.097934
14.098352
14.098922
14.100228
14.100995
14.101348
14.101832
14.101900
14.102303
14.102794
14.103369
14.103386
14.104819
14.105157
14.105662
14.108150
14.108237
14.108690
14.109320
14.109712
14.110394
14.111279
14.112294
14.112761
14.112893
14.113873
14.114159
14.115189
14.115263
14.115299
14.116657
14.116714
14.116752
14.117977
14.118217
14.118363
14.118496
14.119205
14.119361
14.120332
14.120572
14.120978
14.121022
14.121177
14.121482
14.121490
14.121912
14.121960
14.122536
14.122661
14.123125
14.123179
14.123454
14.123702
14.123725
14.124119
14.124182
14.124842
14.125303
14.127002
14.127325
14.127885
14.128213
14.128607
14.128805
14.129099
14.129275
14.129823
14.130375
14.130715
14.131228
14.131557
14.132179
14.132527
14.132992
14.133043
14.133636
14.133911
14.134788
14.135515
14.135622
14.135876
14.135887
14.136637
14.136682
14.137296
14.137954
14.139074
14.139361
14.139894
14.139960
14.140261
14.140357
14.140777
14.141031
14.141717
14.142945
14.143007
14.144237
14.145628
14.146051
14.146062
14.146142
14.146465
14.147200
14.147258
14.147861
14.148021
14.148823
14.149420
14.149573
14.150218
14.150812
14.150867
14.150919
14.150973
14.152871
14.153014
14.153511
14.154190
14.154294
14.154870
14.155036
14.155043
14.155199
14.155915
14.156470
14.157090
14.157156
14.157310
14.157639
14.157715
14.158025
14.158108
14.158595
14.158761
14.160686
14.160916
14.161034
14.161559
14.161745
14.162964
14.163299
14.163483
14.163604
14.164414
14.164437
14.164739
14.165119
14.165344
14.165666
14.165900
14.165947
14.166183
14.166224
14.166249
14.166424
14.166589
14.167318
14.168229
14.168370
14.168458
14.169083
14.169318
14.169382
14.169791
14.170526
14.170703
14.171217
14.171322
14.171337
14.172153
14.172284
14.172909
14.173668
14.173950
14.174632
14.175024
14.175460
14.175858
14.175861
14.176471
14.176883
14.177301
14.177840
14.178373
14.179133
14.179343
14.180002
14.181307
14.181802
14.182877
14.182883
14.183207
14.183416
14.184191
14.184235
14.184283
14.184348
14.185266
14.185733
14.186070
14.186307
14.186753
14.188082
14.189244
14.189996
14.190078
14.191589
14.192102
14.192943
14.193137
14.193169
14.195111
14.195122
14.195207
14.195347
14.195634
14.195790
14.195812
14.196205
14.196282
14.196481
14.196664
14.196808
14.197229
14.197592
14.197991
14.198063
14.199049
14.199405
14.199541
14.199619
14.200064
14.201140
14.201278
14.202005
14.202768
14.202957
14.203607
14.203965
14.204615
14.204709
14.204905
14.205497
14.206496
14.207417
14.207442
14.207825
14.208656
14.209297
14.209439
14.210137
14.210303
14.210316
14.210976
14.211157
14.211786
14.212049
14.212331
14.212572
14.213898
14.213960
14.214797
14.215686
14.216454
14.216575
14.218080
14.218311
14.218401
14.218430
14.218675
14.218995
14.219110
14.219382
14.219573
14.220169
14.220213
14.220214
14.220547
14.220733
14.222234
14.222281
14.223722
14.224013
14.225217
14.225233
14.225863
14.226077
14.226537
14.227131
14.227710
14.228324
14.229042
14.230255
14.230375
14.230681
14.231087
14.231535
14.231997
14.232191
14.232234
14.233394
14.233878
14.234587
14.234810
14.236960
14.237076
14.237170
14.237285
14.237636
14.239406
14.239543
14.239786
14.240271
14.240585
14.241920
14.242690
14.243258
14.244152
14.245979
14.246219
14.247147
14.247913
14.248351
14.248357
14.248426
14.248427
14.249727
14.250924
14.251294
14.251462
14.252146
14.252302
14.252450
14.252618
14.254176
14.255059
14.255241
14.255929
14.257219
14.257465
14.257483
14.258812
14.259133
14.259484
14.259868
14.260023
14.260162
14.260596
14.261336
14.261940
14.261997
14.262931
14.263217
14.263533
14.263574
14.264088
14.264555
14.264974
14.265503
14.265649
14.265824
14.267356
14.267407
14.267726
14.267731
14.268015
14.268344
14.268511
14.268514
14.268941
14.269056
14.270257
14.270999
14.271734
14.272041
14.272155
14.273533
14.273761
14.274049
14.274725
14.274827
14.275175
14.276479
14.276490
14.276969
14.277519
14.277854
14.277910
14.278287
14.279570
14.279977
14.280022
14.280392
14.280447
14.280751
14.281096
14.283079
14.283342
14.284113
14.284277
14.284483
14.285006
14.285264
14.285272
14.285436
14.285655
14.286464
14.286661
14.286728
14.287553
14.288031
14.288420
14.288847
14.289193
14.289682
14.289823
14.289953
14.290239
14.291004
14.291856
14.292120
14.292274
14.293473
14.293594
14.293954
14.294013
14.294057
14.294216
14.295959
14.296480
14.296518
14.296606
14.296782
14.297671
14.298198
14.298211
14.299511
14.299640
14.299943
14.300645
14.300675
14.300702
14.300970
14.301676
14.302480
14.303219
14.304443
14.304461
14.304924
14.305058
14.305096
14.305356
14.305783
14.306077
14.306088
14.308038
14.308104
14.308558
14.308646
14.311156
14.311606
14.312346
14.313416
14.313501
14.315425
14.315428
14.315812
14.316177
14.316178
14.316613
14.316978
14.317245
14.317873
14.318667
14.319557
14.320929
14.321522
14.321747
14.321978
14.322227
14.323108
14.323265
14.323482
14.323483
14.323597
14.323671
14.324156
14.325253
14.325448
14.325937
14.326451
14.327108
14.327463
14.328257
14.328469
14.329599
14.329627
14.329665
14.329695
14.329724
14.330057
14.330111
14.330146
14.330784
14.331419
14.331963
14.332479
14.333192
14.333800
14.333900
14.333998
14.334127
14.334199
14.334365
14.334700
14.335388
14.336016
14.336091
14.336656
14.337033
14.337727
14.338593
14.339048
14.339184
14.339187
14.339330
14.339547
14.339691
14.339777
14.340001
14.340204
14.340253
14.340302
14.340528
14.340667
14.341232
14.341306
14.341354
14.341544
14.342669
14.343287
14.344114
14.344155
14.344752
14.344877
14.344955
14.344986
14.345345
14.345674
14.346827
14.347108
14.347363
14.347689
14.348373
14.349339
14.349465
14.350029
14.350456
14.350560
14.351270
14.351410
14.351486
14.352427
14.352488
14.353774
14.354178
14.355273
14.356150
14.356206
14.356264
14.357365
14.357893
14.358522
14.358811
14.358943
14.359117
14.359158
14.359370
14.359389
14.360323
14.360713
14.361299
14.361720
14.362254
14.362481
14.362536
14.363758
14.364774
14.365119
14.365668
14.366226
14.366307
14.367210
14.367589
14.368359
14.368788
14.369065
14.369355
14.369592
14.369940
14.370051
14.370165
14.370819
14.371001
14.371266
14.372683
14.374279
14.374294
14.374448
14.374824
14.375259
14.375652
14.375710
14.376024
14.376670
14.377421
14.377485
14.377735
14.378395
14.378576
14.380264
14.380604
14.380984
14.382287
14.382491
14.383218
14.383263
14.384553
14.384871
14.384934
14.385827
14.386728
14.386829
14.387335
14.387388
14.387452
14.389205
14.390462
14.390727
14.390909
14.391232
14.391854
14.391869
14.392354
14.392575
14.393345
14.393970
14.394073
14.394422
14.394910
14.395131
14.395664
14.395861
14.396594
14.396597
14.397540
14.399646
14.399921
14.400646
14.401255
14.401340
14.401408
14.402005
14.402264
14.403172
14.404290
14.404292
14.404338
14.404544
14.404975
14.405267
14.405720
14.406279
14.406616
14.406896
14.406926
14.407104
14.407257
14.407372
14.408151
14.409071
14.409097
14.409120
14.409876
14.410173
14.411120
14.411425
14.412181
14.412252
14.412307
14.412697
14.413153
14.413838
14.415074
14.415476
14.415661
14.416587
14.416972
14.417078
14.417340
14.417399
14.417412
14.417806
14.417816
14.417888
14.419662
14.419740
14.419794
14.423127
14.423529
14.423859
14.424266
14.425264
14.426276
14.426432
14.426812
14.427061
14.427150
14.428449
14.428579
14.428840
14.428884
14.428885
14.428898
14.429238
14.430261
14.430626
14.430654
14.431313
14.432627
14.432756
14.433316
14.434149
14.434311
14.434823
14.434853
14.435574
14.436339
14.437147
14.438842
14.441547
14.441793
14.442127
14.442437
14.442535
14.442630
14.442686
14.443228
14.443521
14.443918
14.443981
14.444067
14.444418
14.445827
14.446811
14.446990
14.447311
14.447414
14.447536
14.447662
14.447908
14.447975
14.448090
14.448430
14.448570
14.449483
14.449599
14.449865
14.451035
14.451153
14.451309
14.451644
14.453261
14.453760
14.454204
14.454265
14.454350
14.454871
14.455630
14.456456
14.456804
14.457638
14.458007
14.458592
14.459684
14.459834
14.459996
14.460736
14.461040
14.461075
14.461441
14.462077
14.463517
14.463961
14.464175
14.464654
14.464745
14.464763
14.465315
14.466396
14.467516
14.467571
14.467927
14.469316
14.469386
14.469404
14.471784
14.471986
14.472106
14.472241
14.472810
14.473145
14.473430
14.474306
14.474561
14.474648
14.474648
14.475878
14.476146
14.476426
14.476631
14.476677
14.476729
14.477514
14.477686
14.478113
14.480255
14.480296
14.481064
14.481380
14.481491
14.481726
14.481886
14.482262
14.482719
14.483255
14.483366
14.483835
14.484200
14.484202
14.484275
14.484376
14.485901
14.485977
14.486106
14.486833
14.486998
14.487065
14.487247
14.487868
14.488405
14.491439
14.492458
14.492492
14.493443
14.493600
14.493628
14.493759
14.494198
14.494208
14.495381
14.495884
14.496436
14.496486
14.496708
14.496914
14.498345
14.499045
14.499389
14.499591
14.502448
14.502505
14.503143
14.503952
14.504835
14.505362
14.506214
14.506487
14.508320
14.509932
14.509963
14.510807
14.511223
14.511240
14.511621
14.511661
14.511733
14.512163
14.512487
14.513474
14.513686
14.514554
14.515181
14.515580
14.516101
14.516323
14.516539
14.517178
14.517222
14.517881
14.518140
14.518276
14.518458
14.518760
14.519374
14.519979
14.520183
14.520578
14.520782
14.520890
14.521063
14.521133
14.521526
14.521674
14.521949
14.522545
14.522786
14.523307
14.524046
14.524148
14.524903
14.526289
14.526469
14.526875
14.527232
14.527282
14.527785
14.528068
14.528394
14.528786
14.528907
14.529143
14.529593
14.529859
14.529879
14.529914
14.530246
14.532489
14.532857
14.532972
14.533085
14.533402
14.534263
14.534433
14.535186
14.536966
14.537711
14.538883
14.538884
14.539150
14.539506
14.539752
14.540229
14.541078
14.541905
14.542311
14.543122
14.543574
14.544404
14.545012
14.545708
14.545962
14.546027
14.548749
14.549035
14.549564
14.549671
14.549848
14.552816
14.553350
14.553862
14.553893
14.553967
14.555380
14.555708
14.556073
14.556469
14.558207
14.559671
14.559730
14.560106
14.561068
14.561603
14.563153
14.563591
14.564268
14.565051
14.565394
14.566835
14.567480
14.567628
14.567797
14.568730
14.569613
14.569928
14.570087
14.570901
14.571733
14.572245
14.572404
14.572788
14.573150
14.573429
14.574230
14.574589
14.575426
14.575781
14.576063
14.576695
14.577412
14.577490
14.577490
14.578042
14.578122
14.578309
14.578498
14.579031
14.579698
14.580126
14.580763
14.582009
14.582850
14.583115
14.583208
14.584792
14.585639
14.586118
14.586392
14.586612
14.586718
14.587324
14.587647
14.587663
14.587759
14.588565
14.589261
14.589372
14.590420
14.590681
14.591336
14.591413
14.592578
14.592760
14.593143
14.594294
14.594581
14.595597
14.596221
14.596294
14.596454
14.596626
14.596987
14.597362
14.597548
14.598780
14.598995
14.599163
14.601189
14.603235
14.603559
14.604332
14.605239
14.605511
14.606722
14.607667
14.607819
14.608095
14.608153
14.608657
14.609163
14.609347
14.609502
14.609651
14.610003
14.610647
14.610677
14.611047
14.611288
14.611423
14.611529
14.615085
14.615609
14.615908
14.616640
14.616971
14.617908
14.618901
14.619259
14.620254
14.620403
14.621222
14.621314
14.621430
14.621470
14.621585
14.622626
14.623822
14.624739
14.624775
14.624799
14.626483
14.627005
14.627669
14.627886
14.628827
14.629614
14.629807
14.629830
14.630217
14.630381
14.631482
14.632689
14.632726
14.633603
14.634025
14.634128
14.634485
14.634504
14.634767
14.634841
14.635121
14.635168
14.635388
14.637035
14.637387
14.638360
14.639484
14.639585
14.639654
14.640182
14.640583
14.640949
14.641137
14.642901
14.643262
14.645241
14.645284
14.645501
14.645879
14.646971
14.647590
14.648149
14.648956
14.651622
14.652343
14.652585
14.652895
14.652953
14.653034
14.653205
14.653497
14.654066
14.654590
14.654770
14.655042
14.655151
14.655183
14.655939
14.656288
14.656303
14.656396
14.656603
14.658461
14.658904
14.659420
14.660722
14.661268
14.661531
14.661821
14.662028
14.662149
14.662642
14.662940
14.665064
14.665696
14.666228
14.666774
14.668057
14.669053
14.670166
14.670233
14.671532
14.672224
14.672302
14.673280
14.673719
14.675766
14.678332
14.678793
14.679008
14.679405
14.679823
14.680014
14.680474
14.680565
14.680631
14.680639
14.681159
14.681393
14.682287
14.682358
14.682997
14.683688
14.684935
14.684994
14.685005
14.686023
14.686291
14.686758
14.686907
14.687852
14.689136
14.691576
14.691743
14.692959
14.693371
14.693425
14.693478
14.695700
14.696029
14.696077
14.697899
14.698768
14.699537
14.700171
14.700247
14.700259
14.700370
14.701088
14.701275
14.701603
14.702531
14.703180
14.703787
14.705204
14.705946
14.706622
14.707754
14.707963
14.708087
14.708242
14.708498
14.708570
14.709029
14.709033
14.709049
14.709253
14.709529
14.709843
14.709882
14.710555
14.711308
14.711379
14.712002
14.712144
14.712194
14.712331
14.712906
14.712915
14.713847
14.714008
14.714677
14.714739
14.714952
14.715211
14.717935
14.718070
14.718554
14.719734
14.720411
14.720677
14.721015
14.721319
14.721645
14.721716
14.722069
14.722849
14.723332
14.723899
14.724132
14.724236
14.724902
14.725245
14.725338
14.726423
14.726456
14.727039
14.727774
14.728830
14.729707
14.730397
14.730857
14.731447
14.731928
14.732734
14.732815
14.733487
14.734369
14.735998
14.736871
14.736878
14.737927
14.739160
14.739457
14.740233
14.740402
14.741130
14.741179
14.741357
14.741699
14.742182
14.742463
14.744699
14.745867
14.746383
14.747379
14.747412
14.747622
14.748483
14.749766
14.752762
14.752835
14.752994
14.753111
14.753174
14.753971
14.754055
14.754694
14.755137
14.757454
14.757511
14.757702
14.759362
14.759671
14.759956
14.760480
14.761977
14.762123
14.762741
14.764722
14.765312
14.765667
14.766050
14.766726
14.766967
14.767361
14.768162
14.768890
14.769393
14.769570
14.771841
14.772717
14.774859
14.775038
14.775328
14.775479
14.775709
14.778727
14.778909
14.780890
14.781303
14.782651
14.784812
14.785284
14.786160
14.786372
14.786922
14.787322
14.788809
14.789210
14.789371
14.789584
14.789793
14.789955
14.791739
14.791809
14.792139
14.792277
14.793584
14.794950
14.795975
14.796444
14.797022
14.797591
14.798295
14.798611
14.801384
14.802299
14.803058
14.804507
14.805468
14.806037
14.807817
14.808589
14.809137
14.809410
14.810879
14.812054
14.812114
14.813905
14.814306
14.814409
14.815484
14.815808
14.816484
14.816956
14.817438
14.819612
14.820906
14.822755
14.822963
14.824721
14.830143
14.830552
14.831234
14.831641
14.832334
14.833285
14.833448
14.833877
14.835128
14.835620
14.837670
14.838907
14.839792
14.840475
14.840757
14.843903
14.843946
14.846025
14.850939
14.851921
14.852115
14.852123
14.852294
14.853580
14.855209
14.855839
14.856189
14.856952
14.856997
14.859522
14.860004
14.861701
14.861802
14.863559
14.863594
14.863616
14.865345
14.865506
14.865620
14.865788
14.867342
14.867550
14.867919
14.868453
14.869046
14.869337
14.869683
14.870723
14.872129
14.873087
14.874104
14.874725
14.875916
14.876359
14.876716
14.877158
14.878234
14.878283
14.878470
14.878831
14.880000
14.884459
14.889356
14.890328
14.894503
14.894527
14.896199
14.896630
14.900022
14.900336
14.900486
14.900917
14.903711
14.904724
14.907422
14.908888
14.909274
14.909474
14.914670
14.916628
14.925648
14.926546
14.929331
14.930391
14.930435
14.931319
14.932344
14.934550
14.935230
14.936137
14.936689
14.938295
14.939446
14.941669
14.941950
14.942395
14.946367
14.946644
14.951814
14.952632
14.953891
14.955648
14.955923
14.957099
14.958575
14.958746
14.964621
14.964887
14.965453
14.966042
14.967407
14.969188
14.970920
14.972311
14.972962
14.975520
14.976382
14.986353
14.986807
14.990473
14.991754
14.992579
14.992946
