1.000000
1.386046
1.742905
1.841972
1.934447
1.967975
2.094907
2.296802
2.327256
2.383413
2.461266
2.555279
2.888717
2.957878
3.027070
3.090038
3.204259
3.261141
3.375212
3.449977
3.464121
3.494329
3.495352
3.504910
3.511095
3.539586
3.602670
3.612109
3.929084
3.986200
4.057295
4.059300
4.135335
4.187354
4.189406
4.222486
4.223637
4.231221
4.239620
4.296450
4.305957
4.312256
4.406271
4.469789
4.473084
4.502003
4.539279
4.565298
4.621632
4.681272
4.711469
4.741965
4.787964
4.806424
4.826364
4.862930
4.876746
4.914957
4.939842
4.956811
4.975866
4.997756
5.013716
5.022255
5.029518
5.064091
5.066523
5.088688
5.111409
5.116772
5.119315
5.124154
5.136254
5.148857
5.166308
5.170362
5.181834
5.187941
5.188338
5.190393
5.200171
5.200222
5.205268
5.212844
5.214972
5.226170
5.261598
5.275362
5.280331
5.292625
5.301820
5.308859
5.309174
5.311633
5.317590
5.328545
5.337579
5.345001
5.354394
5.376821
5.378622
5.389924
5.405716
5.406640
5.414781
5.425678
5.426684
5.464661
5.466516
5.477346
5.488983
5.491695
5.502480
5.504233
5.506311
5.510392
5.512431
5.512780
5.518152
5.532668
5.533025
5.535244
5.544856
5.547486
5.549389
5.556478
5.558515
5.568255
5.572071
5.583694
5.584519
5.593191
5.605438
5.608365
5.609799
5.613655
5.630364
5.632473
5.635269
5.635708
5.637895
5.639679
5.649728
5.654096
5.656145
5.657846
5.658223
5.660935
5.661245
5.666293
5.666969
5.668414
5.687092
5.690298
5.693381
5.696929
5.697761
5.704679
5.708588
5.710333
5.718827
5.720267
5.722082
5.731333
5.732440
5.746816
5.747044
5.749400
5.750059
5.750441
5.762898
5.763260
5.793117
5.797240
5.797531
5.804985
5.808239
5.812582
5.813801
5.814127
5.816402
5.817511
5.818037
5.819287
5.827062
5.827244
5.827931
5.838638
5.840887
5.843328
5.849411
5.856770
5.865245
5.865886
5.866312
5.868659
5.878541
5.884051
5.899665
5.904357
5.928851
5.945030
5.945145
5.956582
5.957514
5.958662
5.976176
5.977692
5.983632
5.992118
5.997409
6.012797
6.031627
6.032985
6.033797
6.037751
6.037870
6.038321
6.046191
6.047161
6.054052
6.068069
6.068913
6.079248
6.086394
6.087224
6.089296
6.089637
6.091237
6.091366
6.093298
6.099331
6.099636
6.099932
6.099962
6.108383
6.108618
6.110788
6.132850
6.135800
6.137262
6.154748
6.155310
6.158209
6.164462
6.164771
6.164801
6.168210
6.168756
6.174763
6.176172
6.177142
6.179959
6.180193
6.181201
6.181777
6.182411
6.185880
6.194537
6.204364
6.206877
6.216538
6.219791
6.220841
6.223050
6.223730
6.226552
6.228201
6.228263
6.228724
6.229507
6.239076
6.242933
6.244055
6.249224
6.250492
6.260706
6.261851
6.263940
6.264006
6.264084
6.266128
6.268335
6.269265
6.270616
6.272069
6.276760
6.279709
6.282190
6.282392
6.282524
6.282826
6.284803
6.285159
6.285470
6.285587
6.285937
6.286143
6.286560
6.286560
