1.000000
1.170793
1.428185
1.502412
1.633132
1.684975
1.728601
2.099976
2.244929
2.369368
2.386020
2.396443
2.400291
2.448232
2.623282
2.692940
2.718776
2.744914
2.757640
2.760966
2.791779
2.822335
2.939634
2.955489
2.979173
3.107841
3.119843
3.137404
3.223386
3.231060
3.238527
3.263611
3.290568
3.310317
3.314653
3.384628
3.428630
3.431425
3.592745
3.606947
3.623466
3.694713
3.696450
3.702429
3.727738
3.740627
3.771652
3.794452
3.806945
3.834969
3.852204
3.894960
4.029032
4.033199
4.125724
4.234378
4.321533
4.341169
4.373869
4.376576
4.421056
4.424819
4.425012
4.436956
4.464524
4.504547
4.609527
4.642148
4.768156
4.774570
4.798488
4.872203
4.931619
4.973159
4.973336
4.998353
5.018620
5.052246
5.063104
5.095375
5.099234
5.195502
5.209263
5.225516
5.247208
5.328028
5.369749
5.397680
5.408671
5.421832
5.448805
5.451769
5.529516
5.534873
5.536438
5.638916
5.688972
5.720035
5.735423
5.765299
5.785407
5.960706
5.964385
5.971618
5.998057
6.022003
6.142955
6.194502
6.236533
6.388628
6.430440
6.443372
6.480326
6.538002
6.669644
6.678659
6.709980
6.717513
6.725195
6.801978
6.815221
6.843571
6.856925
6.879858
6.898319
6.913722
6.969182
6.970480
7.030182
7.089367
7.316566
7.404414
7.435083
7.481957
7.507657
7.558070
7.581995
7.642186
7.647181
7.696222
7.710732
7.717667
7.770187
7.806134
7.896063
7.987037
8.035489
8.043054
8.148272
8.242198
8.246862
8.259732
8.505630
8.510196
8.528061
8.552510
8.553313
8.557099
8.561270
8.624642
8.675257
8.715961
8.721128
8.733636
8.785992
8.841764
8.846723
8.848390
8.926283
8.936981
9.047620
9.072787
9.123846
9.147735
9.182908
9.215869
9.230359
9.246717
9.301206
9.320370
9.359646
9.387645
9.397549
9.409870
9.414328
9.416193
9.443025
9.501961
9.526047
9.526796
9.565727
9.579057
9.595509
9.634285
9.667926
9.774656
9.775066
9.780206
9.822313
9.891913
9.898315
9.953293
10.014060
10.037142
10.039220
10.075951
10.152741
10.153362
10.183476
10.231769
10.264084
10.302320
10.308374
10.354953
10.357661
10.365140
10.377681
10.388031
10.425811
10.431094
10.461553
10.478949
10.555766
10.556925
10.557959
10.558786
10.564322
10.571190
10.576269
10.600160
10.614333
10.634827
10.640031
10.654250
10.664961
10.672801
10.684133
10.726278
10.736042
10.760220
10.783195
10.785830
10.830939
10.834397
10.847247
10.861815
10.871920
10.873638
10.894327
10.955222
10.967657
10.982424
11.012478
11.125246
11.126987
11.151603
11.155783
11.199649
11.205246
11.205463
11.206577
11.223241
11.225385
11.232277
11.245889
11.276420
11.296572
11.300685
11.316492
11.318300
11.329518
11.333256
11.337326
11.340419
11.366509
11.394894
11.401259
11.426005
11.428935
11.435186
11.435450
11.453207
11.456682
11.466257
11.502065
11.516260
11.546434
11.546479
11.546630
11.551269
11.559647
11.576151
11.585629
11.588476
11.588593
11.594108
11.602145
11.605529
11.609098
11.609474
11.614615
11.617444
11.617731
11.618124
11.632770
11.638368
11.642392
11.644979
11.656250
11.670486
11.672805
11.676106
11.686604
11.694690
11.716293
11.719698
11.720211
11.731167
11.731597
11.752818
11.755150
11.755697
11.761913
11.771330
11.772392
11.773156
11.784724
11.790095
11.794739
11.799306
11.806133
11.813230
11.818015
11.819032
11.819833
11.826126
11.830463
11.834110
11.837927
11.840840
11.842710
11.845944
11.851086
11.871511
11.874535
11.876188
11.885740
11.899994
11.921643
11.932010
11.934310
11.942891
11.949180
11.950597
11.952735
11.959007
11.961975
11.963304
11.964093
11.968015
11.976719
11.978416
11.981884
11.988025
11.990911
11.994993
11.996874
11.998387
11.999796
12.003113
12.007475
12.009229
12.020992
12.022583
12.025349
12.031409
12.033408
12.037387
12.051540
12.054723
12.055831
12.058159
12.075024
12.093012
12.096236
12.097815
12.098031
12.099111
12.104960
12.109158
12.109163
12.111465
12.116118
12.126461
12.133268
12.134869
12.152677
12.158740
12.161990
12.172986
12.176066
12.176171
12.188382
12.194857
12.203774
12.214178
12.222015
12.228170
12.234961
12.236980
12.245373
12.252558
12.255157
12.261219
12.263474
12.264144
12.265407
12.274133
12.274179
12.281113
12.282112
12.286343
12.287071
12.291314
12.292425
12.293204
12.303697
12.304637
12.306578
12.308329
12.319750
12.321922
12.322975
12.324694
12.347798
12.352159
12.353628
12.357236
12.367517
12.369102
12.369724
12.371115
12.373336
12.379478
12.385379
12.386722
12.390680
12.391180
12.398886
12.400069
12.401656
12.405091
12.405977
12.406730
12.407005
12.407334
12.415922
12.416633
12.421016
12.424304
12.427518
12.429073
12.433218
12.434940
12.440482
12.451283
12.452435
12.453568
12.465117
12.465520
12.468297
12.497250
12.509830
12.514868
12.515274
12.516109
12.518458
12.521096
12.522231
12.526844
12.530477
12.538759
12.544246
12.547086
12.549176
12.551953
12.552960
12.563526
12.565308
12.582940
12.583850
12.592771
12.595802
12.601724
12.609297
12.613271
12.615582
12.618939
12.621157
12.626756
12.628927
12.631915
12.647315
12.648434
12.653387
12.659025
12.662034
12.662274
12.671431
12.671520
12.671993
12.678704
12.678755
12.680558
12.684416
12.689027
12.691557
12.693843
12.706201
12.709470
12.716252
12.718441
12.723033
12.728389
12.728679
12.742972
12.745754
12.746142
12.759073
12.761729
12.769444
12.770631
12.771431
12.772326
12.777968
12.782125
12.784320
12.787051
12.788024
12.788606
12.790252
12.795791
12.802958
12.803858
12.805450
12.808164
12.815422
12.817951
12.818875
12.819017
12.819576
12.820485
12.823757
12.826322
12.830474
12.842046
12.849366
12.851795
12.854994
12.855519
12.855997
12.858111
12.859705
12.866275
12.869677
12.878278
12.879339
12.882664
12.883662
12.887178
12.888063
12.890843
12.896660
12.898619
12.900765
12.903082
12.903256
12.909190
12.913216
12.915631
12.920264
12.921115
12.921735
12.928288
12.928835
12.929081
12.929157
12.931357
12.934081
12.934394
12.937027
12.943444
12.950672
12.951455
12.958024
12.959249
12.959743
12.966395
12.966585
12.972762
12.973151
12.976764
12.979236
12.980209
12.982888
12.984646
12.984757
12.985592
12.993834
12.994769
12.998000
12.999091
12.999120
12.999726
13.000898
13.004065
13.008963
13.010321
13.011494
13.018671
13.019939
13.023606
13.026696
13.031004
13.032043
13.033921
13.040930
13.041181
13.044826
13.048993
13.053817
13.056098
13.056757
13.058525
13.061279
13.062473
13.064713
13.069564
13.070547
13.075024
13.079226
13.079682
13.080043
13.081123
13.087386
13.088115
13.089152
13.094748
13.096618
13.102978
13.103056
13.104938
13.116239
13.117571
13.119898
13.119965
13.138083
13.148234
13.150243
13.152691
13.159527
13.160294
13.165837
13.165882
13.166517
13.167014
13.176426
13.177908
13.180414
13.182188
13.185308
13.189376
13.195724
13.199490
13.199514
13.201102
13.214922
13.225551
13.231025
13.232401
13.240828
13.244929
13.257280
13.257648
13.263015
13.264634
13.264831
13.278884
13.280283
13.283256
13.286156
13.287457
13.287659
13.290445
13.295916
13.296302
13.297338
13.301479
13.302358
13.311308
13.313175
13.316158
13.318809
13.325457
13.328643
13.328990
13.334872
13.335385
13.336348
13.338880
13.347095
13.347658
13.349518
13.350472
13.352011
13.354566
13.358938
13.361091
13.367737
13.374140
13.374420
13.376097
13.377837
13.377839
13.379809
13.386309
13.387401
13.398658
13.399450
13.405791
13.407466
13.410027
13.412307
13.413152
13.419202
13.420039
13.420528
13.426194
13.429095
13.431702
13.433809
13.433954
13.434562
13.437644
13.438250
13.440387
13.440995
13.444237
13.445757
13.448034
13.448177
13.448226
13.448777
13.449667
13.450084
13.450213
13.454271
13.455009
13.455520
13.457344
13.458639
13.462673
13.465872
13.467280
13.470070
13.472845
13.475234
13.476727
13.476940
13.489692
13.496204
13.506732
13.513203
13.515657
13.516424
13.521458
13.526442
13.533921
13.534376
13.535563
13.538333
13.539310
13.540810
13.541377
13.546871
13.548914
13.549306
13.564577
13.565815
13.567247
13.567303
13.568052
13.573823
13.581596
13.582416
13.587485
13.589764
13.591299
13.591636
13.594406
13.594985
13.600606
13.604259
13.609736
13.612195
13.612513
13.612752
13.615510
13.621084
13.622283
13.623654
13.626975
13.628424
13.630042
13.642012
13.642121
13.642447
13.644626
13.646035
13.648406
13.648664
13.648734
13.651517
13.652431
13.653220
13.655851
13.656971
13.659161
13.659934
13.660874
13.662043
13.663412
13.664337
13.667350
13.667950
13.668050
13.668706
13.668995
13.671212
13.672660
13.676364
13.676687
13.677492
13.684261
13.685304
13.689206
13.689952
13.693557
13.693909
13.696894
13.698371
13.700112
13.700972
13.704226
13.706346
13.708104
13.709712
13.712193
13.712392
13.712447
13.714384
13.717397
13.719007
13.719126
13.721352
13.722525
13.723266
13.723995
13.726316
13.727744
13.733453
13.737510
13.742157
13.748914
13.750947
13.751247
13.752307
13.752550
13.752774
13.753469
13.754732
13.756821
13.758005
13.759489
13.761253
13.764217
13.766268
13.769198
13.769207
13.777210
13.778929
13.779462
13.780469
13.782144
13.782216
13.782276
13.783253
13.784713
13.786071
13.787830
13.790085
13.790551
13.794988
13.795720
13.797809
13.801917
13.802712
13.803068
13.803103
13.810265
13.810957
13.816279
13.816978
13.819265
13.819758
13.822303
13.822420
13.827821
13.830063
13.830119
13.830655
13.834570
13.835283
13.840518
13.855997
13.856609
13.859785
13.861057
13.861123
13.861837
13.863306
13.863618
13.864609
13.865276
13.866568
13.867591
13.868221
13.869688
13.869974
13.871009
13.871502
13.873152
13.873846
13.874859
13.876070
13.878417
13.878806
13.880874
13.881963
13.884283
13.884953
13.885129
13.892467
13.892473
13.893797
13.896543
13.896812
13.897188
13.897898
13.899602
13.900074
13.900165
13.901959
13.904235
13.910263
13.912077
13.914076
13.916115
13.916708
13.925322
13.927170
13.927411
13.928100
13.928801
13.930752
13.931061
13.934791
13.934946
13.936944
13.938711
13.940616
13.941613
13.943097
13.944147
13.947787
13.957473
13.964778
13.964801
13.969593
13.970365
13.970619
13.972061
13.972421
13.972506
13.973952
13.975058
13.979198
13.979716
13.980884
13.982120
13.983017
13.983610
13.983894
13.988807
13.988986
13.989355
13.991676
13.992826
13.993751
13.995093
13.999983
14.000943
14.003601
14.006148
14.007084
14.007201
14.007388
14.007732
14.010481
14.013549
14.016110
14.019444
14.020148
14.020634
14.021491
14.025292
14.027356
14.032436
14.033292
14.033910
14.037102
14.040944
14.044277
14.046215
14.046516
14.049117
14.049807
14.050998
14.051367
14.052180
14.054780
14.059007
14.060683
14.062057
14.062990
14.063457
14.064036
14.064617
14.064942
14.068842
14.070418
14.070848
14.071972
14.074697
14.074859
14.080937
14.084400
14.086029
14.086911
14.087710
14.088594
14.088816
14.089383
14.089805
14.090081
14.092036
14.092645
14.094712
14.095263
14.096068
14.096078
14.097571
14.098666
14.101251
14.101628
14.102858
14.102945
14.103839
14.104963
14.105412
14.107106
14.109049
14.112858
14.112912
14.113369
14.113503
14.113600
14.117428
14.118158
14.120137
14.122803
14.123085
14.123625
14.124672
14.125830
14.126146
14.129153
14.131587
14.131610
14.132380
14.132666
14.135246
14.136969
14.137580
14.141069
14.142688
14.142842
14.145104
14.145169
14.150075
14.150094
14.150189
14.150665
14.152664
14.152897
14.153538
14.153766
14.154052
14.155089
14.155663
14.156220
14.156607
14.158480
14.158505
14.159132
14.160136
14.160568
14.161795
14.162457
14.166797
14.166924
14.167149
14.167319
14.172313
14.172857
14.174059
14.174369
14.175224
14.175390
14.177987
14.184536
14.186284
14.187581
14.190948
14.191680
14.193146
14.193813
14.195173
14.196505
14.197456
14.197890
14.198847
14.199296
14.200412
14.201971
14.203113
14.203304
14.204200
14.204843
14.206186
14.206773
14.206904
14.208972
14.210651
14.216057
14.217032
14.218061
14.218591
14.218990
14.220261
14.220811
14.226216
14.227224
14.230165
14.232299
14.232311
14.232590
14.233018
14.233575
14.243459
14.244419
14.245058
14.248241
14.249681
14.251067
14.254102
14.255739
14.256175
14.261857
14.262967
14.263880
14.265701
14.268912
14.270672
14.272030
14.274112
14.275081
14.277082
14.280036
14.283260
14.283336
14.284797
14.286074
14.286520
14.288862
14.290314
14.290346
14.290439
14.290863
14.291763
14.291991
14.292700
14.293137
14.298438
14.301372
14.304134
14.304762
14.307725
14.314054
14.314165
14.314451
14.314819
14.314893
14.318689
14.320768
14.320887
14.326647
14.329720
14.330143
14.331283
14.334643
14.337585
14.341096
14.343262
14.345490
14.346735
14.348202
14.348701
14.348946
14.349250
14.352480
14.355228
14.357114
14.361786
14.362211
14.364322
14.365542
14.366661
14.372106
14.372215
14.374978
14.375215
14.377762
14.379542
14.382043
14.382771
14.383572
14.385826
14.393446
14.396173
14.398039
14.399957
14.400749
14.400908
14.405837
14.406996
14.407366
14.407609
14.408267
14.408290
14.409890
14.410003
14.413204
14.413491
14.414927
14.416815
14.417292
14.418385
14.419652
14.420055
14.423548
14.424150
14.424562
14.425828
14.426159
14.428373
14.428440
14.431646
14.434110
14.435654
14.436464
14.437697
14.437937
14.439297
14.439777
14.440944
14.441257
14.441710
14.443518
14.445871
14.450924
14.451453
14.451920
14.452209
14.453291
14.453557
14.453592
14.454484
14.454653
14.455331
14.459466
14.459723
14.460125
14.464722
14.465093
14.465398
14.465492
14.466829
14.467868
14.469728
14.470014
14.471817
14.475511
14.478072
14.478698
14.479699
14.481301
14.481547
14.483335
14.483972
14.484995
14.485128
14.485869
14.485989
14.487786
14.490942
14.495163
14.497052
14.498976
14.499747
14.499934
14.500961
14.500964
14.501595
14.502618
14.504728
14.504827
14.506257
14.508649
14.509585
14.511306
14.513209
14.516044
14.516372
14.518579
14.518727
14.519358
14.519912
14.520855
14.521520
14.522459
14.523101
14.523313
14.523582
14.524922
14.525834
14.526728
14.530279
14.531418
14.534087
14.534184
14.534431
14.534684
14.534979
14.536386
14.538490
14.539366
14.542687
14.544856
14.545038
14.547941
14.550485
14.551236
14.551830
14.551845
14.552019
14.552781
14.557656
14.561273
14.565776
14.565948
14.569996
14.572909
14.572969
14.573028
14.574520
14.574960
14.575665
14.576900
14.578159
14.579261
14.580202
14.580630
14.580679
14.581141
14.581727
14.583171
14.585457
14.586035
14.586774
14.587441
14.588012
14.589803
14.593579
14.594182
14.594299
14.595083
14.595733
14.596641
14.596772
14.597467
14.599986
14.601060
14.601665
14.601673
14.603113
14.603742
14.603784
14.604818
14.608028
14.609240
14.611213
14.612443
14.612686
14.614789
14.615359
14.618012
14.618413
14.619123
14.619548
14.624835
14.627108
14.627173
14.628398
14.629972
14.630231
14.630975
14.631412
14.631435
14.631894
14.632540
14.633403
14.634262
14.634370
14.636824
14.638605
14.640377
14.641513
14.642085
14.644351
14.647246
14.647411
14.648170
14.654194
14.654709
14.656363
14.657752
14.659961
14.660173
14.660589
14.662086
14.662506
14.667730
14.669836
14.669876
14.670840
14.674006
14.675448
14.675523
14.675622
14.676139
14.678063
14.678331
14.678434
14.679140
14.680539
14.685350
14.685390
14.686037
14.687134
14.689837
14.689970
14.690003
14.690394
14.690460
14.691135
14.691227
14.692477
14.692628
14.693549
14.698263
14.698789
14.703204
14.703390
14.703931
14.704169
14.704868
14.705326
14.705361
14.706282
14.707769
14.707934
14.708456
14.708623
14.710308
14.710558
14.711460
14.712254
14.714663
14.717786
14.718650
14.720940
14.721173
14.721650
14.723090
14.723097
14.723365
14.724720
14.725050
14.725962
14.726130
14.726208
14.728681
14.730597
14.730738
14.730778
14.731977
14.732443
14.732670
14.733084
14.734830
14.735039
14.735121
14.737051
14.737610
14.738180
14.738553
14.738811
14.740783
14.741658
14.742990
14.743481
14.743673
14.744201
14.744437
14.744802
14.745048
14.745296
14.745797
14.746197
14.746219
14.746481
14.748142
14.750957
14.751582
14.753313
14.754118
14.755368
14.757107
14.758314
14.758323
14.759971
14.761333
14.762795
14.763278
14.763766
14.764793
14.766926
14.768708
14.768803
14.770101
14.770792
14.771252
14.771736
14.772062
14.772953
14.773079
14.773793
14.773851
14.774189
14.774875
14.775585
14.778965
14.780055
14.781916
14.782845
14.785468
14.787566
14.788747
14.789385
14.790705
14.791231
14.791430
14.791451
14.791712
14.792063
14.792644
14.792994
14.793802
14.794582
14.795457
14.795485
14.796448
14.798496
14.799204
14.800274
14.801508
14.804717
14.804951
14.805396
14.805795
14.807961
14.808777
14.810671
14.812197
14.812691
14.815106
14.816380
14.817921
14.818075
14.818331
14.818459
14.820700
14.821785
14.822595
14.822984
14.823268
14.824386
14.824898
14.825133
14.825422
14.826312
14.826916
14.828291
14.829633
14.830604
14.831560
14.832343
14.833345
14.834162
14.837690
14.839352
14.840046
14.840069
14.840288
14.841380
14.841562
14.841587
14.842628
14.844015
14.844276
14.844465
14.845266
14.846552
14.852981
14.855786
14.857982
14.858498
14.858950
14.859076
14.863750
14.864320
14.864718
14.866030
14.866036
14.866687
14.868205
14.868217
14.869646
14.871516
14.871772
14.872196
14.872963
14.872991
14.873661
14.874160
14.874551
14.875095
14.876972
14.877918
14.878700
14.880978
14.883972
14.885157
14.887242
14.888481
14.888646
14.892003
14.893995
14.897294
14.899786
14.901129
14.901823
14.902064
14.902568
14.905825
14.906090
14.907115
14.909601
14.910539
14.911477
14.912111
14.912875
14.913395
14.914370
14.915132
14.915370
14.916526
14.916785
14.917130
14.917404
14.917703
14.917952
14.918890
14.920089
14.922312
14.922760
14.924225
14.924582
14.924584
14.924798
14.925071
14.925354
14.926152
14.926544
14.927521
14.927640
14.929353
14.929546
14.930807
14.931170
14.931655
14.932045
14.933655
14.933914
14.935391
14.935979
14.936149
14.937595
14.938835
14.939243
14.941825
14.941944
14.943698
14.944703
14.946023
14.948617
14.949068
14.950875
14.951625
14.951652
14.952924
14.954257
14.956927
14.957168
14.957501
14.959794
14.961975
14.962131
14.962929
14.963400
14.968217
14.968523
14.968998
14.971651
14.972790
14.973469
14.974491
14.975273
14.975379
14.975777
14.976121
14.976660
14.976728
14.978602
14.978961
14.979374
14.980344
14.980936
14.981760
14.982203
14.983483
14.983663
14.984450
14.984596
14.984706
14.988017
14.988134
14.989248
14.989813
14.990989
14.991142
14.993338
14.994334
14.994960
14.995698
14.996997
14.998125
14.999144
15.000574
15.000870
15.003474
15.003522
15.003525
15.004499
15.005048
15.005198
15.005961
15.006347
15.008238
15.008794
15.008817
15.008963
15.009648
15.010647
15.011658
15.011863
15.012266
15.012372
15.012454
15.012863
15.013937
15.014449
15.016130
15.016196
15.018839
15.019536
15.020549
15.021318
15.022401
15.022836
15.023626
15.024290
15.024802
15.025928
15.025957
15.028693
15.029428
15.031685
15.033473
15.033928
15.033962
15.034373
15.034839
15.035732
15.036355
15.036492
15.039017
15.039068
15.039112
15.039516
15.040166
15.040721
15.042834
15.044642
15.046228
15.046288
15.046863
15.048640
15.048846
15.048989
15.049397
15.051219
15.052338
15.054714
15.054941
15.055296
15.056197
15.057649
15.058911
15.059847
15.064189
15.065644
15.066497
15.067195
15.067639
15.069998
15.072937
15.073549
15.074606
15.075476
15.075960
15.078007
15.078433
15.078604
15.078687
15.078797
15.080171
15.081348
15.082184
15.082263
15.083097
15.084142
15.084682
15.085262
15.085359
15.085901
15.086775
15.087596
15.088561
15.089312
15.090575
15.091090
15.092859
15.093190
15.093388
15.093560
15.093783
15.094082
15.094599
15.096328
15.097126
15.097486
15.097719
15.097874
15.099247
15.099836
15.100691
15.101728
15.103380
15.103902
15.106504
15.106746
15.106896
15.107442
15.107655
15.111121
15.111337
15.112732
15.113115
15.113507
15.113754
15.113782
15.113791
15.114255
15.115232
15.115315
15.115859
15.117068
15.118382
15.118783
15.120408
15.120662
15.121291
15.121510
15.122163
15.122414
15.122528
15.122610
15.122732
15.123088
15.123090
15.123094
15.124028
15.125743
15.126347
15.127845
15.128378
15.128793
15.128934
15.132118
15.133615
15.134063
15.134817
15.135168
15.135996
15.136725
15.138848
15.140347
15.142050
15.142796
15.142947
15.142987
15.143353
15.144806
15.145078
15.146120
15.148640
15.149167
15.149180
15.149401
15.150951
15.151745
15.152342
15.153386
15.153418
15.153537
15.154204
15.154565
15.156754
15.160555
15.160592
15.162972
15.163500
15.164107
15.165377
15.165780
15.166900
15.168748
15.168919
15.170334
15.170557
15.172057
15.172779
15.172881
15.175229
15.175461
15.175470
15.175807
15.176637
15.176924
15.177875
15.178104
15.180214
15.180490
15.181226
15.182098
15.182962
15.183165
15.183576
15.184319
15.185144
15.185149
15.186564
15.188637
15.188954
15.189345
15.190590
15.191291
15.191515
15.191639
15.192291
15.196313
15.197041
15.200026
15.200275
15.201459
15.201801
15.203277
15.203931
15.204370
15.205245
15.207027
15.207993
15.208276
15.208611
15.209420
15.209527
15.209551
15.210035
15.211180
15.211353
15.212209
15.212315
15.212794
15.214725
15.216039
15.218593
15.218716
15.220190
15.220223
15.220802
15.220909
15.222121
15.222159
15.223682
15.224497
15.224685
15.224975
15.225863
15.227292
15.227568
15.227857
15.228044
15.228104
15.228799
15.229763
15.230096
15.230807
15.231050
15.231801
15.234911
15.237279
15.237330
15.237892
15.238786
15.238969
15.240190
15.240786
15.240835
15.241732
15.244144
15.244821
15.246971
15.247222
15.247247
15.248264
15.250775
15.250873
15.252481
15.254669
15.255063
15.255882
15.256178
15.257273
15.257647
15.260236
15.260255
15.260602
15.261524
15.263733
15.264646
15.265752
15.266094
15.268107
15.268326
15.269040
15.269629
15.273442
15.273707
15.274994
15.277513
15.278226
15.278740
15.280321
15.280347
15.281178
15.282516
15.284115
15.284595
15.285726
15.286427
15.286651
15.286780
15.287126
15.288061
15.288084
15.291000
15.292256
15.292705
15.293638
15.294056
15.294169
15.296127
15.296232
15.296704
15.297739
15.300505
15.302024
15.303236
15.304284
15.304432
15.304448
15.305979
15.307174
15.307538
15.307858
15.308610
15.309122
15.309381
15.309713
15.312536
15.312845
15.314140
15.314307
15.315067
15.315553
15.315718
15.315745
15.315903
15.315918
15.316261
15.317623
15.317883
15.318871
15.319078
15.319230
15.319315
15.319674
15.319765
15.320008
15.320491
15.322936
15.322948
15.324257
15.324567
15.324757
15.325347
15.325840
15.327642
15.327806
15.328359
15.328907
15.329270
15.329378
15.330753
15.330770
15.331068
15.331256
15.331688
15.332589
15.334082
15.334428
15.334567
15.334892
15.335923
15.336416
15.336719
15.338134
15.338637
15.340482
15.340693
15.341511
15.342755
15.344554
15.344595
15.344712
15.345298
15.345826
15.346285
15.346644
15.348362
15.349327
15.350049
15.351061
15.352221
15.352529
15.352550
15.352742
15.353493
15.356614
15.357091
15.357316
15.357996
15.358852
15.359255
15.359588
15.359788
15.360109
15.361354
15.361731
15.361866
15.362866
15.363282
15.364386
15.365292
15.365467
15.365743
15.365789
15.366425
15.367130
15.367404
15.368816
15.369526
15.370299
15.370449
15.371907
15.372634
15.373590
15.373683
15.373729
15.374038
15.374368
15.375010
15.375811
15.376827
15.379177
15.379774
15.380825
15.380980
15.381266
15.381611
15.381799
15.382000
15.382462
15.382571
15.382931
15.382942
15.383534
15.383734
15.383775
15.383801
15.383833
15.386040
15.386633
15.388489
15.388621
15.390174
15.391369
15.391445
15.391745
15.391867
15.392178
15.394297
15.394709
15.395694
15.396246
15.396398
15.396551
15.398125
15.399345
15.399379
15.399390
15.402869
15.402882
15.403133
15.403277
15.407756
15.407953
15.407965
15.408154
15.408503
15.409147
15.409473
15.410007
15.410542
15.413609
15.414210
15.414273
15.414691
15.414829
15.415757
15.415757
15.416787
15.417560
15.417682
15.417749
15.417825
15.419045
15.420039
15.420205
15.420531
15.420728
15.420837
15.421165
15.422765
15.424622
15.425076
15.425786
15.426304
15.427128
15.427205
15.427720
15.427874
15.428479
15.428561
15.429157
15.429207
15.429969
15.430678
15.430725
15.431388
15.431899
15.431993
15.432467
15.432532
15.432959
15.433223
15.434218
15.434454
15.434779
15.435071
15.435152
15.436121
15.437273
15.437386
15.437778
15.437928
15.438180
15.439107
15.439294
15.439610
15.439994
15.440501
15.441767
15.441866
15.442171
15.442306
15.442329
15.442333
15.443081
15.444756
15.446796
15.447563
15.447567
15.447704
15.447812
15.448848
15.449507
15.449864
15.450941
15.451201
15.454298
15.454463
15.454560
15.455379
15.455593
15.456194
15.457296
15.457582
15.458436
15.458875
15.459343
15.460212
15.461492
15.463097
15.463179
15.463343
15.465040
15.465178
15.465181
15.467749
15.467846
15.469878
15.470003
15.471049
15.471153
15.471407
15.472621
15.474006
15.474021
15.476604
15.476704
15.476773
15.477404
15.478760
15.478778
15.480184
15.480194
15.480579
15.484412
15.486875
15.487249
15.487443
15.487672
15.487727
15.489655
15.490232
15.490294
15.490484
15.494473
15.494607
15.494899
15.495056
15.495942
15.496798
15.498997
15.499019
15.499938
15.500257
15.500678
15.502121
15.502285
15.502678
15.503211
15.503530
15.505720
15.505927
15.505945
15.506180
15.506183
15.506959
15.507533
15.508233
15.509411
15.510199
15.510845
15.511396
15.512258
15.512282
15.513000
15.513372
15.513385
15.513980
15.514643
15.515240
15.515348
15.516025
15.517504
15.520472
15.521550
15.522133
15.523119
15.523679
15.524008
15.525587
15.525600
15.526307
15.527918
15.528049
15.528133
15.528705
15.529166
15.529325
15.530303
15.530814
15.531979
15.532742
15.532743
15.534071
15.534209
15.534725
15.534914
15.535542
15.536144
15.536874
15.537626
15.537637
15.537698
15.537831
15.538508
15.539299
15.539307
15.540188
15.540734
15.540796
15.541030
15.542011
15.542255
15.542534
15.543493
15.543880
15.544477
15.545061
15.545926
15.547371
15.547814
15.547997
15.548074
15.548164
15.548915
15.549459
15.549544
15.549584
15.549751
15.549917
15.550581
15.550961
15.551036
15.553564
15.555102
15.556283
15.556854
15.557909
15.558143
15.558913
15.558981
15.559464
15.559499
15.559999
15.560000
15.561183
15.561558
15.562838
15.564964
15.565033
15.565317
15.565372
15.565380
15.565486
15.566034
15.566764
15.567365
15.570240
15.570310
15.571415
15.571907
15.572122
15.572699
15.573550
15.573852
15.574329
15.574593
15.575296
15.576933
15.577098
15.578891
15.579250
15.579815
15.580114
15.582055
15.583240
15.585144
15.585164
15.585279
15.585604
15.585616
15.586644
15.586967
15.587852
15.587873
15.588832
15.589528
15.590681
15.591468
15.591827
15.592039
15.592425
15.592572
15.592632
15.592786
15.592913
15.593249
15.593342
15.594765
15.594975
15.595220
15.596213
15.596529
15.596617
15.597281
15.597392
15.599658
15.599921
15.599958
15.601443
15.601491
15.601558
15.601708
15.601922
15.601951
15.602365
15.602535
15.602818
15.602899
15.603016
15.603937
15.604283
15.604823
15.605289
15.606454
15.607214
15.607476
15.607568
15.608298
15.608463
15.608477
15.608871
15.608945
15.609316
15.609596
15.609788
15.609899
15.610070
15.610342
15.610352
15.610675
15.610721
15.611693
15.611835
15.611904
15.612254
15.612759
15.612796
15.612971
15.613564
15.613708
15.614189
15.614365
15.615354
15.616154
15.616243
15.616510
15.616783
15.617024
15.618500
15.618857
15.620633
15.620717
15.620810
15.621114
15.621926
15.621951
15.623404
15.623604
15.623981
15.624640
15.624946
15.625033
15.625325
15.625643
15.625959
15.626085
15.627075
15.627452
15.627462
15.628441
15.629152
15.629475
15.631628
15.632022
15.632127
15.632321
15.632545
15.634617
15.635148
15.636106
15.636709
15.637249
15.638015
15.638259
15.638760
15.639263
15.639301
15.639372
15.639552
15.640310
15.641350
15.641891
15.642661
15.645008
15.645475
15.646386
15.646511
15.646986
15.647281
15.647368
15.647828
15.648454
15.650728
15.651612
15.651752
15.652050
15.652976
15.653210
15.653918
15.654118
15.655107
15.655635
15.655862
15.656409
15.656611
15.657126
15.657199
15.657617
15.657964
15.658000
15.658642
15.659074
15.659260
15.659276
15.659580
15.660405
15.660918
15.661227
15.661262
15.661500
15.662122
15.662485
15.663451
15.665836
15.665935
15.666713
15.667079
15.667122
15.667445
15.668067
15.668674
15.668823
15.669176
15.669874
15.670383
15.670921
15.672482
15.672563
15.672934
15.674183
15.675112
15.675633
15.675703
15.676345
15.676455
15.676471
15.676544
15.676595
15.676728
15.676878
15.677205
15.677299
15.677865
15.678317
15.679411
15.680641
15.680694
15.680785
15.680876
15.681341
15.682337
15.682690
15.683620
15.684233
15.684717
15.685066
15.685093
15.685301
15.685394
15.685499
15.685984
15.686519
15.687347
15.687630
15.689750
15.690573
15.690722
15.690948
15.691865
15.692694
15.692822
15.694673
15.694940
15.695563
15.696018
15.696343
15.697528
15.697628
15.698522
15.698536
15.698627
15.699755
15.699820
15.701251
15.701382
15.701407
15.702418
15.702736
15.702765
15.703355
15.703703
15.704134
15.704497
15.705793
15.706587
15.707547
15.707562
15.707697
15.708672
15.708838
15.708843
15.709368
15.709436
15.710410
15.710896
15.711051
15.711140
15.711851
15.712048
15.714206
15.714396
15.715038
15.716597
15.716656
15.717485
15.718144
15.718158
15.718579
15.719718
15.720342
15.720509
15.721601
15.723083
15.723301
15.724649
15.724748
15.724843
15.725366
15.725721
15.726475
15.726905
15.727319
15.727400
15.728153
15.728305
15.729007
15.729607
15.729692
15.730804
15.731047
15.732553
15.733993
15.735331
15.736909
15.737199
15.737365
15.738224
15.738591
15.739026
15.739026
15.739035
15.740013
15.740251
15.741340
15.741341
15.741734
15.741777
15.742397
15.742702
15.742846
15.743051
15.743139
15.744152
15.744209
15.744256
15.744477
15.744491
15.744905
15.745281
15.746551
15.747441
15.747672
15.747799
15.748052
15.748476
15.749237
15.749643
15.750032
15.750061
15.750276
15.750504
15.751538
15.751670
15.752788
15.753587
15.753612
15.753823
15.754034
15.756369
15.756716
15.756850
15.757285
15.757403
15.757536
15.757716
15.757884
15.758303
15.758488
15.758880
15.758903
15.759353
15.759383
15.759415
15.759577
15.761428
15.761564
15.761753
15.761950
15.762474
15.762603
15.762663
15.763523
15.763843
15.764148
15.765150
15.765439
15.765560
15.765789
15.765994
15.766283
15.766684
15.767176
15.768032
15.770318
15.770625
15.771198
15.771399
15.771615
15.771816
15.772429
15.773103
15.773435
15.774185
15.774224
15.774241
15.774364
15.775702
15.775801
15.776589
15.777748
15.777774
15.778071
15.778345
15.778438
15.780223
15.780529
15.780774
15.781267
15.781376
15.781852
15.782225
15.782480
15.783036
15.783649
15.783894
15.784034
15.784049
15.784913
15.785602
15.787014
15.787869
15.788168
15.788279
15.788451
15.788555
15.788868
15.790649
15.791111
15.791556
15.791957
15.792530
15.792843
15.793006
15.793385
15.793782
15.796812
15.797564
15.798760
15.798878
15.799091
15.799179
15.800457
15.801316
15.801496
15.802064
15.802203
15.802458
15.803379
15.803397
15.803479
15.803764
15.804320
15.804551
15.805792
15.806633
15.807644
15.807683
15.808505
15.809461
15.810061
15.810206
15.810609
15.810927
15.811354
15.811527
15.812219
15.813890
15.815051
15.815445
15.815583
15.815635
15.816126
15.816504
15.817275
15.818521
15.818686
15.818792
15.819042
15.819228
15.819999
15.820052
15.820994
15.821028
15.821053
15.821421
15.821738
15.822950
15.823087
15.823327
15.823513
15.824201
15.825966
15.826083
15.826137
15.827353
15.828164
15.828312
15.828554
15.828660
15.828914
15.829604
15.832428
15.833693
15.833872
15.835081
15.835787
15.836334
15.836633
15.836719
15.837036
15.837344
15.838304
15.839005
15.839184
15.839343
15.839764
15.839972
15.840074
15.840486
15.840495
15.840861
15.841412
15.841755
15.841777
15.841884
15.841973
15.842639
15.842935
15.843054
15.843617
15.843920
15.844762
15.845217
15.845502
15.846027
15.846087
15.847306
15.848824
15.848997
15.849916
15.850722
15.850904
15.851067
15.851071
15.851501
15.851948
15.852402
15.852536
15.852839
15.853173
15.853698
15.853932
15.854283
15.854379
15.854389
15.856121
15.857000
15.857393
15.857615
15.857810
15.858074
15.859585
15.860312
15.860441
15.860639
15.860671
15.861607
15.861854
15.862409
15.862440
15.862589
15.864063
15.864154
15.865602
15.866445
15.866544
15.866971
15.867186
15.867433
15.867924
15.868319
15.868795
15.870224
15.870317
15.870538
15.872399
15.872584
15.872751
15.874074
15.874297
15.875069
15.875326
15.875409
15.875931
15.876064
15.876568
15.876582
15.877737
15.879086
15.879213
15.879301
15.879601
15.879719
15.880404
15.880777
15.880813
15.881024
15.881464
15.881863
15.882151
15.882359
15.882657
15.883262
15.883899
15.883914
15.884523
15.884859
15.885568
15.886686
15.887211
15.887998
15.888083
15.889143
15.889258
15.890100
15.890444
15.890662
15.890930
15.890973
15.891019
15.891095
15.892169
15.892341
15.893834
15.894131
15.894376
15.894381
15.894711
15.895157
15.895368
15.895376
15.895688
15.895889
15.896032
15.896221
15.896466
15.896712
15.896722
15.896785
15.896937
15.897949
15.899128
15.899296
15.899638
15.900322
15.901034
15.901167
15.901797
15.903353
15.903593
15.904467
15.905127
15.905908
15.906092
15.906198
15.906518
15.906710
15.906740
15.907583
15.908923
15.909447
15.909593
15.909820
15.910433
15.911488
15.911530
15.912304
15.913792
15.914074
15.914240
15.914433
15.914441
15.916135
15.916631
15.916663
15.917420
15.917652
15.919031
15.919646
15.920348
15.921734
15.921916
15.922099
15.922299
15.922422
15.922890
15.923650
15.923673
15.923802
15.924092
15.925516
15.926472
15.926489
15.926525
15.926661
15.927059
15.927381
15.927980
15.928781
15.929165
15.929243
15.929477
15.930599
15.930842
15.931108
15.932237
15.932491
15.932782
15.932940
15.933738
15.933800
15.934250
15.934734
15.935381
15.936128
15.936387
15.936646
15.937039
15.937137
15.937603
15.937683
15.937718
15.937846
15.938187
15.938380
15.938383
15.938544
15.939443
15.940014
15.940570
15.940715
15.940855
15.940954
15.941070
15.942068
15.943274
15.944267
15.944562
15.944975
15.946126
15.946174
15.946292
15.946573
15.946612
15.946940
15.948409
15.948503
15.948860
15.949026
15.949260
15.950548
15.950581
15.951419
15.951630
15.952867
15.952931
15.953148
15.954424
15.954622
15.955756
15.956061
15.956129
15.956592
15.957559
15.957667
15.958496
15.958629
15.959383
15.959419
15.959695
15.960079
15.960166
15.960235
15.960638
15.961614
15.961624
15.962029
15.962699
15.963055
15.963066
15.965011
15.965201
15.966890
15.966959
15.966982
15.967017
15.967081
15.967134
15.967186
15.967691
15.968000
15.968136
15.968260
15.968546
15.968912
15.969687
15.969998
15.970893
15.970929
15.971414
15.971460
15.971732
15.972804
15.972847
15.972914
15.973458
15.973785
15.974023
15.974180
15.974611
15.974741
15.974974
15.975398
15.975622
15.976117
15.976452
15.976922
15.977655
15.977772
15.977774
15.978059
15.979559
15.979964
15.979987
15.980246
15.980792
15.981755
15.982172
15.982406
15.982925
15.983739
15.983889
15.983904
15.985115
15.985585
15.985616
15.985744
15.986832
15.986859
15.987289
15.987597
15.987826
15.988698
15.989013
15.990567
15.991098
15.991149
15.991229
15.992180
15.992515
15.992890
15.993189
15.994191
15.994230
15.994794
15.995847
15.996095
15.996776
15.997691
15.998900
15.999168
16.000322
16.001118
16.001181
16.002434
16.002781
16.002842
16.003693
16.003731
16.003765
16.004807
16.004873
16.004919
16.005030
16.005117
16.006170
16.006273
16.006403
16.006815
16.007212
16.007605
16.007780
16.007860
16.007870
16.007936
16.008184
16.009111
16.009521
16.009645
16.010023
16.010252
16.011486
16.011862
16.012218
16.012783
16.013523
16.013624
16.014017
16.014183
16.014286
16.015762
16.016281
16.016394
16.017397
16.019989
16.020000
16.020521
16.021152
16.021223
16.021624
16.021936
16.022287
16.023151
16.024641
16.024881
16.025721
16.026060
16.026155
16.026190
16.027121
16.027451
16.027468
16.028130
16.028778
16.028887
16.030582
16.030699
16.030756
16.032227
16.032696
16.032864
16.034214
16.034916
16.035107
16.036097
16.036127
16.036608
16.036613
16.037001
16.037912
16.038046
16.038137
16.038395
16.038816
16.039371
16.039381
16.039654
16.040787
16.041067
16.041544
16.041859
16.042252
16.042290
16.043207
16.044243
16.044720
16.045275
16.045744
16.047018
16.047056
16.047207
16.047327
16.047701
16.047964
16.048193
16.048510
16.049091
16.049431
16.049572
16.049728
16.050634
16.051598
16.052080
16.052227
16.053207
16.053213
16.053656
16.053764
16.055521
16.055601
16.055689
16.056196
16.056726
16.057110
16.057125
16.057489
16.058287
16.058531
16.058586
16.058609
16.058718
16.058846
16.059095
16.059351
16.059387
16.061108
16.061226
16.061434
16.062418
16.062792
16.063200
16.063774
16.063848
16.063946
16.064043
16.064203
16.064226
16.064308
16.064314
16.064445
16.064478
16.064953
16.065262
16.065689
16.065813
16.065897
16.067089
16.067293
16.067482
16.067678
16.067848
16.068129
16.068291
16.068985
16.069321
16.069523
16.069778
16.069885
16.070444
16.070593
16.070694
16.071260
16.071657
16.071712
16.072927
16.073948
16.074303
16.074785
16.074911
16.075047
16.075502
16.076347
16.078657
16.078810
16.078836
16.079702
16.080936
16.081173
16.082514
16.082609
16.082649
16.082727
16.083414
16.084520
16.084522
16.084597
16.084772
16.084780
16.085293
16.085424
16.086527
16.086803
16.086901
16.087603
16.087713
16.088581
16.088688
16.089338
16.089840
16.090218
16.090403
16.090561
16.090847
16.091074
16.091085
16.091749
16.091763
16.092730
16.093061
16.093212
16.093317
16.093590
16.094110
16.094143
16.094242
16.094984
16.095043
16.095451
16.095778
16.096197
16.096983
16.097141
16.098080
16.099091
16.099924
16.100264
16.100647
16.101274
16.101465
16.101559
16.101637
16.102243
16.102369
16.102697
16.102753
16.103342
16.104021
16.104807
16.105690
16.106089
16.106369
16.107172
16.107298
16.107718
16.107807
16.108057
16.108269
16.108479
16.108688
16.108728
16.108883
16.109413
16.110018
16.110081
16.110125
16.110327
16.110571
16.111805
16.112093
16.112236
16.112431
16.113228
16.113796
16.114388
16.115479
16.117054
16.117107
16.121281
16.121506
16.122168
16.122990
16.124018
16.124058
16.124462
16.124506
16.124588
16.124697
16.125217
16.125399
16.126530
16.126667
16.126951
16.127607
16.128860
16.129059
16.129236
16.129272
16.130035
16.130278
16.130613
16.130846
16.130968
16.131191
16.131365
16.131433
16.131916
16.132721
16.132992
16.133244
16.133268
16.135187
16.135441
16.135454
16.135468
16.136036
16.138111
16.138895
16.139086
16.139456
16.139629
16.140310
16.140417
16.140451
16.140648
16.140881
16.141048
16.141117
16.141384
16.141462
16.141495
16.142696
16.143263
16.145075
16.145098
16.145132
16.146137
16.146276
16.146826
16.148127
16.148352
16.148672
16.148972
16.149010
16.149033
16.149696
16.149824
16.150841
16.151903
16.152988
16.153046
16.153906
16.154463
16.154528
16.155279
16.156115
16.156170
16.156481
16.156527
16.157244
16.157402
16.158125
16.159243
16.160589
16.160759
16.161037
16.161472
16.161695
16.162167
16.162426
16.162783
16.162964
16.163313
16.163597
16.164862
16.165119
16.165268
16.165842
16.165874
16.165962
16.166042
16.166168
16.166298
16.166454
16.167301
16.167360
16.167530
16.168156
16.168287
16.169024
16.169865
16.170218
16.170553
16.171837
16.171850
16.171957
16.172440
16.172600
16.173525
16.173582
16.173910
16.174002
16.174274
16.175926
16.176268
16.176567
16.177935
16.178217
16.178364
16.178455
16.178720
16.178959
16.180872
16.181644
16.182014
16.183102
16.183857
16.184189
16.184769
16.184959
16.185335
16.185474
16.185644
16.186672
16.188168
16.188627
16.191828
16.192265
16.192862
16.193907
16.194384
16.194677
16.194925
16.196100
16.196106
16.196424
16.197130
16.197197
16.197281
16.197727
16.198290
16.198788
16.199148
16.199383
16.199898
16.200148
16.200333
16.200377
16.200478
16.201019
16.201496
16.201744
16.202028
16.202711
16.203161
16.203432
16.203512
16.204512
16.204906
16.205130
16.205589
16.205706
16.205898
16.205927
16.206112
16.206879
16.207483
16.208311
16.208513
16.208601
16.209137
16.209969
16.210192
16.210264
16.210379
16.210678
16.211445
16.212154
16.212677
16.213182
16.213610
16.214005
16.214500
16.215784
16.216484
16.217247
16.217310
16.218018
16.218241
16.218529
16.218809
16.219114
16.219862
16.220154
16.220882
16.222746
16.222773
16.223719
16.224573
16.225338
16.225363
16.225418
16.225504
16.226900
16.227539
16.229069
16.229342
16.229515
16.229876
16.229973
16.230156
16.230610
16.231243
16.231531
16.231689
16.231712
16.232239
16.232367
16.232809
16.232847
16.232851
16.233599
16.233921
16.234118
16.234259
16.235769
16.236408
16.236414
16.237282
16.237751
16.240582
16.241838
16.242373
16.242559
16.243526
16.243904
16.244202
16.245995
16.247545
16.248066
16.249193
16.249525
16.250162
16.250423
16.250509
16.250679
16.250761
16.250835
16.251307
16.251497
16.252125
16.252279
16.252991
16.253197
16.253263
16.253941
16.254696
16.254787
16.255011
16.255354
16.255396
16.255434
16.255589
16.256021
16.256905
16.258013
16.258354
16.259153
16.260765
16.260939
16.261160
16.261517
16.262060
16.262112
16.263462
16.264021
16.264050
16.264456
16.264494
16.264772
16.265158
16.266048
16.266777
16.267746
16.269083
16.269115
16.269663
16.270596
16.270811
16.271652
16.271719
16.272507
16.272755
16.273039
16.273050
16.273172
16.273228
16.273399
16.274570
16.274660
16.275137
16.275494
16.275784
16.276222
16.276926
16.277452
16.278004
16.279211
16.279547
16.279558
16.279646
16.279839
16.280106
16.280153
16.280418
16.280664
16.280796
16.281651
16.282562
16.283472
16.283567
16.284639
16.284975
16.285435
16.285826
16.286091
16.286261
16.287264
16.287748
16.287935
16.288715
16.289028
16.289122
16.289606
16.289928
16.291193
16.291334
16.291443
16.291679
16.292044
16.293142
16.293646
16.293873
16.293924
16.294659
16.295238
16.295755
16.296410
16.297186
16.297813
16.298002
16.298143
16.299236
16.299404
16.299564
16.300310
16.300587
16.300713
16.301704
16.301718
16.303503
16.303799
16.304062
16.304558
16.304564
16.304569
16.305403
16.305595
16.306097
16.306541
16.306850
16.307098
16.307644
16.307981
16.308035
16.308470
16.308683
16.308773
16.309158
16.309431
16.310188
16.310324
16.310478
16.310654
16.311613
16.312651
16.314089
16.314472
16.315294
16.315390
16.315489
16.315668
16.315931
16.316664
16.316685
16.317530
16.317881
16.319067
16.319233
16.321421
16.321955
16.322908
16.323349
16.323509
16.323719
16.323986
16.324392
16.325661
16.326317
16.327194
16.327200
16.327381
16.328138
16.328299
16.328655
16.328688
16.329643
16.329992
16.331627
16.333143
16.333464
16.334440
16.336269
16.338676
16.338776
16.339060
16.341347
16.341398
16.341608
16.341631
16.341906
16.342258
16.343189
16.344746
16.345112
16.346861
16.346939
16.347040
16.347076
16.347538
16.347595
16.348488
16.348549
16.348999
16.350889
16.351130
16.351734
16.352404
16.352625
16.352718
16.353363
16.354784
16.354916
16.355076
16.356285
16.357595
16.357603
16.357658
16.357729
16.359985
16.361370
16.362043
16.363325
16.363432
16.364380
16.365398
16.365696
16.365774
16.366934
16.367195
16.367420
16.369833
16.371382
16.372042
16.372351
16.372564
16.373152
16.374680
16.374962
16.375061
16.375437
16.375513
16.375992
16.376472
16.377060
16.377214
16.377794
16.380831
16.381231
16.381435
16.381975
16.382284
16.382650
16.383083
16.383102
16.383968
16.384912
16.385555
16.385675
16.386192
16.386267
16.387415
16.387686
16.387817
16.387930
16.388836
16.389656
16.390419
16.390705
16.392038
16.392097
16.394674
16.395357
16.395971
16.396154
16.396202
16.396809
16.397272
16.398472
16.399487
16.399494
16.401274
16.401701
16.402300
16.403156
16.403273
16.403723
16.404102
16.404285
16.404354
16.405071
16.405252
16.405281
16.405602
16.406691
16.407030
16.407612
16.408270
16.409163
16.410404
16.411478
16.411715
16.412949
16.414019
16.414471
16.414898
16.415007
16.415236
16.415319
16.415911
16.416607
16.417763
16.418631
16.419437
16.420012
16.421162
16.421768
16.423386
16.423849
16.424063
16.424589
16.424601
16.424942
16.427050
16.427139
16.427200
16.427370
16.427547
16.428263
16.428463
16.428589
16.429535
16.430134
16.430773
16.431599
16.432356
16.432686
16.432884
16.433216
16.433397
16.434546
16.435152
16.435165
16.435724
16.436216
16.436869
16.438484
16.438679
16.438694
16.438696
16.439161
16.440151
16.440180
16.441734
16.441895
16.442369
16.443396
16.444508
16.445011
16.445889
16.445929
16.446283
16.446768
16.446827
16.447636
16.448870
16.449890
16.449991
16.450089
16.450245
16.450363
16.450832
16.450838
16.451128
16.451458
16.452259
16.452440
16.454313
16.454840
16.455137
16.455717
16.456751
16.457012
16.457024
16.459587
16.459780
16.460527
16.461218
16.461538
16.461758
16.462353
16.462477
16.462738
16.463200
16.463505
16.464153
16.464163
16.464300
16.465059
16.465164
16.465721
16.465845
16.465981
16.466137
16.466208
16.466951
16.467209
16.467216
16.467319
16.467545
16.467941
16.468374
16.469666
16.471956
16.473034
16.475267
16.475487
16.476398
16.477016
16.477240
16.477320
16.477362
16.477463
16.477539
16.478405
16.478498
16.478600
16.479200
16.479757
16.480103
16.480192
16.480221
16.480268
16.480598
16.482319
16.482548
16.483879
16.484228
16.484505
16.484961
16.485607
16.485857
16.486166
16.486544
16.486597
16.487968
16.488146
16.488386
16.490089
16.491489
16.491632
16.491636
16.491798
16.491816
16.492027
16.492165
16.492456
16.492880
16.493122
16.493574
16.495529
16.495958
16.496162
16.497210
16.497213
16.497463
16.497580
16.498203
16.498516
16.498795
16.499100
16.499447
16.499775
16.500685
16.500862
16.501318
16.501436
16.501692
16.501936
16.502552
16.503098
16.503368
16.503447
16.505060
16.505114
16.505272
16.505507
16.506216
16.506338
16.506466
16.506889
16.507111
16.507408
16.508257
16.508762
16.509562
16.511171
16.511780
16.511879
16.512709
16.513006
16.514166
16.514885
16.514999
16.515598
16.516228
16.516666
16.517662
16.517729
16.518555
16.518688
16.520164
16.520342
16.520638
16.521093
16.522223
16.522354
16.522928
16.522980
16.524302
16.525127
16.525291
16.525593
16.526016
16.526161
16.526413
16.526697
16.527893
16.529280
16.529325
16.530880
16.531023
16.531248
16.531380
16.533169
16.533411
16.533867
16.534040
16.534218
16.536465
16.537571
16.537767
16.537998
16.538214
16.538765
16.539455
16.539602
16.540512
16.540943
16.541647
16.541662
16.541687
16.542339
16.542503
16.543072
16.543329
16.544310
16.544527
16.546463
16.547031
16.547434
16.548010
16.548491
16.549091
16.549929
16.550913
16.551107
16.552259
16.552912
16.552925
16.553421
16.553755
16.553806
16.553896
16.554222
16.554453
16.554531
16.554844
16.555006
16.555365
16.555408
16.555933
16.557167
16.557650
16.557661
16.557961
16.558096
16.558157
16.558779
16.558941
16.559256
16.559742
16.560186
16.561125
16.561632
16.561953
16.562826
16.563074
16.564438
16.564486
16.566484
16.566969
16.567057
16.567476
16.568092
16.568207
16.568573
16.568575
16.568777
16.569593
16.569876
16.569910
16.570541
16.573734
16.574251
16.575525
16.576433
16.576546
16.577234
16.577246
16.577290
16.577511
16.578020
16.578690
16.578693
16.579216
16.579319
16.579683
16.580042
16.580946
16.581711
16.581789
16.581902
16.582024
16.583126
16.583454
16.584084
16.585209
16.586523
16.586985
16.587170
16.588150
16.588640
16.589224
16.589739
16.590036
16.590059
16.590408
16.590975
16.591131
16.591372
16.591806
16.592064
16.592468
16.592766
16.592955
16.593254
16.594152
16.594469
16.594503
16.594736
16.594770
16.595034
16.595543
16.595604
16.596878
16.597391
16.599300
16.599720
16.600111
16.600582
16.600887
16.601500
16.601538
16.602331
16.602407
16.602524
16.602619
16.602703
16.602863
16.603054
16.603498
16.603506
16.603893
16.604004
16.604147
16.605083
16.605915
16.606987
16.607111
16.607683
16.608158
16.608238
16.608734
16.609051
16.609077
16.609411
16.610773
16.610838
16.611137
16.612223
16.612652
16.612764
16.614664
16.615915
16.616642
16.616919
16.617325
16.618059
16.619526
16.620140
16.621046
16.621273
16.621510
16.621529
16.621977
16.622505
16.623632
16.623789
16.624678
16.624691
16.625040
16.625048
16.625870
16.626139
16.626947
16.627169
16.628851
16.629507
16.630375
16.630590
16.630623
16.630709
16.631855
16.632036
16.632343
16.632893
16.633369
16.633879
16.634544
16.635677
16.636782
16.637159
16.638041
16.638174
16.638809
16.638882
16.639307
16.639561
16.639776
16.639849
16.640078
16.640108
16.640120
16.640158
16.640753
16.641834
16.641893
16.642281
16.642788
16.643415
16.644093
16.644724
16.644949
16.645006
16.645405
16.645439
16.646029
16.646290
16.646584
16.647072
16.647636
16.649025
16.649727
16.652582
16.654425
16.654789
16.655020
16.655378
16.655441
16.655539
16.656174
16.657370
16.657434
16.658878
16.659906
16.660055
16.660070
16.660688
16.661217
16.661541
16.662365
16.662493
16.662783
16.663130
16.663265
16.663340
16.663378
16.663540
16.663620
16.664127
16.664761
16.665934
16.666481
16.667166
16.667955
16.668211
16.668291
16.668516
16.669502
16.669548
16.670628
16.670958
16.671635
16.673105
16.673407
16.673641
16.674469
16.674545
16.675526
16.675703
16.677750
16.677776
16.677876
16.678295
16.678631
16.678646
16.678804
16.678877
16.678890
16.679216
16.679243
16.679373
16.679604
16.679930
16.680197
16.680317
16.684216
16.684233
16.684320
16.684599
16.684662
16.685175
16.685429
16.686354
16.687132
16.687891
16.688429
16.689535
16.689920
16.692783
16.692787
16.693247
16.693544
16.695143
16.695707
16.695854
16.696957
16.697210
16.697720
16.698259
16.698637
16.699684
16.699718
16.699942
16.700642
16.700903
16.701590
16.702280
16.702738
16.703268
16.703718
16.705090
16.705687
16.706306
16.707874
16.708696
16.709215
16.709343
16.709490
16.709917
16.710714
16.710941
16.713776
16.713926
16.715178
16.715912
16.715944
16.717176
16.718050
16.718243
16.718529
16.718708
16.719185
16.719307
16.721207
16.721561
16.721586
16.721825
16.723316
16.723703
16.724712
16.725620
16.725723
16.725744
16.725904
16.727673
16.727997
16.728132
16.729223
16.729664
16.730019
16.730951
16.731728
16.732113
16.733196
16.733700
16.734444
16.736261
16.736956
16.737160
16.737499
16.737520
16.737774
16.738064
16.738377
16.738611
16.739334
16.739571
16.740448
16.740923
16.741194
16.741917
16.742174
16.742458
16.743271
16.743444
16.743965
16.744038
16.744482
16.745569
16.745621
16.745768
16.746136
16.746157
16.746712
16.746744
16.746838
16.747156
16.747782
16.748154
16.749678
16.749769
16.750448
16.751038
16.751808
16.752018
16.752386
16.752493
16.753105
16.753422
16.754679
16.756283
16.757236
16.757952
16.758570
16.759018
16.760239
16.761707
16.762075
16.763279
16.764023
16.764206
16.764687
16.766014
16.766111
16.766314
16.766975
16.767282
16.767847
16.767971
16.768503
16.769676
16.770281
16.770401
16.770451
16.770466
16.770702
16.771210
16.771446
16.772142
16.772316
16.772541
16.772738
16.772968
16.773191
16.773626
16.775303
16.776371
16.776470
16.779514
16.779554
16.779575
16.779886
16.780502
16.780519
16.781057
16.781507
16.782005
16.782427
16.782825
16.782942
16.783100
16.783138
16.785219
16.785276
16.785311
16.785494
16.785713
16.786369
16.786570
16.788383
16.788528
16.788605
16.789192
16.789801
16.790182
16.790319
16.791447
16.793114
16.793455
16.793493
16.793661
16.793840
16.794279
16.795492
16.795685
16.795708
16.795813
16.799143
16.799210
16.799831
16.799896
16.800352
16.801058
16.801455
16.801479
16.801680
16.801979
16.802551
16.802788
16.803453
16.803930
16.804092
16.806370
16.808186
16.811081
16.812353
16.812519
16.813560
16.814705
16.815079
16.815319
16.815372
16.816071
16.816111
16.816368
16.816423
16.816872
16.817080
16.817207
16.817362
16.818113
16.818777
16.819029
16.819094
16.819483
16.819708
16.820257
16.820847
16.821085
16.821814
16.821827
16.824337
16.824953
16.825378
16.825661
16.825924
16.828167
16.829128
16.829235
16.830341
16.830450
16.831442
16.831945
16.832148
16.832571
16.833069
16.833132
16.833876
16.833946
16.833967
16.834118
16.834469
16.835135
16.835451
16.835554
16.835585
16.836048
16.836233
16.838152
16.838297
16.838593
16.840002
16.840109
16.840126
16.840431
16.841646
16.842619
16.843468
16.844564
16.845299
16.845348
16.845404
16.846308
16.846916
16.847128
16.847954
16.848370
16.848738
16.849363
16.849430
16.849833
16.853317
16.853872
16.854666
16.857172
16.857609
16.858307
16.860136
16.860971
16.861252
16.862415
16.862951
16.862953
16.863132
16.863506
16.863794
16.864031
16.864067
16.865337
16.866240
16.866613
16.867090
16.867550
16.868420
16.869724
16.870123
16.870422
16.870520
16.870680
16.870922
16.871305
16.873659
16.873707
16.874203
16.874428
16.874464
16.875412
16.875820
16.876497
16.877396
16.877787
16.877981
16.878296
16.879084
16.879564
16.880976
16.881060
16.881161
16.881737
16.881842
16.882504
16.882750
16.883429
16.883610
16.884798
16.885675
16.885794
16.886400
16.886421
16.887466
16.887671
16.887756
16.887869
16.888399
16.888609
16.889076
16.889881
16.891100
16.892731
16.892925
16.893269
16.894079
16.894264
16.894337
16.894878
16.895077
16.896410
16.897032
16.897049
16.897188
16.897394
16.897724
16.897827
16.899544
16.900127
16.900902
16.901047
16.902021
16.902149
16.902222
16.902966
16.903002
16.903234
16.903709
16.904074
16.904341
16.904676
16.904701
16.905327
16.905403
16.905502
16.908049
16.908974
16.909906
16.911079
16.912125
16.912991
16.913940
16.914446
16.915409
16.916239
16.916466
16.916815
16.918276
16.918493
16.919445
16.919537
16.919992
16.921465
16.921587
16.922195
16.922300
16.922836
16.922852
16.924187
16.924200
16.924255
16.924557
16.924913
16.924959
16.925064
16.925325
16.926046
16.926466
16.926594
16.927370
16.928251
16.929140
16.929352
16.929451
16.930136
16.930304
16.930325
16.930387
16.931995
16.932835
16.933702
16.934025
16.934265
16.934357
16.934496
16.936815
16.936907
16.937517
16.938662
16.938700
16.940218
16.941339
16.941954
16.942905
16.944405
16.944969
16.945505
16.945719
16.945864
16.946028
16.946703
16.946821
16.948448
16.948595
16.949984
16.950117
16.951298
16.951494
16.951584
16.952490
16.952539
16.953764
16.954073
16.954130
16.954868
16.955669
16.955875
16.956018
16.957237
16.957460
16.960754
16.961302
16.961388
16.961737
16.962448
16.962883
16.963400
16.963720
16.965483
16.965563
16.966192
16.966276
16.966349
16.968437
16.968971
16.968975
16.969103
16.971563
16.972498
16.973139
16.973923
16.975643
16.975956
16.976591
16.976664
16.977823
16.978037
16.978100
16.978256
16.978413
16.980156
16.980770
16.980980
16.981285
16.981329
16.981867
16.983545
16.984083
16.984270
16.984802
16.985285
16.985531
16.985954
16.986042
16.986139
16.986258
16.986526
16.987690
16.988173
16.988489
16.988499
16.990114
16.990335
16.990486
16.991241
16.991316
16.991951
16.992968
16.993261
16.993408
16.993862
16.994070
16.995020
16.995262
16.995432
16.995853
16.996344
16.996647
16.996761
16.997366
16.998291
16.998421
16.998571
16.998936
16.999199
16.999409
16.999958
17.000439
17.000870
17.000984
17.001215
17.001581
17.001659
17.002138
17.002588
17.002691
17.004557
17.005219
17.005878
17.006264
17.006561
17.007099
17.007160
17.007385
17.007629
17.008123
17.008131
17.009272
17.009308
17.010086
17.010334
17.010530
17.013117
17.013475
17.013828
17.013844
17.014393
17.014803
17.014870
17.014872
17.015232
17.015593
17.016132
17.016676
17.016710
17.017738
17.017822
17.017967
17.018124
17.019032
17.019329
17.019875
17.020605
17.020926
17.022257
17.022263
17.022951
17.024996
17.025366
17.025812
17.025852
17.025913
17.026148
17.026264
17.026604
17.026907
17.027340
17.027466
17.028444
17.028910
17.029448
17.029554
17.030510
17.030525
17.031691
17.031893
17.032520
17.032774
17.032795
17.032949
17.034935
17.035320
17.036673
17.036907
17.037821
17.037849
17.037920
17.038544
17.039291
17.040075
17.040665
17.041540
17.042048
17.042639
17.043596
17.044123
17.044250
17.046526
17.048386
17.048969
17.049746
17.050364
17.050800
17.051086
17.052151
17.052456
17.052959
17.053329
17.053364
17.053591
17.054371
17.054436
17.054510
17.054514
17.054588
17.055218
17.056944
17.057968
17.058916
17.059408
17.059433
17.059824
17.061062
17.061323
17.062206
17.062735
17.062828
17.063082
17.064655
17.065458
17.066654
17.068283
17.068743
17.071068
17.073545
17.073658
17.073849
17.074972
17.076021
17.076281
17.076403
17.077099
17.077515
17.078558
17.079075
17.080353
17.080641
17.081099
17.081369
17.082253
17.082830
17.083954
17.084135
17.084364
17.084621
17.085367
17.085775
17.085892
17.085913
17.086262
17.086645
17.086956
17.088335
17.088964
17.089540
17.089684
17.089890
17.091330
17.091793
17.091881
17.092897
17.093405
17.093622
17.094040
17.094170
17.095148
17.096184
17.096994
17.098051
17.098269
17.099022
17.099401
17.101273
17.101528
17.102674
17.102959
17.103056
17.103386
17.103548
17.104107
17.104136
17.104477
17.105061
17.106098
17.106352
17.106413
17.106621
17.108175
17.108646
17.108681
17.108889
17.109802
17.111012
17.111433
17.111567
17.111897
17.111977
17.112215
17.112617
17.113001
17.113615
17.113798
17.113970
17.114019
17.114546
17.115612
17.116919
17.117781
17.118500
17.118656
17.118742
17.119453
17.119457
17.119585
17.119989
17.120441
17.120480
17.120687
17.122272
17.122618
17.122879
17.122892
17.123621
17.124113
17.124306
17.125002
17.125040
17.125271
17.125956
17.126575
17.127714
17.127829
17.129728
17.130230
17.131514
17.133610
17.133705
17.135107
17.135324
17.135578
17.135670
17.136221
17.136232
17.136312
17.137041
17.138021
17.138105
17.138132
17.138294
17.138405
17.138830
17.139069
17.139788
17.140034
17.140448
17.140593
17.140718
17.142134
17.142323
17.142538
17.143425
17.143690
17.143873
17.143877
17.144016
17.144854
17.145781
17.146406
17.146843
17.147530
17.148096
17.148750
17.151514
17.152140
17.152407
17.152540
17.152571
17.152573
17.152697
17.152840
17.153837
17.154232
17.154598
17.155499
17.156063
17.156393
17.156502
17.157602
17.157677
17.157942
17.158617
17.159750
17.161085
17.161161
17.162066
17.162397
17.162560
17.163155
17.165281
17.166403
17.166481
17.168242
17.168249
17.168705
17.168867
17.169048
17.169365
17.170126
17.170652
17.171633
17.171795
17.171829
17.172262
17.173191
17.173712
17.174255
17.174646
17.175879
17.175995
17.176239
17.177446
17.177534
17.177574
17.177837
17.177994
17.178335
17.179022
17.179325
17.180546
17.182369
17.182423
17.182589
17.182861
17.183266
17.183435
17.184036
17.184824
17.184940
17.185293
17.185888
17.186487
17.186533
17.186842
17.187582
17.188267
17.188747
17.189274
17.189901
17.194986
17.195614
17.195656
17.196985
17.197393
17.198915
17.199541
17.199734
17.200224
17.200249
17.200411
17.201345
17.202158
17.203106
17.203571
17.203798
17.203897
17.203949
17.204792
17.205294
17.206310
17.207796
17.208397
17.208752
17.209108
17.209219
17.210094
17.210234
17.210304
17.210411
17.210724
17.212326
17.212589
17.213457
17.214342
17.215027
17.215271
17.215593
17.216190
17.217165
17.217640
17.217844
17.218277
17.218906
17.220310
17.220463
17.221123
17.221142
17.221144
17.221296
17.222116
17.222363
17.222923
17.225168
17.225433
17.225584
17.225660
17.225962
17.226801
17.227339
17.227890
17.228054
17.228470
17.228542
17.229038
17.229624
17.231010
17.231541
17.231714
17.232548
17.232962
17.233210
17.233360
17.234404
17.234900
17.235260
17.235365
17.236816
17.236986
17.238092
17.238125
17.238194
17.239178
17.240057
17.240257
17.240387
17.240812
17.243095
17.243231
17.244207
17.244371
17.244793
17.245464
17.245609
17.247149
17.247227
17.247557
17.247833
17.248001
17.248898
17.249178
17.249889
17.249943
17.250870
17.251869
17.252171
17.252804
17.253080
17.253595
17.254864
17.256258
17.256310
17.256666
17.256853
17.257111
17.257215
17.257584
17.258146
17.260582
17.261143
17.262295
17.262775
17.263151
17.264347
17.264481
17.264498
17.264521
17.264938
17.266422
17.266457
17.266731
17.266825
17.267073
17.267820
17.270073
17.271576
17.272154
17.272821
17.272907
17.272924
17.274080
17.274115
17.274914
17.275833
17.276012
17.276087
17.276318
17.276827
17.277115
17.277210
17.277430
17.278564
17.281218
17.282087
17.282118
17.282415
17.282589
17.283155
17.284922
17.285349
17.285881
17.288103
17.288221
17.288858
17.289307
17.289406
17.291018
17.291405
17.291452
17.291849
17.292480
17.292616
17.293262
17.293306
17.293388
17.293407
17.293648
17.293839
17.294695
17.295078
17.295109
17.296003
17.296946
17.297234
17.297691
17.298214
17.298368
17.299383
17.300369
17.300690
17.302334
17.302723
17.303188
17.303329
17.303463
17.303726
17.304497
17.304840
17.305061
17.305717
17.307335
17.307362
17.307884
17.308222
17.308323
17.308830
17.309752
17.310146
17.310266
17.310820
17.312141
17.312649
17.313589
17.313618
17.314550
17.315311
17.316198
17.316231
17.316397
17.316885
17.317280
17.317766
17.318323
17.318396
17.318705
17.319782
17.320045
17.320478
17.321096
17.321808
17.322624
17.323193
17.323593
17.323843
17.324522
17.325232
17.325323
17.325653
17.325815
17.326014
17.326092
17.326187
17.326332
17.326666
17.326801
17.327389
17.327724
17.328449
17.329296
17.329647
17.329990
17.330212
17.330767
17.331202
17.331787
17.332521
17.333021
17.334824
17.334913
17.335457
17.335653
17.337177
17.338112
17.339605
17.339689
17.340122
17.340221
17.341509
17.342848
17.343496
17.343670
17.343897
17.344872
17.345686
17.346663
17.347301
17.347620
17.348198
17.350353
17.350794
17.350933
17.351410
17.351694
17.352169
17.352392
17.352634
17.352673
17.352755
17.353064
17.353506
17.353735
17.354168
17.354965
17.356691
17.356939
17.357498
17.358131
17.358212
17.358467
17.358500
17.358700
17.358942
17.359018
17.361931
17.362583
17.362846
17.363575
17.364565
17.364634
17.365267
17.365559
17.366070
17.366098
17.367615
17.368177
17.368366
17.369165
17.370428
17.370905
17.371368
17.371445
17.372673
17.372778
17.373016
17.373072
17.374344
17.374693
17.376415
17.376503
17.377127
17.381187
17.382013
17.382484
17.382998
17.383228
17.383383
17.384449
17.384586
17.385931
17.385996
17.386412
17.386992
17.388296
17.388525
17.388559
17.391504
17.391912
17.392614
17.393255
17.393867
17.394382
17.394745
17.395782
17.396324
17.396751
17.397871
17.397877
17.398088
17.398611
17.398687
17.400991
17.401297
17.401674
17.401924
17.402159
17.403311
17.403448
17.403633
17.403708
17.404858
17.405157
17.405523
17.407372
17.408058
17.408592
17.408640
17.409531
17.412062
17.413181
17.413454
17.413980
17.414888
17.415632
17.416214
17.416613
17.416628
17.416832
17.416878
17.417645
17.418186
17.418201
17.419224
17.419636
17.419941
17.421780
17.421942
17.424145
17.424284
17.424778
17.426521
17.426563
17.426598
17.430470
17.431570
17.431723
17.431833
17.432808
17.433580
17.436617
17.436752
17.438070
17.438314
17.438347
17.438400
17.439283
17.439608
17.440372
17.441080
17.442348
17.442362
17.442398
17.442511
17.442924
17.443434
17.443460
17.443508
17.444475
17.444559
17.444935
17.445463
17.446226
17.450478
17.451210
17.451338
17.451639
17.451645
17.453077
17.453463
17.453962
17.454309
17.454363
17.455286
17.455715
17.456875
17.457361
17.457438
17.457516
17.458019
17.458031
17.458214
17.458572
17.458679
17.458876
17.459330
17.459473
17.459904
17.460583
17.460964
17.461315
17.461645
17.462046
17.462534
17.463312
17.466051
17.466198
17.467068
17.467274
17.467569
17.468023
17.468800
17.469734
17.469921
17.470669
17.470848
17.470881
17.471180
17.471214
17.471329
17.472033
17.472195
17.472210
17.473799
17.474310
17.474504
17.474873
17.475647
17.476032
17.477793
17.477978
17.478157
17.478903
17.479580
17.479864
17.482277
17.482418
17.482450
17.483395
17.484367
17.484428
17.484451
17.484543
17.485458
17.485893
17.486637
17.486998
17.487940
17.487949
17.487968
17.489189
17.489407
17.489620
17.490849
17.491417
17.492907
17.495352
17.497356
17.497471
17.497517
17.497780
17.498655
17.499750
17.500086
17.500301
17.500921
17.501192
17.502413
17.503471
17.504261
17.504564
17.504711
17.504999
17.505383
17.507206
17.507465
17.507692
17.508545
17.508604
17.510176
17.510242
17.510889
17.512129
17.512890
17.513815
17.513859
17.515059
17.517284
17.517811
17.518751
17.519911
17.524014
17.524509
17.524776
17.528343
17.529194
17.529310
17.530136
17.530521
17.531164
17.531536
17.533470
17.534576
17.535585
17.537729
17.537916
17.539581
17.540144
17.541162
17.542826
17.543297
17.543713
17.543850
17.544374
17.545681
17.546928
17.547215
17.547527
17.550400
17.550892
17.551819
17.552441
17.552736
17.553514
17.553596
17.553692
17.554703
17.556561
17.557081
17.557915
17.559679
17.559870
17.560406
17.560610
17.560705
17.561575
17.561586
17.562943
17.563345
17.563520
17.563648
17.564175
17.564398
17.564453
17.565081
17.565323
17.565773
17.567238
17.567387
17.567915
17.569611
17.571753
17.572262
17.574318
17.575562
17.577412
17.580902
17.580925
17.581020
17.581417
17.581972
17.581993
17.582939
17.583036
17.583895
17.584953
17.585129
17.585152
17.585642
17.587427
17.588360
17.589928
17.590408
17.590815
17.594177
17.594536
17.594955
17.596392
17.599352
17.601015
17.601082
17.601856
17.602570
17.604473
17.605095
17.606524
17.607574
17.608807
17.610004
17.611666
17.613407
17.613558
17.613663
17.615908
17.616419
17.616858
17.618877
17.618942
17.619843
17.620108
17.620132
17.620703
17.622164
17.622835
17.625374
17.627024
17.627726
17.628923
17.629810
17.630169
17.630842
17.632502
17.633415
17.634035
17.634459
17.636292
17.636652
17.638823
17.639444
17.641882
17.643223
17.643909
17.644304
17.645340
17.645489
17.645676
17.646103
17.649204
17.649567
17.649958
17.650318
17.652374
17.653328
17.653980
17.655130
17.655499
17.656038
17.656321
17.656683
17.657495
17.657946
17.659433
17.660360
17.661280
17.661283
17.661617
17.663954
17.664007
17.664993
17.666138
17.670382
17.671230
17.671988
17.672571
17.673075
17.674204
17.674446
17.676153
17.676521
17.676689
17.677452
17.678097
17.678787
17.679617
17.679882
17.682470
17.682802
17.682924
17.685541
17.686211
17.686283
17.686558
17.689610
17.690187
17.691208
17.692072
17.692303
17.692581
17.693457
17.695127
17.695402
17.695652
17.695677
17.695812
17.695951
17.696159
17.697622
17.697863
17.698204
17.698269
17.698538
17.700596
17.700918
17.701286
17.701565
17.702196
17.702234
17.703419
17.703894
17.704050
17.704998
17.705662
17.706146
17.706842
17.708099
17.710329
17.710907
17.711306
17.711868
17.712696
17.716013
17.719837
17.719921
17.722294
17.723600
17.724342
17.724386
17.725386
17.727074
17.727291
17.728607
17.729120
17.730293
17.731007
17.731783
17.732334
17.733877
17.734386
17.735584
17.737787
17.738209
17.740067
17.741629
17.742069
17.744410
17.746504
17.747604
17.747986
17.748302
17.748589
17.748640
17.749857
17.750572
17.752506
17.753365
17.755095
17.756374
17.758396
17.758894
17.759886
17.764534
17.764736
17.767387
17.768417
17.769764
17.771009
17.772278
17.773659
17.774210
17.775320
17.775841
17.778469
17.779133
17.780329
17.781683
17.781939
17.783340
17.785290
17.788286
17.788296
17.790319
17.792042
17.793545
17.794630
17.794868
17.795601
17.796328
17.801794
17.803833
17.806610
17.806618
17.807980
17.812244
17.814987
17.817598
17.818897
17.818918
17.819061
17.820312
17.821442
17.822002
17.823317
17.823959
17.825281
17.826942
17.827133
17.827999
17.832342
17.838230
17.838593
17.838818
17.840218
17.840647
17.843067
17.844034
17.844702
17.844816
17.845188
17.845667
17.849844
17.850101
17.850748
17.853168
17.853409
17.853756
17.855713
17.857464
17.858326
17.859324
17.860155
17.863411
17.866653
17.868204
17.868799
17.868828
17.868895
17.869421
17.871441
17.871578
17.878023
17.879251
17.883377
17.883417
17.893589
17.895910
17.897055
17.897894
17.899460
17.901093
17.901478
17.905251
17.905344
17.907551
17.922033
17.922983
17.923363
17.927128
17.929470
17.929939
17.936537
17.939003
17.939028
17.939541
17.940632
17.944675
17.945009
17.949080
17.949432
17.949732
17.950651
17.951553
17.952707
17.953091
17.954695
17.954699
17.954702
17.954702
17.954704
17.954706
17.954708
