1.000000
20.581306
22.521795
26.751118
40.515575
42.024395
43.527847
54.494156
55.433014
82.024529
178.298965
352.350220
556.853760
605.769470
658.357849
772.562561
776.798767
888.195496
909.689636
911.002502
916.502258
918.095520
1014.088867
1017.900391
1024.004517
1029.473877
1033.624268
1038.783325
1082.433228
1118.593994
1122.992920
1127.065796
1184.255127
1204.319702
1333.399536
1355.794922
1357.468750
1358.982422
1362.235107
1430.258423
1436.296753
1440.510986
1452.512085
1466.687744
1470.392700
1487.928101
1488.040283
1498.216431
1508.804565
1508.946411
1544.056641
1582.868530
1649.081421
1653.219116
1654.400391
1663.373169
1687.921875
1708.051636
1708.491455
1725.097412
1736.835571
1742.716187
1743.224121
1750.005615
1756.221313
1757.159546
1768.345093
1786.992920
1788.354126
1804.216675
1820.008057
1826.213135
1845.839844
1847.016479
1857.694824
1858.990112
1860.297729
1873.464600
1874.536377
1875.523193
1879.122681
1880.338623
1895.757446
1897.112061
1929.640381
1981.734619
1982.549438
2002.867432
2018.041626
2019.332031
2025.569946
2030.505127
2032.811279
2036.331055
2039.814453
2048.037842
2054.740967
2083.225342
2125.489014
2127.121582
2149.163330
2150.727783
2152.154541
2230.496094
2232.647949
2252.711914
2258.543945
2261.925049
2264.114990
2264.848877
2266.813721
2272.192139
2279.163330
2301.636475
2306.252930
2332.455078
2341.020996
2343.100342
2344.621826
2347.626465
2352.958496
2362.253662
2373.232910
2388.385742
2393.036377
2394.347412
2400.859619
2426.364258
2431.490234
2432.033936
2442.326172
2448.254883
2452.080566
2453.196045
2453.839844
2455.680664
2458.017822
2488.831787
2492.867920
2505.679932
2508.360840
2513.921631
2514.250244
2532.071533
2536.849854
2552.507568
2560.338379
2560.668701
2568.824951
2574.822266
2611.054443
2623.535400
2628.762207
2629.081299
2639.596924
2647.147705
2653.380371
2662.647461
2665.538086
2677.849609
2716.443359
2718.590820
2781.016357
2783.165039
2833.310303
3005.836426
3081.917725
3118.079102
3149.574463
3159.751221
3164.821533
3176.131836
3200.686035
3224.056641
3232.763916
3250.832520
3251.838135
3328.983887
3333.048096
3333.052002
3347.802734
3355.863281
3361.243408
3379.824463
3398.664307
3399.898926
3404.700928
3405.893799
3406.844971
3408.387939
3417.888428
3417.937744
3427.861084
3437.010010
3437.067139
3440.316162
3446.960938
3450.843506
3451.333496
3451.859619
3465.842041
3468.782227
3470.162354
3475.338135
3477.681152
3484.384033
3487.616943
3491.698486
3491.999023
3494.094238
3494.119385
3496.602295
3502.743652
3503.975342
3510.398193
3516.394043
3517.070557
3519.030029
3519.185547
3519.194580
3520.337158
3521.476074
3523.235352
3525.501709
3525.555664
3530.795166
3535.103516
3544.077148
3544.899658
3547.831299
3548.852051
3552.499268
3552.985352
3554.437256
3554.831543
3555.199219
3558.195068
3560.240967
3561.580322
3563.131836
3563.194824
3564.249268
3565.207275
3566.397461
3567.246094
3568.752441
3569.874512
3579.984863
3594.039551
3597.194092
3597.860596
3597.959717
3600.651123
3601.245850
3603.002686
3603.163330
3605.227783
3605.298584
3607.946533
3608.530762
3610.656250
3611.575439
3613.636230
3618.352539
3619.961670
3620.459229
3620.541748
3620.997314
3623.635498
3623.693115
3624.340088
3625.077393
3625.992920
3626.477783
3627.790527
3628.528809
3632.648438
3634.472412
3635.534180
3635.962646
3636.545410
3637.164551
3637.680420
3638.620850
3639.960205
3644.445312
3645.683594
3645.989746
3647.118164
3655.435547
3655.928223
3655.981689
3656.425781
3656.655762
3656.778076
3656.928223
3656.982666
3657.662354
3660.822510
3661.109619
3664.475342
3665.070557
3665.388916
3667.031738
3667.607910
3667.734619
3667.759033
3668.633789
3668.769043
3669.075928
3669.087402
3669.860352
3670.452637
3676.972656
3678.686523
3680.994385
3681.420166
3687.212402
3689.858887
3690.200928
3690.562988
3690.630127
3692.947754
3693.564453
3693.716064
3693.962158
3696.096191
3697.677002
3699.734375
3701.230225
3703.230713
3708.136963
3709.580078
3710.328613
3711.656982
3711.926514
3712.680908
3712.989746
3713.920166
3714.133789
3715.602783
3716.224365
3716.299561
3717.815674
3718.832275
3720.015869
3720.498047
3722.048340
3722.160156
3722.847656
3722.982910
3723.534912
3724.100342
3724.375488
3724.390381
3726.802979
3733.105225
3733.537109
3737.080322
3742.095947
3743.599609
3747.703125
3749.937988
3751.506348
3758.828613
3760.424561
3760.499268
3760.563721
3774.028564
3774.982910
3775.124268
3775.510986
3776.604248
3776.626221
3777.536133
3778.106934
3778.573730
3781.935303
3790.993408
3791.431152
3791.861084
3794.367188
3796.689941
3798.500000
3798.572998
3799.680176
3800.433838
3800.572510
3803.797607
3804.069580
3805.966553
3806.170654
3811.687744
3816.601318
3820.864990
3820.893066
3821.145752
3821.269043
3821.474365
3822.777588
3826.556396
3827.559814
3828.388916
3829.502441
3829.601807
3829.630371
3829.886963
3830.213135
3830.681885
3831.426270
3832.042236
3832.634521
3833.044922
3834.256104
3835.166992
3837.610352
3837.947266
3839.352783
3846.116699
3850.692139
3853.029785
3856.823486
3857.665771
3865.157471
3865.688965
3867.897217
3869.142334
3870.656250
3870.846680
3872.083008
3882.016113
3883.253662
3889.325439
3889.453125
3890.590820
3891.015137
3891.560791
3900.344482
3903.479248
3904.264160
3908.085449
3909.023682
3910.976318
3911.519531
3915.740479
3924.551514
3939.349121
3941.465576
3945.067871
3946.238770
3946.802490
3947.346680
3947.954590
3948.195068
3950.838867
3952.119385
3952.737549
3953.166504
3954.008057
3954.127686
3965.874756
3965.986328
3966.189697
3966.427490
3967.740234
3975.673340
3979.362305
3981.058350
3981.726807
3981.908203
3982.447754
3985.406738
3986.389893
3987.234131
3993.836426
4008.238281
4009.645752
4013.788818
4013.999756
4014.887695
4017.560059
4024.568604
4029.554932
4031.276611
4041.297119
4041.565918
4054.655518
4057.469238
4057.956299
4059.221924
4059.687500
4062.443848
4062.634277
4067.313232
4072.114502
4079.733398
4079.838867
4083.696533
4086.377686
4086.828857
4087.561768
4095.090332
4108.081543
4112.660156
4112.781738
4116.190918
4121.450195
4121.795410
4122.101074
4125.544922
4128.933105
4129.588379
4134.871094
4135.000488
4135.102539
4135.412109
4135.689941
4135.813477
4137.520020
4137.757812
4140.322754
4140.434570
4141.773926
4143.411621
4143.512695
4143.666992
4145.259766
4154.904785
4156.363770
4157.563965
4159.852051
4159.865723
4160.514160
4160.720215
4161.710449
4162.267578
4166.801758
4168.532227
4169.040527
4170.244629
4174.533691
4176.223633
4176.746094
4179.017578
4179.944336
4180.484863
4190.244141
4193.242676
4197.445801
4198.536133
4204.386230
4210.239258
4212.791504
4214.563965
4216.938965
4217.983398
4220.783203
4232.369629
4239.907715
4241.639160
4251.942871
4252.228516
4253.384766
4258.072754
4261.649414
4262.254883
4266.080078
4268.374023
4269.446289
4269.894043
4270.399414
4270.738281
4271.929688
4272.683105
4273.356934
4274.672852
4274.965820
4275.770020
4275.855957
4283.012695
4283.345215
4286.745117
4292.187988
4295.752930
4299.447266
4299.733398
4307.745605
4309.116699
4313.824707
4315.584473
4315.664062
4317.822266
4317.823730
4318.811523
4320.126953
4321.906738
4330.049805
4334.179688
4334.718262
4335.840332
4336.272949
4341.676270
4354.087891
4358.933105
4359.135254
4364.317383
4368.963379
4369.045410
4370.624023
4373.728516
4373.810059
4374.695801
4380.815918
4382.112793
4382.193359
4382.887207
4384.784668
4388.516602
4388.596680
4397.589844
4400.752930
4401.412109
4404.000000
4407.517578
4408.003418
4409.542480
4409.923828
4410.477539
4411.840820
4413.354980
4417.935547
4420.205566
4421.351074
4422.260742
4428.760742
4429.433594
4433.615723
4435.081543
4439.650879
4440.489258
4441.924805
4443.896484
4446.296875
4446.349609
4447.769043
4453.330078
4454.355957
4461.394043
4464.001953
4464.490234
4465.495605
4467.479980
4468.594238
4469.456055
4471.770020
4477.319824
4478.489258
4485.708496
4488.669922
4489.229004
4489.290527
4489.298828
4489.701172
4500.975098
4504.903809
4520.829102
4521.423340
4525.196289
4527.790527
4539.536133
4555.839844
4573.964844
4590.449707
4609.674316
4623.536621
4631.444824
4656.134766
4656.699219
4659.243164
4665.427734
4669.475098
4683.860840
4690.782715
4691.497070
4691.698730
4692.565430
4693.611816
4696.190918
4696.732910
4703.922363
4704.509766
4715.697754
4716.255371
4719.056641
4736.969238
4744.186035
4747.688477
4794.218262
4800.843750
4805.894043
4807.338379
4820.282715
4831.574707
4833.515137
4859.003906
4873.559570
4873.592285
4882.925781
4931.098633
4937.890137
4940.199219
4953.854492
5001.419922
5005.945801
5024.657227
5049.090332
5059.200684
5059.218750
5079.168945
5079.185059
5090.087402
5110.594727
5111.077148
5116.476562
5120.211426
5133.115723
5163.421387
5190.237305
5190.428223
5190.516113
5199.094727
5232.988281
5233.752930
5266.911621
5275.296875
5279.188965
5279.879883
5279.907227
5282.190430
5282.535645
5286.111816
5286.124023
5287.547363
5287.833008
5288.075684
5288.109863
5288.289551
5290.133301
5290.186523
5290.900391
5290.956055
5290.965332
5291.018555
5291.019043
5291.870117
5291.871094
5292.022461
5292.208984
5292.208984
5292.208984
5292.209473
5292.209473
5292.209473
5292.209473
5292.209473
5292.209473
5292.209961
5292.209961
5292.209961
5292.209961
5292.209961
5292.209961
5292.209961
5292.209961
5292.209961
5292.209961
5292.209961
5292.209961
5292.210449
5292.210449
5292.210449
5292.210449
5292.210449
5292.210449
5292.210449
5292.210449
5292.210449
5292.210938
5292.210938
5292.210938
5292.210938
5292.210938
5292.210938
5292.210938
5292.210938
5292.210938
5292.210938
5292.210938
5292.211426
5292.211426
5292.211426
5292.211426
5292.211426
5292.211426
5292.211426
5292.211426
5292.211426
5292.211426
5292.211426
5292.211426
5292.211426
5292.211426
5292.211426
5292.211426
5292.211426
5292.211426
5292.211914
5292.211914
5292.211914
5292.211914
5292.211914
5292.211914
5292.211914
5292.211914
5292.211914
5292.211914
5292.211914
5292.211914
5292.211914
5292.211914
5292.211914
5292.211914
5292.211914
5292.211914
5292.211914
5292.211914
5292.211914
5292.211914
5292.211914
5292.212402
5292.212402
5292.212402
5292.212402
5292.212402
5292.212402
5292.212402
5292.212402
5292.212402
5292.212402
5292.212402
5292.212402
5292.212402
5292.212402
5292.212402
5292.212402
5292.212402
5292.212402
5292.212402
5292.212402
5292.212402
5292.212402
5292.212402
5292.212402
5292.212402
5292.212402
5292.212402
5292.212402
5292.212891
5292.212891
5292.212891
5292.212891
5292.212891
5292.212891
5292.212891
5292.212891
5292.212891
5292.212891
5292.212891
5292.212891
5292.212891
5292.212891
5292.212891
5292.212891
5292.212891
5292.212891
5292.212891
5292.212891
5292.212891
5292.212891
5292.212891
5292.212891
5292.212891
5292.212891
5292.212891
5292.212891
5292.212891
5292.212891
5292.212891
5292.212891
5292.212891
5292.212891
5292.212891
5292.212891
5292.213379
5292.213379
5292.213379
5292.213379
5292.213379
5292.213379
5292.213379
5292.213379
5292.213379
5292.213379
5292.213379
5292.213379
5292.213379
5292.213379
5292.213379
5292.213379
5292.213379
5292.213379
5292.213379
5292.213379
5292.213379
5292.213379
5292.213379
5292.213379
5292.213379
5292.213379
5292.213379
5292.213379
5292.213379
5292.213379
5292.213379
5292.213379
5292.213379
5292.213379
5292.213379
5292.213379
5292.213379
5292.213379
5292.213379
5292.213379
5292.213379
5292.213379
5292.213867
5292.213867
5292.213867
5292.213867
5292.213867
5292.213867
5292.213867
5292.213867
5292.213867
5292.213867
5292.213867
5292.213867
5292.213867
5292.213867
5292.213867
5292.213867
5292.213867
5292.213867
5292.213867
5292.213867
5292.213867
5292.213867
5292.213867
5292.213867
5292.213867
5292.213867
5292.213867
5292.213867
5292.213867
5292.213867
5292.213867
5292.213867
5292.213867
5292.213867
5292.214355
5292.214355
5292.214355
5292.214355
5292.214355
5292.214355
5292.214355
5292.214355
5292.214355
5292.214355
5292.214355
5292.214355
5292.214355
5292.214355
5292.214355
5292.214355
5292.214355
5292.214355
5292.214355
5292.214355
5292.214355
5292.214355
5292.214355
5292.214355
5292.214355
5292.214355
5292.214355
5292.214355
5292.214355
5292.214355
5292.214355
5292.214355
5292.214355
5292.214355
5292.214355
5292.214355
5292.214355
5292.214355
5292.214355
5292.214355
5292.214355
5292.214355
5292.214355
5292.214355
5292.214355
5292.214355
5292.214355
5292.214355
5292.214355
5292.214355
5292.214355
5292.214355
5292.214355
5292.214844
5292.214844
5292.214844
5292.214844
5292.214844
5292.214844
5292.214844
5292.214844
5292.214844
5292.214844
5292.214844
5292.214844
5292.214844
5292.214844
5292.214844
5292.214844
5292.214844
5292.214844
5292.214844
5292.214844
5292.214844
5292.214844
5292.214844
5292.214844
5292.214844
5292.214844
5292.214844
5292.214844
5292.214844
5292.214844
5292.214844
5292.214844
5292.214844
5292.214844
5292.214844
5292.214844
5292.214844
5292.214844
5292.214844
5292.214844
5292.214844
5292.214844
5292.214844
5292.214844
5292.214844
5292.214844
5292.214844
5292.214844
5292.214844
5292.214844
5292.214844
5292.214844
5292.214844
5292.214844
5292.214844
5292.214844
5292.214844
5292.214844
5292.214844
5292.215332
5292.215332
5292.215332
5292.215332
5292.215332
5292.215332
5292.215332
5292.215332
5292.215332
5292.215332
5292.215332
5292.215332
5292.215332
5292.215332
5292.215332
5292.215332
5292.215332
5292.215332
5292.215332
5292.215332
5292.215332
5292.215332
5292.215332
5292.215332
5292.215332
5292.215332
5292.215332
5292.215332
5292.215332
5292.215332
5292.215332
5292.215332
5292.215332
5292.215332
5292.215332
5292.215332
5292.215332
5292.215332
5292.215332
5292.215332
5292.215332
5292.215820
5292.215820
5292.215820
5292.215820
5292.215820
5292.215820
5292.215820
5292.215820
5292.215820
5292.215820
5292.215820
5292.215820
5292.215820
5292.215820
5292.215820
5292.215820
5292.215820
5292.215820
5292.215820
5292.215820
5292.215820
5292.215820
5292.215820
5292.215820
5292.215820
5292.215820
5292.215820
5292.215820
5292.215820
5292.215820
5292.215820
5292.215820
5292.215820
5292.215820
5292.215820
5292.215820
5292.215820
5292.215820
5292.215820
5292.215820
5292.215820
5292.215820
5292.215820
5292.215820
5292.215820
5292.215820
5292.215820
5292.215820
5292.216309
5292.216309
5292.216309
5292.216309
5292.216309
5292.216309
5292.216309
5292.216309
5292.216309
5292.216309
5292.216309
5292.216309
5292.216309
5292.216309
5292.216309
5292.216309
5292.216309
5292.216309
5292.216309
5292.216309
5292.216309
5292.216309
5292.216309
5292.216309
5292.216309
5292.216309
5292.216309
5292.216309
5292.216309
5292.216309
5292.216309
5292.216309
5292.216309
5292.216309
5292.216309
5292.216309
5292.216309
5292.216309
5292.216309
5292.216309
5292.216309
5292.216309
5292.216309
5292.216309
5292.216309
5292.216309
5292.216309
5292.216309
5292.216797
5292.216797
5292.216797
5292.216797
5292.216797
5292.216797
5292.216797
5292.216797
5292.216797
5292.216797
5292.216797
5292.216797
5292.216797
5292.216797
5292.216797
5292.216797
5292.216797
5292.216797
5292.216797
5292.216797
5292.216797
5292.216797
5292.216797
5292.216797
5292.216797
5292.216797
5292.216797
5292.216797
5292.216797
5292.216797
5292.216797
5292.216797
5292.216797
5292.216797
5292.216797
5292.216797
5292.216797
5292.216797
5292.217285
5292.217285
5292.217285
5292.217285
5292.217285
5292.217285
5292.217285
5292.217285
5292.217285
5292.217285
5292.217285
5292.217285
5292.217285
5292.217285
5292.217285
5292.217285
5292.217285
5292.217285
5292.217285
5292.217285
5292.217285
5292.217285
5292.217285
5292.217285
5292.217285
5292.217285
5292.217285
5292.217285
5292.217285
5292.217285
5292.217285
5292.217285
5292.217285
5292.217285
5292.217285
5292.217285
5292.217285
5292.217285
5292.217285
5292.217285
5292.217285
5292.217285
5292.217773
5292.217773
5292.217773
5292.217773
5292.217773
5292.217773
5292.217773
5292.217773
5292.217773
5292.217773
5292.217773
5292.217773
5292.217773
5292.217773
5292.217773
5292.217773
5292.217773
5292.217773
5292.217773
5292.217773
5292.217773
5292.217773
5292.217773
5292.217773
5292.217773
5292.217773
5292.217773
5292.217773
5292.218262
5292.218262
5292.218262
5292.218262
5292.218262
5292.218262
5292.218262
5292.218262
5292.218262
5292.218262
5292.218262
5292.218262
5292.218262
5292.218262
5292.218262
5292.218262
5292.218262
5292.218262
5292.218262
5292.218262
5292.218262
5292.218262
5292.218262
5292.218262
5292.218262
5292.218262
5292.218262
5292.218262
5292.218262
5292.218262
5292.218262
5292.218262
5292.218262
5292.218750
5292.218750
5292.218750
5292.218750
5292.218750
5292.218750
5292.218750
5292.218750
5292.218750
5292.218750
5292.218750
5292.218750
5292.218750
5292.218750
5292.218750
5292.218750
5292.218750
5292.218750
5292.218750
5292.218750
5292.218750
5292.218750
5292.218750
5292.219238
5292.219238
5292.219238
5292.219238
5292.219238
5292.219238
5292.219238
5292.219238
5292.219238
5292.219238
5292.219238
5292.219238
5292.219238
5292.219238
5292.219238
5292.219238
5292.219238
5292.219238
5292.219238
5292.219238
5292.219238
5292.219238
5292.219727
5292.219727
5292.219727
5292.219727
5292.219727
5292.219727
5292.219727
5292.219727
5292.219727
5292.220215
5292.220215
5292.220215
5292.220215
5292.220215
5292.220215
5292.220703
5292.221191
