1.000000
1.059346
1.274498
1.810721
2.006968
2.206376
2.317629
2.361964
2.432722
2.511808
2.532069
2.572119
2.579262
2.583383
2.584049
2.605546
2.653631
2.708669
2.729968
2.761226
2.800560
2.803691
2.828695
2.830608
2.872674
2.890700
2.900488
2.907071
2.912020
2.912251
2.914925
2.922588
2.927005
2.928552
2.930253
2.942886
2.945012
2.957408
2.963405
2.974798
2.978512
3.008666
3.016947
3.018932
3.024273
3.040972
3.055145
3.056858
3.074225
3.075008
3.091130
3.095653
3.099341
3.101180
3.108004
3.109653
3.110678
3.114576
3.116756
3.120329
3.121886
3.123731
3.134881
3.134962
3.135674
3.150906
3.151694
3.154961
3.156729
3.156785
3.158089
3.160622
3.164217
3.169868
3.182245
3.187317
3.196402
3.199428
3.202033
3.204430
3.204561
3.206021
3.209505
3.210678
3.211334
3.212445
3.212615
3.213999
3.214145
3.215011
3.215788
