1.000000
5.285576
119.201530
202.041214
355.399658
462.275421
485.380005
518.074341
558.470459
567.480042
616.638367
641.014465
697.262756
701.908081
885.412170
910.245667
1051.372070
1093.755493
1192.002808
1764.948853
1932.766968
2074.478516
2086.211182
2223.029297
2400.588135
2458.004639
2466.980957
2854.261475
2898.812256
2905.202393
3057.679932
3132.699707
3194.960938
3196.559814
3239.577393
3255.267334
3258.390137
3264.741211
3299.316650
3328.428711
3399.873535
3442.092529
3448.714111
3710.535889
3778.007080
3806.109863
3824.702637
3838.516846
3838.562988
3904.787598
3905.719727
3936.056641
3964.224121
3972.389893
3993.052490
4035.088135
4058.894287
4103.985840
4130.291992
4160.923828
4163.506836
4171.141113
4273.119141
4273.750977
4274.141602
4314.285156
4324.561523
4355.027344
4370.435547
4382.627441
4394.454590
4405.129883
4414.216309
4419.858398
4421.248535
4427.339355
4445.916016
4482.174805
4484.878418
4529.413574
4548.775879
4558.487793
4588.703125
4694.426270
4727.131836
4739.501465
4774.593262
4861.069824
4877.013672
4927.556152
4928.972168
4946.330078
5006.152344
5058.457520
5127.457031
5152.155762
5242.275391
5288.676758
5300.643555
5304.220703
5308.991699
5346.831055
5350.185059
5353.585449
5361.415039
5374.860352
5398.317871
5414.312012
5427.081543
5450.080078
5459.242188
5481.222168
5493.912598
5499.391602
5551.949219
5613.041016
5619.685547
5623.342773
5630.654785
5639.271484
5644.766113
5654.304199
5664.969727
5666.393555
5666.451172
5667.372070
5669.027344
5678.234863
5685.631348
5705.502441
5710.681152
5713.577637
5720.809570
5753.729492
5759.645508
5760.040527
5768.920410
5770.394531
5770.607910
5772.221680
5775.241699
5776.856445
5892.390137
6129.276367
6160.501465
6160.504395
6259.916504
6346.922363
6349.454102
6386.807617
6455.423828
6483.827148
6527.837891
6584.740723
6589.209961
6596.266113
6648.088867
6706.225098
6781.083008
6789.272949
6807.762695
6820.749512
6821.539062
6833.294434
6845.103516
6928.308594
6929.078613
6931.419922
6995.729492
7003.904297
7029.446289
7036.140137
7039.037109
7055.729004
7060.431152
7069.995117
7197.323730
7227.980469
7233.623535
7234.317383
7242.111328
7251.568359
7264.873535
7266.585938
7271.514648
7279.392090
7304.731445
7316.811523
7319.524902
7338.575684
7373.886719
7407.158203
7459.426758
7467.099609
7474.277832
7478.181152
7486.815430
7500.007324
7501.838867
7516.291992
7528.927246
7528.966797
7530.655273
7542.043945
7558.129883
7558.492188
7590.999512
7604.693359
7621.561523
7644.875488
7717.269043
7756.458984
7766.623047
7772.496582
7793.776367
7798.281250
7798.436523
7800.176270
7806.168945
7808.790527
7823.447754
7831.225098
7832.083496
7836.537598
7841.668457
7847.758789
7860.103027
7867.611816
7871.346191
7883.911621
7901.646973
7908.399414
7908.505371
7910.953613
7916.758301
7925.902832
7926.202637
7931.000000
7934.123047
7935.617188
7942.719238
7954.539551
7954.548828
7959.432129
7970.977539
7993.711914
7995.956055
8002.540527
8003.662109
8003.780273
8003.941406
8009.146973
8009.889648
8011.477539
8012.552246
8018.124023
8030.747559
8034.064941
8041.540039
8046.465820
8047.486816
8048.009766
8053.289551
8057.259277
8068.110352
8079.176270
8080.755371
8081.291992
8084.709961
8085.255371
8093.512207
8094.843262
8096.281250
8098.097168
8098.348633
8104.037109
8104.418457
8105.312012
8107.567871
8115.150879
8122.358398
8132.821777
8140.883789
8144.744629
8148.639160
8158.383301
8163.539062
8226.672852
8234.319336
8235.213867
8244.679688
8244.895508
8245.872070
8246.528320
8246.938477
8251.457031
8255.316406
8257.180664
8268.848633
8269.413086
8271.490234
8278.857422
8287.619141
8293.346680
8296.380859
8303.204102
8303.615234
8315.500000
8316.148438
8316.632812
8318.916992
8319.455078
8327.801758
8330.696289
8333.084961
8336.024414
8345.597656
8350.502930
8352.158203
8355.154297
8365.016602
8366.079102
8371.634766
8384.140625
8389.827148
8392.884766
8393.252930
8393.562500
8395.949219
8396.076172
8397.442383
8399.504883
8408.799805
8409.158203
8416.322266
8416.680664
8416.696289
8417.052734
8418.759766
8422.828125
8423.620117
8425.065430
8427.087891
8428.002930
8429.558594
8431.501953
8431.823242
8431.932617
8432.882812
8433.140625
8433.838867
8437.822266
8437.955078
8440.130859
8442.532227
8444.750000
8445.306641
8452.704102
8452.833984
8453.115234
8454.116211
8454.262695
8454.471680
8455.941406
8458.001953
8458.542969
8461.304688
8463.347656
8467.111328
8467.558594
8468.914062
8469.015625
8472.490234
8473.093750
8478.582031
8487.384766
8493.107422
8493.737305
8496.779297
8496.899414
8504.123047
8512.844727
8512.961914
8513.702148
8517.624023
8525.664062
8527.133789
8527.502930
8541.843750
8547.778320
8548.286133
8550.527344
8555.415039
8565.292969
8567.427734
8573.066406
8574.586914
8579.580078
8580.571289
8589.216797
8604.336914
8617.696289
8617.992188
8618.164062
8621.386719
8626.028320
8626.650391
8632.919922
8637.574219
8639.476562
8642.495117
8642.850586
8645.944336
8651.161133
8654.321289
8655.031250
8657.918945
8660.493164
8666.517578
8674.819336
8675.207031
8677.527344
8678.754883
8682.005859
8685.330078
8689.006836
8692.900391
8693.798828
8693.945312
8694.149414
8694.183594
8695.424805
8695.670898
8696.083984
8698.451172
8700.247070
8702.772461
8709.843750
8714.216797
8715.308594
8716.791992
8718.198242
8719.416992
8721.055664
8721.480469
8723.729492
8733.610352
8734.625977
8736.872070
8739.827148
8745.924805
8746.349609
8747.668945
8751.769531
8755.011719
8756.062500
8759.595703
8760.453125
8763.388672
8767.746094
8767.752930
8776.583984
8777.292969
8779.754883
8781.333984
8805.864258
8807.125977
8809.146484
8811.831055
8816.727539
8824.125977
8833.323242
8841.985352
8845.558594
8849.173828
8849.346680
8850.333984
8852.134766
8854.908203
8858.727539
8861.531250
8862.458984
8863.331055
8866.216797
8868.189453
8872.852539
8874.168945
8878.807617
8881.410156
8883.838867
8883.983398
8889.172852
8894.040039
8897.778320
8897.843750
8900.365234
8906.167969
8912.201172
8915.297852
8916.797852
8917.675781
8917.705078
8922.000977
8924.080078
8924.240234
8926.718750
8928.717773
8932.103516
8932.440430
8936.102539
8939.557617
8940.021484
8941.017578
8941.317383
8964.467773
8964.487305
8968.011719
8968.207031
8974.569336
8977.570312
8982.486328
8983.131836
8983.820312
8983.873047
8988.041016
8994.438477
8999.334961
9000.876953
9001.729492
9003.483398
9024.187500
9026.431641
9029.755859
9031.544922
9033.489258
9036.132812
9044.819336
9045.227539
9046.490234
9050.096680
9071.704102
9072.919922
9075.131836
9086.882812
9090.694336
9092.202148
9110.472656
9129.197266
9134.588867
9149.545898
9149.622070
9151.133789
9157.382812
9172.125977
9189.005859
9195.028320
9196.527344
9200.301758
9219.126953
9219.274414
9219.485352
9219.750977
9244.709961
9275.263672
9290.966797
9296.629883
9300.275391
9314.205078
9316.494141
9327.897461
9334.708984
9339.583984
9340.922852
9343.127930
9354.044922
9356.083984
9360.004883
9362.881836
9389.140625
9393.721680
9405.074219
9415.549805
9418.717773
9432.617188
9451.291992
9452.674805
9459.442383
9461.468750
9470.200195
9476.535156
9478.036133
9489.717773
9492.511719
9496.704102
9504.648438
9506.433594
9549.928711
9562.747070
9579.469727
9614.080078
9617.325195
9620.216797
9622.941406
9631.578125
9643.253906
9655.611328
9657.440430
9662.037109
9667.477539
9690.212891
9691.812500
9691.817383
9695.439453
9704.474609
9717.196289
9776.366211
9780.537109
9789.631836
9792.625000
9793.654297
9801.285156
9802.230469
9802.825195
9829.928711
9829.936523
9838.208008
9847.296875
9852.826172
9879.750000
9881.754883
9915.418945
9915.649414
9944.756836
9965.964844
9968.307617
9974.334961
9988.011719
9999.958984
10019.710938
10022.950195
10023.712891
10047.306641
10056.221680
10060.305664
10067.178711
10071.173828
10072.259766
10075.762695
10078.375977
10101.048828
10108.318359
10115.070312
10117.482422
10124.706055
10135.733398
10137.008789
10137.645508
10142.636719
10160.055664
10181.883789
10193.531250
10262.471680
10339.645508
10348.873047
10351.372070
10360.822266
10362.827148
10363.235352
10397.801758
10409.194336
10518.820312
10522.280273
10532.253906
10544.097656
10574.151367
10625.450195
10625.714844
10638.049805
10697.512695
10699.382812
10729.343750
10774.852539
10795.841797
10814.711914
10826.317383
10842.625977
10856.506836
10856.581055
10875.849609
10875.854492
10887.638672
10887.758789
10914.457031
10940.046875
10986.558594
10988.831055
11060.832031
11132.480469
11145.283203
11151.458008
11152.653320
11205.432617
11258.739258
11262.902344
11263.328125
11268.028320
11268.846680
11279.180664
11336.041992
11534.234375
11561.620117
11572.820312
11634.437500
11721.837891
11738.123047
11774.840820
11791.939453
11799.672852
11801.207031
11912.877930
11916.476562
11918.274414
11968.150391
11968.171875
11972.842773
11987.303711
11994.232422
12009.127930
12010.797852
12011.025391
12022.583008
12030.462891
12032.729492
12033.510742
12037.249023
12038.012695
12038.016602
12038.016602
12038.017578
12038.018555
12038.018555
12038.018555
12038.019531
12038.019531
12038.019531
12038.019531
12038.019531
12038.019531
12038.019531
12038.019531
12038.019531
12038.019531
12038.020508
12038.020508
12038.020508
12038.020508
12038.020508
12038.020508
12038.020508
12038.020508
12038.020508
12038.021484
12038.021484
12038.021484
12038.021484
12038.021484
12038.021484
12038.021484
12038.021484
12038.021484
12038.021484
12038.021484
12038.021484
12038.021484
12038.021484
12038.021484
12038.021484
12038.021484
12038.021484
12038.021484
12038.021484
12038.022461
12038.022461
12038.022461
12038.022461
12038.022461
12038.022461
12038.022461
12038.022461
12038.022461
12038.022461
12038.022461
12038.022461
12038.022461
12038.022461
12038.022461
12038.022461
12038.022461
12038.022461
12038.022461
12038.022461
12038.022461
12038.022461
12038.022461
12038.022461
12038.022461
12038.022461
12038.022461
12038.022461
12038.022461
12038.022461
12038.023438
12038.023438
12038.023438
12038.023438
12038.023438
12038.023438
12038.023438
12038.023438
12038.023438
12038.023438
12038.023438
12038.023438
12038.023438
12038.023438
12038.023438
12038.023438
12038.023438
12038.023438
12038.023438
12038.023438
12038.023438
12038.024414
12038.024414
12038.024414
12038.024414
12038.024414
12038.024414
12038.024414
12038.024414
12038.024414
12038.024414
12038.024414
12038.024414
12038.024414
12038.024414
12038.024414
12038.024414
12038.024414
12038.024414
12038.024414
12038.024414
12038.024414
12038.024414
12038.024414
12038.024414
12038.024414
12038.024414
12038.024414
12038.024414
12038.024414
12038.024414
12038.024414
12038.025391
12038.025391
12038.025391
12038.025391
12038.025391
12038.025391
12038.025391
12038.025391
12038.025391
12038.025391
12038.025391
12038.025391
12038.025391
12038.025391
12038.025391
12038.025391
12038.025391
12038.025391
12038.025391
12038.025391
12038.025391
12038.025391
12038.025391
12038.025391
12038.025391
12038.025391
12038.025391
12038.025391
12038.025391
12038.025391
12038.025391
12038.025391
12038.025391
12038.025391
12038.025391
12038.025391
12038.025391
12038.025391
12038.025391
12038.025391
12038.025391
12038.026367
12038.026367
12038.026367
12038.026367
12038.026367
12038.026367
12038.026367
12038.026367
12038.026367
12038.026367
12038.026367
12038.026367
12038.026367
12038.026367
12038.026367
12038.026367
12038.026367
12038.026367
12038.026367
12038.026367
12038.026367
12038.026367
12038.026367
12038.026367
12038.026367
12038.026367
12038.026367
12038.026367
12038.026367
12038.026367
12038.027344
12038.027344
12038.027344
12038.027344
12038.027344
12038.027344
12038.027344
12038.027344
12038.027344
12038.027344
12038.027344
12038.027344
12038.027344
12038.027344
12038.027344
12038.027344
12038.027344
12038.027344
12038.027344
12038.027344
12038.027344
12038.027344
12038.027344
12038.027344
12038.027344
12038.027344
12038.027344
12038.027344
12038.027344
12038.027344
12038.027344
12038.027344
12038.027344
12038.027344
12038.027344
12038.027344
12038.027344
12038.027344
12038.027344
12038.027344
12038.027344
12038.027344
12038.027344
12038.027344
12038.027344
12038.027344
12038.027344
12038.027344
12038.027344
12038.027344
12038.028320
12038.028320
12038.028320
12038.028320
12038.028320
12038.028320
12038.028320
12038.028320
12038.028320
12038.028320
12038.028320
12038.028320
12038.028320
12038.028320
12038.028320
12038.028320
12038.028320
12038.028320
12038.028320
12038.028320
12038.028320
12038.028320
12038.028320
12038.028320
12038.028320
12038.028320
12038.028320
12038.028320
12038.028320
12038.028320
12038.028320
12038.028320
12038.028320
12038.028320
12038.028320
12038.028320
12038.028320
12038.028320
12038.028320
12038.028320
12038.028320
12038.028320
12038.028320
12038.028320
12038.028320
12038.028320
12038.028320
12038.028320
12038.028320
12038.029297
12038.029297
12038.029297
12038.029297
12038.029297
12038.029297
12038.029297
12038.029297
12038.029297
12038.029297
12038.029297
12038.029297
12038.029297
12038.029297
12038.029297
12038.029297
12038.029297
12038.029297
12038.029297
12038.029297
12038.029297
12038.029297
12038.029297
12038.029297
12038.029297
12038.029297
12038.029297
12038.029297
12038.029297
12038.029297
12038.029297
12038.029297
12038.029297
12038.029297
12038.029297
12038.029297
12038.029297
12038.029297
12038.029297
12038.029297
12038.029297
12038.029297
12038.029297
12038.029297
12038.030273
12038.030273
12038.030273
12038.030273
12038.030273
12038.030273
12038.030273
12038.030273
12038.030273
12038.030273
12038.030273
12038.030273
12038.030273
12038.030273
12038.030273
12038.030273
12038.030273
12038.030273
12038.030273
12038.030273
12038.030273
12038.030273
12038.030273
12038.030273
12038.030273
12038.030273
12038.030273
12038.030273
12038.030273
12038.030273
12038.030273
12038.030273
12038.030273
12038.030273
12038.030273
12038.030273
12038.030273
12038.030273
12038.030273
12038.030273
12038.030273
12038.030273
12038.030273
12038.030273
12038.030273
12038.030273
12038.030273
12038.030273
12038.030273
12038.030273
12038.030273
12038.030273
12038.030273
12038.031250
12038.031250
12038.031250
12038.031250
12038.031250
12038.031250
12038.031250
12038.031250
12038.031250
12038.031250
12038.031250
12038.031250
12038.031250
12038.031250
12038.031250
12038.031250
12038.031250
12038.031250
12038.031250
12038.031250
12038.031250
12038.031250
12038.031250
12038.031250
12038.031250
12038.031250
12038.031250
12038.031250
12038.031250
12038.031250
12038.031250
12038.031250
12038.031250
12038.031250
12038.031250
12038.031250
12038.031250
12038.031250
12038.031250
12038.031250
12038.031250
12038.031250
12038.031250
12038.032227
12038.032227
12038.032227
12038.032227
12038.032227
12038.032227
12038.032227
12038.032227
12038.032227
12038.032227
12038.032227
12038.032227
12038.032227
12038.032227
12038.032227
12038.032227
12038.032227
12038.032227
12038.032227
12038.032227
12038.032227
12038.032227
12038.032227
12038.032227
12038.032227
12038.032227
12038.032227
12038.032227
12038.032227
12038.032227
12038.032227
12038.032227
12038.032227
12038.032227
12038.032227
12038.032227
12038.032227
12038.032227
12038.032227
12038.032227
12038.032227
12038.032227
12038.032227
12038.032227
12038.032227
12038.032227
12038.033203
12038.033203
12038.033203
12038.033203
12038.033203
12038.033203
12038.033203
12038.033203
12038.033203
12038.033203
12038.033203
12038.033203
12038.033203
12038.033203
12038.033203
12038.033203
12038.033203
12038.033203
12038.033203
12038.033203
12038.033203
12038.033203
12038.033203
12038.033203
12038.033203
12038.033203
12038.033203
12038.033203
12038.033203
12038.033203
12038.033203
12038.033203
12038.033203
12038.033203
12038.033203
12038.033203
12038.033203
12038.033203
12038.033203
12038.033203
12038.033203
12038.033203
12038.034180
12038.034180
12038.034180
12038.034180
12038.034180
12038.034180
12038.034180
12038.034180
12038.034180
12038.034180
12038.034180
12038.034180
12038.034180
12038.034180
12038.034180
12038.034180
12038.034180
12038.034180
12038.034180
12038.034180
12038.034180
12038.034180
12038.034180
12038.034180
12038.034180
12038.034180
12038.034180
12038.034180
12038.034180
12038.034180
12038.034180
12038.034180
12038.034180
12038.034180
12038.034180
12038.034180
12038.034180
12038.034180
12038.034180
12038.035156
12038.035156
12038.035156
12038.035156
12038.035156
12038.035156
12038.035156
12038.035156
12038.035156
12038.035156
12038.035156
12038.035156
12038.035156
12038.035156
12038.035156
12038.035156
12038.035156
12038.035156
12038.035156
12038.035156
12038.035156
12038.035156
12038.035156
12038.035156
12038.035156
12038.035156
12038.036133
12038.036133
12038.036133
12038.036133
12038.036133
12038.036133
12038.036133
12038.036133
12038.036133
12038.036133
12038.036133
12038.036133
12038.036133
12038.036133
12038.036133
12038.036133
12038.036133
12038.036133
12038.036133
12038.036133
12038.036133
12038.036133
12038.036133
12038.036133
12038.036133
12038.036133
12038.037109
12038.037109
12038.037109
12038.037109
12038.037109
12038.037109
12038.037109
12038.037109
12038.037109
12038.037109
12038.037109
12038.037109
12038.037109
12038.037109
12038.037109
12038.037109
12038.037109
12038.037109
12038.037109
12038.038086
12038.038086
12038.038086
12038.038086
12038.038086
12038.038086
12038.038086
12038.038086
12038.038086
12038.038086
12038.038086
12038.038086
12038.038086
12038.038086
12038.038086
12038.038086
12038.038086
12038.038086
12038.039062
12038.039062
12038.039062
12038.039062
12038.039062
12038.039062
12038.039062
12038.039062
12038.039062
12038.039062
12038.039062
12038.039062
12038.039062
12038.039062
12038.039062
12038.040039
12038.040039
12038.040039
12038.040039
12038.040039
12038.040039
12038.040039
12038.040039
12038.040039
12038.041016
12038.041016
12038.041016
12038.041016
12038.041016
12038.041016
12038.041016
12038.041016
12038.041992
12038.041992
12038.041992
12038.042969
12038.042969
12038.042969
12038.042969
12038.043945
12038.043945
12038.044922
