1.000000
1.839570
1.862565
1.877245
2.067933
2.211181
2.853886
2.878638
3.049275
3.089757
3.290414
3.314432
3.350928
3.552767
3.810557
4.001845
4.206533
4.512833
4.891594
5.507239
5.697154
6.660288
6.671116
6.923244
6.928341
6.994071
7.077379
7.213454
7.341414
7.491676
7.570155
7.891951
8.687109
8.735249
8.861161
8.985963
9.252489
9.592771
9.721694
9.822054
9.843759
10.031485
10.046009
10.148373
10.174518
10.212130
10.473599
10.474485
10.526458
10.538915
10.547276
10.607317
10.646860
10.654635
10.670698
10.693501
10.705257
10.769384
10.770576
10.770691
10.776339
10.811598
10.835760
10.840640
10.840996
10.903396
10.917767
10.919188
10.941025
10.977414
11.040920
11.043009
11.068721
11.070138
11.127708
11.143023
11.196391
11.218977
11.238050
11.274611
11.324306
11.332031
11.351318
11.368566
11.370026
11.400671
11.476211
11.499675
11.509007
11.528956
11.551467
11.554799
11.604358
11.653865
11.664439
11.667665
11.680512
11.719678
11.751487
11.839815
11.857292
11.871353
11.876403
11.881266
11.882169
11.888954
11.895776
11.911720
11.943729
11.964949
11.980511
11.988710
12.005380
12.008511
12.013406
12.022701
12.025080
12.026374
12.032630
12.048241
12.073499
12.075577
12.083488
12.084521
12.085087
12.093045
12.099848
12.137018
12.148839
12.149898
12.156638
12.182459
12.184950
12.191938
12.205320
12.207271
12.214938
12.224090
12.233335
12.237265
12.249330
12.255748
12.272200
12.272336
12.283872
12.292158
12.292809
12.293793
12.295012
12.305264
12.312982
12.321908
12.330622
12.333338
12.343872
12.369606
12.391842
12.405793
12.406438
12.411071
12.422869
12.423826
12.426134
12.435004
12.461175
12.465002
12.470561
12.474807
12.481283
12.490747
12.492246
12.494701
12.501319
12.503174
12.504778
12.529000
12.566918
12.568324
12.590614
12.611359
12.611985
12.614237
12.629812
12.656729
12.664737
12.666299
12.687449
12.692703
12.698058
12.704310
12.705854
12.710914
12.722196
12.748219
12.749058
12.757408
12.769273
12.778764
12.779908
12.785437
12.790945
12.793470
12.799689
12.803525
12.805812
12.811797
12.812640
12.817719
12.825752
12.838338
12.839030
12.846084
12.864061
12.872154
12.874858
12.881744
12.883799
12.894942
12.898490
12.900238
12.901693
12.918026
12.918336
12.926760
12.933862
12.945355
12.946886
12.967371
12.977549
12.978094
12.983039
12.988385
12.988830
12.989781
12.989932
12.991688
13.016429
13.018433
13.022104
13.026453
13.034567
13.035151
13.036833
13.044785
13.045962
13.056435
13.073518
13.075307
13.075835
13.081568
13.086452
13.099114
13.099383
13.101067
13.105091
13.109711
13.110959
13.113398
13.123500
13.126019
13.127019
13.134665
13.137041
13.146923
13.152208
13.154116
13.162868
13.164753
13.173744
13.174294
13.178818
13.179218
13.179564
13.182357
13.190874
13.197080
13.206032
13.213752
13.216257
13.220433
13.228735
13.233528
13.235878
13.236165
13.243596
13.249797
13.251314
13.255725
13.271982
13.282330
13.285008
13.287252
13.292976
13.296090
13.297873
13.317724
13.323434
13.323919
13.324090
13.327821
13.330026
13.333614
13.333857
13.334284
13.335653
13.339605
13.339762
13.342308
13.357224
13.360466
13.367181
13.368845
13.371884
13.373257
13.374425
13.376367
13.379745
13.382607
13.384177
13.390662
13.392671
13.398425
13.399976
13.404541
13.406896
13.408605
13.421891
13.423883
13.428405
13.429282
13.429549
13.430919
13.433585
13.437813
13.442475
13.450198
13.450363
13.457358
13.460076
13.470309
13.474016
13.475969
13.476714
13.479348
13.479385
13.482052
13.484809
13.489365
13.492682
13.513730
13.520115
13.525121
13.526590
13.532621
13.535526
13.553284
13.560836
13.562212
13.562425
13.572747
13.576394
13.583735
13.588045
13.597316
13.598302
13.609552
13.620796
13.622882
13.627533
13.632583
13.634748
13.640720
13.641946
13.648361
13.649880
13.651375
13.660685
13.668400
13.671296
13.676900
13.678544
13.680622
13.683763
13.686472
13.691080
13.696682
13.703169
13.707716
13.711864
13.713665
13.720211
13.731475
13.732450
13.732815
13.732942
13.735135
13.739396
13.743663
13.747519
13.748676
13.755311
13.758361
13.760992
13.761555
13.770002
13.777280
13.778407
13.779897
13.782632
13.786125
13.788210
13.790494
13.791391
13.793898
13.793900
13.797237
13.799439
13.804068
13.804203
13.807069
13.807268
13.812608
13.821333
13.823009
13.829031
13.830438
13.834172
13.839633
13.841413
13.842774
13.846776
13.848337
13.854067
13.862432
13.869803
13.871068
13.881862
13.888561
13.889565
13.892322
13.894447
13.898014
13.903198
13.905493
13.907355
13.908472
13.908605
13.912519
13.915544
13.916800
13.917188
13.921289
13.929888
13.931852
13.932442
13.936110
13.937128
13.941744
13.948438
13.949998
13.950541
13.950569
13.950885
13.954296
13.956456
13.957444
13.957523
13.965077
13.967328
13.969940
13.970931
13.971791
13.971997
13.975752
13.983057
13.983223
13.984658
13.986006
13.988149
13.998954
13.999233
13.999954
14.000921
14.004465
14.004555
14.006362
14.010517
14.012283
14.012314
14.018456
14.023150
14.030841
14.033277
14.035104
14.035121
14.041641
14.046269
14.049685
14.050283
14.050325
14.051155
14.054701
14.056524
14.057501
14.058483
14.059152
14.060696
14.061065
14.069406
14.071945
14.072064
14.077634
14.077966
14.078407
14.079964
14.080544
14.087472
14.087893
14.092218
14.095301
14.099916
14.102994
14.103415
14.104851
14.105645
14.107865
14.110811
14.111865
14.116680
14.117530
14.126521
14.131111
14.132174
14.139691
14.142097
14.144994
14.148731
14.155464
14.157767
14.160387
14.162183
14.162265
14.168596
14.172245
14.173247
14.185960
14.190457
14.191009
14.191749
14.197559
14.200831
14.202917
14.212555
14.216465
14.221192
14.221372
14.225707
14.229254
14.231963
14.237305
14.246681
14.250410
14.250598
14.252152
14.258247
14.266305
14.267535
14.268732
14.272336
14.272722
14.274660
14.274680
14.280380
14.282272
14.284155
14.287747
14.288312
14.293563
14.293880
14.294128
14.294192
14.296974
14.298342
14.300912
14.301266
14.304858
14.305125
14.306848
14.307587
14.310669
14.313827
14.317466
14.321074
14.323539
14.325016
14.325682
14.325746
14.326623
14.330125
14.330164
14.330372
14.333686
14.334321
14.339281
14.342233
14.342556
14.344551
14.346097
14.346540
14.346583
14.346879
14.349960
14.350777
14.352660
14.355705
14.356094
14.358427
14.359400
14.360782
14.362339
14.364042
14.367301
14.369197
14.372138
14.376613
14.376698
14.377721
14.379601
14.384406
14.388255
14.389315
14.392033
14.396546
14.400731
14.402247
14.404242
14.405876
14.411726
14.412900
14.416183
14.417279
14.418069
14.418471
14.423303
14.426471
14.428479
14.432549
14.434330
14.435358
14.439228
14.439525
14.441134
14.443943
14.445006
14.445745
14.446279
14.446783
14.447012
14.454965
14.455965
14.457688
14.460007
14.460476
14.461303
14.468978
14.469114
14.469268
14.470180
14.474447
14.474450
14.476264
14.476607
14.476914
14.477443
14.478167
14.478489
14.480741
14.481988
14.482401
14.482791
14.483438
14.484148
14.484263
14.485733
14.486831
14.490818
14.491190
14.494170
14.494349
14.494924
14.497657
14.505111
14.506608
14.507681
14.507972
14.508091
14.514909
14.520589
14.521210
14.522018
14.523171
14.526853
14.529922
14.530024
14.534497
14.535496
14.541741
14.541803
14.542659
14.543259
14.546587
14.548182
14.550781
14.553073
14.554691
14.556728
14.560488
14.562887
14.562891
14.567940
14.570104
14.572704
14.573471
14.582400
14.583408
14.583905
14.584735
14.586184
14.589385
14.591819
14.592535
14.596325
14.599837
14.600596
14.605412
14.613300
14.616750
14.617284
14.617383
14.619317
14.619435
14.620425
14.621264
14.621754
14.621895
14.624943
14.631273
14.631521
14.635770
14.637546
14.638808
14.638997
14.639230
14.639977
14.640866
14.642721
14.644989
14.648266
14.651029
14.655194
14.656641
14.658177
14.658601
14.659949
14.660433
14.660457
14.662851
14.666490
14.668376
14.668549
14.671433
14.672921
14.684983
14.685139
14.685434
14.687252
14.689237
14.689518
14.692493
14.693867
14.695725
14.696140
14.696337
14.697822
14.697824
14.698787
14.700587
14.701275
14.701884
14.701899
14.703127
14.705606
14.706347
14.711235
14.711347
14.715201
14.718179
14.719050
14.721873
14.723440
14.724055
14.727945
14.728483
14.728562
14.731176
14.731346
14.733274
14.733369
14.733559
14.733997
14.737513
14.738213
14.739065
14.740118
14.741360
14.741763
14.745688
14.746555
14.748222
14.752372
14.754025
14.754351
14.754833
14.757010
14.757729
14.758300
14.758451
14.761452
14.762348
14.762751
14.765029
14.767331
14.771330
14.772859
14.773548
14.774885
14.775337
14.776019
14.778153
14.779672
14.781376
14.783065
14.784761
14.784823
14.788049
14.788359
14.790190
14.793899
14.794121
14.794549
14.804289
14.806112
14.806549
14.808570
14.811688
14.811858
14.813277
14.818500
14.819514
14.820756
14.824624
14.827162
14.830920
14.833177
14.834429
14.835299
14.835303
14.836218
14.838623
14.839417
14.840158
14.842851
14.842957
14.844414
14.844903
14.845158
14.846599
14.847716
14.850475
14.851292
14.853004
14.854710
14.855415
14.857053
14.860110
14.860465
14.860802
14.861543
14.866164
14.868886
14.870706
14.871604
14.880200
14.882500
14.883024
14.884786
14.886230
14.886870
14.892028
14.893717
14.895878
14.896379
14.901779
14.902716
14.902825
14.904411
14.905118
14.905249
14.905987
14.910774
14.913052
14.913442
14.914279
14.915249
14.916196
14.920004
14.920190
14.922475
14.924417
14.926512
14.929647
14.930195
14.932125
14.932758
14.933764
14.934093
14.937614
14.938760
14.939459
14.940952
14.944524
14.946498
14.950309
14.954311
14.956339
14.957098
14.958290
14.963224
14.966293
14.968701
14.970103
14.973906
14.974945
14.974985
14.977711
14.978139
14.980903
14.981424
14.982203
14.990340
14.992069
14.996232
15.004616
15.006429
15.007664
15.007830
15.010164
15.012541
15.013618
15.013746
15.014413
15.015701
15.019646
15.020434
15.020960
15.022874
15.023232
15.023438
15.024126
15.025766
15.026711
15.027082
15.028816
15.030284
15.030417
15.031031
15.032031
15.035539
15.036347
15.037260
15.037636
15.039412
15.039982
15.041544
15.046257
15.047179
15.051527
15.051964
15.053495
15.053924
15.054764
15.055779
15.056010
15.057316
15.059262
15.059759
15.061426
15.062304
15.063336
15.067136
15.069210
15.075638
15.078610
15.078869
15.079490
15.079844
15.082377
15.083178
15.083289
15.083529
15.087615
15.088050
15.089649
15.090175
15.092186
15.094538
15.098093
15.098360
15.100629
15.101451
15.102419
15.104664
15.104861
15.105893
15.106675
15.107574
15.108202
15.108414
15.111711
15.113407
15.114024
15.114053
15.115005
15.115507
15.116467
15.116997
15.121795
15.123237
15.124331
15.124852
15.125048
15.126075
15.126709
15.127874
15.129641
15.131913
15.133544
15.135409
15.139987
15.140272
15.140388
15.141326
15.142508
15.145188
15.146441
15.147492
15.147758
15.150906
15.153267
15.153388
15.154048
15.154215
15.156605
15.156667
15.161073
15.161942
15.162227
15.165398
15.165642
15.166264
15.167502
15.169845
15.177093
15.178209
15.180379
15.181053
15.181589
15.183353
15.183544
15.187155
15.187864
15.187983
15.188809
15.189186
15.189281
15.189812
15.192809
15.196520
15.196758
15.197132
15.197857
15.201719
15.202277
15.203147
15.203659
15.207241
15.207856
15.212839
15.213799
15.214552
15.215793
15.216355
15.220154
15.220798
15.221704
15.222427
15.222937
15.225727
15.226187
15.227082
15.227297
15.228090
15.230227
15.231422
15.232961
15.234230
15.234471
15.234768
15.236317
15.236589
15.236824
15.237268
15.237759
15.237936
15.238450
15.240871
15.242753
15.246199
15.246671
15.246850
15.247293
15.248393
15.252236
15.254194
15.254757
15.255651
15.257501
15.260214
15.265296
15.271297
15.271968
15.274669
15.275421
15.277249
15.277916
15.279071
15.279926
15.280110
15.280382
15.280991
15.282335
15.282591
15.283306
15.284280
15.284742
15.286268
15.287355
15.289963
15.289984
15.290155
15.290167
15.290648
15.290944
15.294247
15.295359
15.298613
15.299453
15.300341
15.300547
15.301328
15.302697
15.303263
15.303571
15.304211
15.304557
15.304682
15.307375
15.307425
15.308612
15.316820
15.319886
15.321151
15.324494
15.324754
15.325510
15.325909
15.328068
15.328093
15.328140
15.330157
15.330503
15.331248
15.331941
15.333948
15.337992
15.338035
15.338598
15.338683
15.339224
15.339508
15.340503
15.341766
15.343040
15.343170
15.344062
15.344482
15.348035
15.348529
15.350780
15.351370
15.352777
15.353918
15.354156
15.355641
15.356068
15.356790
15.358533
15.360168
15.365945
15.366454
15.367397
15.368438
15.369505
15.370148
15.371246
15.372952
15.373200
15.374754
15.375298
15.376070
15.376343
15.376624
15.376801
15.377156
15.378807
15.380685
15.381056
15.384319
15.386352
15.388950
15.389374
15.390148
15.391044
15.391319
15.394052
15.394357
15.396694
15.397012
15.399454
15.400552
15.401045
15.401785
15.402045
15.403359
15.404188
15.405511
15.405680
15.406946
15.409185
15.410160
15.411088
15.411220
15.413739
15.419527
15.421106
15.422278
15.423664
15.423995
15.424355
15.424836
15.425058
15.425200
15.427354
15.427930
15.428853
15.430709
15.432090
15.434916
15.435154
15.435524
15.435527
15.435591
15.441509
15.442334
15.442642
15.443870
15.445590
15.447171
15.448869
15.449291
15.450585
15.453090
15.453103
15.454342
15.458939
15.459840
15.462194
15.462555
15.465281
15.466529
15.471882
15.471963
15.473963
15.475472
15.477452
15.478765
15.480142
15.480834
15.483684
15.486762
15.487364
15.487462
15.489714
15.490069
15.495404
15.495485
15.496044
15.496428
15.497222
15.498378
15.498465
15.498897
15.500355
15.502446
15.502449
15.502831
15.503592
15.504273
15.504506
15.504713
15.504783
15.506690
15.507307
15.509047
15.510104
15.511004
15.515601
15.515894
15.516628
15.516628
15.517207
15.517542
15.517579
15.517980
15.519208
15.519512
15.520067
15.521290
15.521741
15.523184
15.523356
15.523461
15.524056
15.525475
15.525597
15.525860
15.526033
15.527089
15.532191
15.533891
15.534293
15.534847
15.535215
15.535801
15.537900
15.538039
15.538334
15.539081
15.541039
15.545595
15.547108
15.548304
15.549300
15.549470
15.549798
15.551843
15.551918
15.552392
15.553249
15.554198
15.555626
15.556848
15.557300
15.560408
15.561591
15.562853
15.564945
15.565248
15.568283
15.570675
15.571560
15.575765
15.576529
15.579881
15.580371
15.581040
15.581047
15.581265
15.583526
15.583872
15.584746
15.587249
15.588447
15.588804
15.589045
15.595137
15.600028
15.600530
15.601322
15.602233
15.602680
15.602865
15.603551
15.604473
15.604570
15.606143
15.606687
15.606799
15.608221
15.608456
15.609138
15.609616
15.610041
15.610435
15.611981
15.612028
15.613474
15.614484
15.614718
15.615051
15.615797
15.617218
15.617814
15.618151
15.618844
15.619075
15.619552
15.619940
15.620011
15.621472
15.621508
15.621822
15.622766
15.624968
15.626125
15.628844
15.629096
15.629259
15.631765
15.632018
15.632452
15.634445
15.634554
15.635283
15.635472
15.635897
15.636504
15.636898
15.638118
15.639585
15.641808
15.644680
15.645692
15.646093
15.646505
15.647103
15.647339
15.649878
15.649899
15.651015
15.653733
15.653781
15.658713
15.659204
15.660667
15.661823
15.662693
15.665359
15.667331
15.667408
15.667538
15.669078
15.670559
15.672573
15.673228
15.675969
15.676097
15.679678
15.680030
15.680149
15.682212
15.683556
15.684019
15.684448
15.686552
15.687772
15.688645
15.689024
15.690236
15.690668
15.691106
15.691863
15.692300
15.693075
15.693360
15.694707
15.695420
15.695462
15.695849
15.698080
15.698125
15.698183
15.698352
15.698929
15.699832
15.700067
15.701159
15.701301
15.702377
15.702555
15.703890
15.704589
15.705514
15.705625
15.707001
15.708423
15.710623
15.710681
15.710823
15.710920
15.711585
15.712532
15.714924
15.718631
15.718831
15.719076
15.719226
15.720870
15.722036
15.722045
15.726192
15.726707
15.726715
15.728547
15.728634
15.730286
15.730554
15.730597
15.731567
15.732921
15.734394
15.734591
15.735412
15.736098
15.737548
15.739195
15.739689
15.743078
15.744299
15.745673
15.745824
15.747320
15.749579
15.750690
15.751578
15.751755
15.752148
15.752691
15.753306
15.753615
15.753641
15.753827
15.755639
15.756344
15.757317
15.757786
15.757878
15.758174
15.759462
15.759713
15.760633
15.761585
15.761801
15.763971
15.764199
15.765858
15.768573
15.768787
15.771167
15.771786
15.774627
15.775562
15.777467
15.777626
15.778127
15.779076
15.779849
15.779895
15.780474
15.782498
15.782776
15.784262
15.786210
15.786461
15.788799
15.789200
15.790088
15.791245
15.792583
15.793196
15.795459
15.795584
15.797984
15.798149
15.799146
15.799950
15.800185
15.800332
15.801074
15.804853
15.807936
15.810991
15.811556
15.812040
15.814763
15.814813
15.815404
15.816873
15.817847
15.819031
15.820112
15.820418
15.822325
15.825907
15.826142
15.827229
15.830051
15.830942
15.833130
15.834406
15.834916
15.836375
15.837467
15.838184
15.840425
15.841170
15.841384
15.843370
15.843931
15.844295
15.844811
15.845144
15.845671
15.845741
15.845837
15.847506
15.849448
15.849483
15.851129
15.851628
15.852393
15.855719
15.856771
15.857514
15.858389
15.858746
15.859810
15.861604
15.862490
15.863866
15.864572
15.864595
15.865015
15.865308
15.865372
15.866572
15.867145
15.867914
15.874297
15.874592
15.875228
15.875269
15.877499
15.878019
15.879764
15.880228
15.880349
15.883003
15.883249
15.883384
15.883545
15.884163
15.884702
15.885313
15.885927
15.886847
15.888510
15.889380
15.889441
15.890223
15.891605
15.891655
15.893299
15.893682
15.893766
15.894947
15.894987
15.895111
15.895455
15.898191
15.898798
15.898843
15.899355
15.900442
15.900504
15.900784
15.901230
15.902766
15.903250
15.904029
15.905156
15.906092
15.906633
15.907074
15.907120
15.907226
15.907404
15.909007
15.909569
15.909993
15.914330
15.914502
15.916004
15.917391
15.918344
15.921278
15.922536
15.924169
15.924782
15.925378
15.925381
15.927371
15.928157
15.929782
15.929802
15.929897
15.930627
15.930643
15.932125
15.932535
15.933114
15.934783
15.935266
15.939219
15.940764
15.940808
15.941193
15.941266
15.941962
15.943101
15.943219
15.943623
15.944776
15.945029
15.946170
15.947927
15.948400
15.951512
15.951653
15.952174
15.952723
15.955133
15.955365
15.956943
15.958655
15.958691
15.959060
15.959126
15.959407
15.959866
15.960608
15.961352
15.963449
15.964130
15.964670
15.965442
15.965840
15.966276
15.967076
15.968419
15.969583
15.970658
15.971870
15.972657
15.974446
15.975807
15.976435
15.977992
15.978292
15.978523
15.978817
15.980215
15.984195
15.984204
15.985538
15.986179
15.986885
15.989146
15.990600
15.991174
15.991812
15.992793
15.993387
15.994391
15.994740
15.995231
15.995621
15.999659
16.000526
16.000912
16.003132
16.003464
16.004246
16.005758
16.007055
16.008684
16.009354
16.010950
16.011543
16.011616
16.012346
16.012394
16.013227
16.014292
16.014412
16.015902
16.016191
16.016438
16.019190
16.021292
16.021667
16.021709
16.022079
16.023664
16.026077
16.026148
16.026550
16.027962
16.028269
16.029106
16.029737
16.032280
16.032730
16.035450
16.036043
16.037170
16.037184
16.041536
16.042368
16.042477
16.043587
16.044004
16.048304
16.049873
16.050623
16.051241
16.052006
16.053705
16.054195
16.054325
16.054399
16.056675
16.057966
16.059244
16.059551
16.060066
16.062057
16.065393
16.065605
16.065821
16.067835
16.068035
16.068272
16.069292
16.069586
16.070206
16.070969
16.071161
16.072702
16.073284
16.073801
16.075321
16.077383
16.080566
16.080688
16.081554
16.082577
16.082960
16.083097
16.083393
16.084429
16.085899
16.086390
16.087337
16.088579
16.088673
16.089159
16.089874
16.090315
16.091150
16.093418
16.097204
16.097414
16.097826
16.097858
16.098061
16.099110
16.099817
16.099888
16.100286
16.100977
16.103453
16.103474
16.104076
16.107315
16.107504
16.108015
16.108578
16.110970
16.111259
16.111666
16.111870
16.111958
16.116007
16.116007
16.116035
16.116266
16.116501
16.119150
16.119722
16.119961
16.120100
16.120386
16.122889
16.123604
16.123938
16.125488
16.125704
16.129358
16.130104
16.130796
16.130899
16.131586
16.132851
16.132923
16.133066
16.133268
16.133875
16.134586
16.136805
16.137615
16.137888
16.138538
16.138548
16.141253
16.142010
16.142178
16.142538
16.143219
16.144890
16.144926
16.145945
16.147160
16.147524
16.149593
16.149723
16.149969
16.150654
16.151199
16.151546
16.152908
16.154760
16.157310
16.159477
16.160713
16.160885
16.160955
16.162374
16.164042
16.165037
16.165777
16.166313
16.166386
16.167006
16.169571
16.169775
16.169777
16.170111
16.171072
16.173262
16.173647
16.174503
16.174614
16.175789
16.176584
16.176807
16.177916
16.177946
16.178062
16.179216
16.179586
16.180058
16.180281
16.180407
16.181295
16.182459
16.182833
16.184219
16.184481
16.184683
16.186052
16.186876
16.188477
16.188665
16.189016
16.189064
16.190666
16.193985
16.194380
16.194704
16.194868
16.195360
16.196074
16.196323
16.197212
16.198011
16.199268
16.200680
16.201082
16.202690
16.203651
16.203749
16.205233
16.206060
16.206177
16.207207
16.207983
16.210920
16.211901
16.212355
16.215345
16.215971
16.216076
16.217434
16.218349
16.219011
16.219408
16.220032
16.221006
16.221338
16.222460
16.226711
16.227493
16.228855
16.229195
16.230938
16.232197
16.234638
16.235201
16.236675
16.237528
16.237564
16.238796
16.241549
16.241713
16.241941
16.242367
16.244041
16.244875
16.245924
16.246403
16.247208
16.247833
16.251297
16.251530
16.251902
16.254242
16.254354
16.257761
16.258621
16.259121
16.260672
16.260937
16.261938
16.262501
16.263042
16.263668
16.263819
16.264698
16.265259
16.265781
16.267036
16.269297
16.269772
16.269831
16.270149
16.271225
16.273315
16.274033
16.275297
16.275707
16.276548
16.277618
16.277681
16.278784
16.279116
16.282759
16.283136
16.283138
16.283674
16.283812
16.284090
16.285324
16.288095
16.288757
16.290007
16.291039
16.291590
16.292076
16.293085
16.295076
16.295250
16.296350
16.296743
16.298998
16.300165
16.300333
16.301432
16.302490
16.303539
16.303957
16.304987
16.306383
16.306856
16.307573
16.308296
16.308847
16.308893
16.311403
16.311829
16.312847
16.313705
16.314312
16.314423
16.314497
16.316168
16.321747
16.322624
16.322998
16.323036
16.325121
16.326233
16.327312
16.327549
16.327707
16.328066
16.328688
16.329428
16.334639
16.335020
16.336149
16.336586
16.336880
16.338049
16.338692
16.338823
16.340023
16.341194
16.341862
16.342445
16.342628
16.343534
16.345369
16.346767
16.347090
16.347532
16.347561
16.347576
16.347864
16.349739
16.349771
16.350468
16.353834
16.355223
16.355263
16.356352
16.358568
16.359337
16.359400
16.361225
16.361412
16.361984
16.362541
16.364538
16.365992
16.366072
16.366392
16.366915
16.367872
16.369034
16.369211
16.369574
16.371029
16.371563
16.371826
16.372246
16.373753
16.375278
16.376860
16.378191
16.379354
16.379814
16.380482
16.380533
16.381760
16.381765
16.382853
16.384836
16.385180
16.385530
16.385813
16.387503
16.388182
16.389009
16.389395
16.391451
16.391575
16.393740
16.395517
16.395742
16.395821
16.398499
16.398500
16.400600
16.400866
16.403992
16.405117
16.405416
16.406034
16.406883
16.408518
16.408943
16.410505
16.413774
16.413870
16.414984
16.415325
16.416828
16.418642
16.419683
16.420944
16.421251
16.421421
16.421865
16.421898
16.422213
16.423460
16.426025
16.426281
16.426632
16.429819
16.430243
16.431948
16.432442
16.432896
16.433199
16.433588
16.433743
16.434683
16.435595
16.435705
16.436016
16.436163
16.436188
16.436644
16.436777
16.436834
16.437260
16.438194
16.438221
16.439430
16.440651
16.442566
16.442787
16.444054
16.444736
16.445681
16.446384
16.446487
16.446815
16.446875
16.447124
16.447382
16.448444
16.448814
16.449055
16.449083
16.449389
16.449894
16.450909
16.458721
16.459858
16.460205
16.460438
16.462082
16.462530
16.463861
16.464037
16.464729
16.465910
16.465925
16.465973
16.466211
16.466623
16.468641
16.470385
16.470423
16.474688
16.475054
16.475687
16.476465
16.476824
16.476995
16.476999
16.479212
16.479357
16.480087
16.480215
16.481092
16.481361
16.482069
16.482162
16.483391
16.484587
16.484968
16.486200
16.487833
16.490171
16.490690
16.492603
16.492737
16.492752
16.495007
16.495525
16.495586
16.495682
16.495745
16.496042
16.496729
16.500093
16.500919
16.501692
16.501944
16.501972
16.502405
16.502619
16.502695
16.503099
16.503922
16.504250
16.504589
16.506575
16.506889
16.507414
16.507915
16.509016
16.509195
16.509264
16.509497
16.509876
16.510630
16.511112
16.512266
16.514814
16.514938
16.517246
16.518047
16.518131
16.518982
16.519730
16.519926
16.521486
16.521597
16.522707
16.522779
16.522980
16.523186
16.524645
16.525938
16.525970
16.526270
16.527082
16.529312
16.530481
16.530907
16.531197
16.531410
16.531933
16.533012
16.533442
16.534456
16.535206
16.536182
16.536983
16.537979
16.538918
16.539396
16.539621
16.539791
16.540878
16.541237
16.541769
16.544111
16.545431
16.545841
16.546648
16.549191
16.550472
16.550808
16.551561
16.553373
16.553907
16.554958
16.555958
16.556747
16.557606
16.559601
16.560772
16.561255
16.561537
16.561968
16.562996
16.563900
16.565104
16.566605
16.567169
16.567602
16.568645
16.569418
16.569523
16.569841
16.571079
16.572290
16.572544
16.573263
16.576115
16.577621
16.577627
16.577736
16.578579
16.578606
16.578749
16.579027
16.579584
16.582256
16.582529
16.582758
16.583242
16.584061
16.584082
16.584318
16.584404
16.585222
16.586195
16.586296
16.586386
16.586933
16.587046
16.587172
16.587336
16.588232
16.588364
16.588816
16.590189
16.591806
16.591820
16.593166
16.593466
16.595060
16.596823
16.596928
16.597506
16.598076
16.598333
16.598337
16.599365
16.599779
16.600677
16.600977
16.601677
16.601879
16.601942
16.603550
16.604200
16.607172
16.608788
16.609100
16.610641
16.610682
16.611454
16.612679
16.613985
16.615734
16.616758
16.619408
16.619715
16.619860
16.620173
16.620508
16.620838
16.623081
16.623693
16.623714
16.623808
16.624228
16.624273
16.624681
16.626833
16.627571
16.628721
16.630110
16.632233
16.633770
16.634493
16.634800
16.635033
16.635319
16.637583
16.638945
16.640253
16.640591
16.640749
16.641754
16.641916
16.641989
16.642365
16.643589
16.645617
16.646580
16.651058
16.651459
16.651852
16.651947
16.653000
16.654318
16.654469
16.656025
16.656725
16.658560
16.658726
16.658903
16.659882
16.660671
16.660879
16.661304
16.662842
16.663799
16.666388
16.669195
16.669216
16.669899
16.670185
16.670406
16.670630
16.671722
16.672440
16.673069
16.673592
16.675316
16.675728
16.676054
16.676891
16.677305
16.677481
16.679110
16.679646
16.680634
16.680704
16.682621
16.683523
16.684177
16.684511
16.685328
16.685532
16.685644
16.685877
16.685986
16.686312
16.686752
16.686872
16.686960
16.686979
16.689383
16.690006
16.691818
16.692038
16.692680
16.693258
16.694624
16.696262
16.696766
16.696947
16.698450
16.699583
16.699810
16.699829
16.700535
16.700621
16.701265
16.702353
16.702929
16.703402
16.704458
16.704845
16.704933
16.705006
16.705429
16.706533
16.707001
16.707254
16.708082
16.708986
16.709826
16.710119
16.711689
16.712881
16.713633
16.713932
16.715450
16.716631
16.717203
16.718025
16.718336
16.719053
16.720619
16.720808
16.720966
16.721123
16.721434
16.722771
16.723274
16.724562
16.724697
16.725965
16.725981
16.726295
16.729282
16.729298
16.732264
16.732529
16.733767
16.735222
16.737381
16.737410
16.738907
16.739780
16.740160
16.743185
16.743681
16.746387
16.746632
16.747030
16.747311
16.748581
16.748886
16.749018
16.749063
16.749784
16.750757
16.750866
16.750887
16.750896
16.751652
16.752022
16.753675
16.753996
16.754122
16.754129
16.754507
16.754803
16.755640
16.757433
16.757662
16.758045
16.758070
16.758932
16.759207
16.759216
16.759283
16.760151
16.760227
16.761328
16.762070
16.762133
16.763371
16.763666
16.764036
16.764042
16.764101
16.764296
16.764715
16.768312
16.769705
16.770231
16.770529
16.770887
16.771515
16.775190
16.775209
16.775581
16.777651
16.777691
16.778734
16.778999
16.780041
16.781996
16.782307
16.783823
16.784124
16.784973
16.785006
16.785765
16.785921
16.786633
16.788671
16.788809
16.788979
16.796444
16.797003
16.797119
16.797209
16.799807
16.800468
16.800499
16.802065
16.802347
16.803177
16.804283
16.805115
16.805122
16.805731
16.807486
16.807827
16.808208
16.808496
16.809116
16.809319
16.811607
16.812399
16.812445
16.812611
16.812782
16.812824
16.814028
16.814049
16.814217
16.815344
16.816200
16.817524
16.818935
16.822166
16.822361
16.822748
16.823946
16.825615
16.825926
16.826237
16.826464
16.826504
16.826538
16.826996
16.827625
16.827930
16.828421
16.829643
16.830202
16.830990
16.831659
16.833195
16.834785
16.834808
16.835346
16.836416
16.838100
16.838356
16.839544
16.841225
16.841572
16.841825
16.846033
16.846212
16.846983
16.847116
16.847647
16.849482
16.851109
16.851116
16.851765
16.852114
16.852867
16.855850
16.859673
16.859911
16.861547
16.861715
16.861996
16.862530
16.863165
16.863470
16.863766
16.864126
16.864466
16.864893
16.865456
16.865633
16.866215
16.868032
16.869085
16.870199
16.872995
16.873743
16.873949
16.874861
16.875420
16.877333
16.877853
16.879292
16.881285
16.881430
16.881462
16.881594
16.882921
16.883915
16.884619
16.885061
16.886339
16.886597
16.886959
16.887175
16.887932
16.888063
16.888786
16.889774
16.891031
16.892298
16.892799
16.893190
16.893744
16.893946
16.895164
16.897472
16.897921
16.898191
16.898277
16.898813
16.898842
16.898945
16.898954
16.899658
16.900013
16.902842
16.903896
16.904541
16.905272
16.905977
16.905983
16.908003
16.908268
16.908432
16.910629
16.910994
16.912231
16.912653
16.912840
16.912907
16.912964
16.913647
16.915020
16.915531
16.915792
16.915823
16.916759
16.916920
16.917297
16.917339
16.917498
16.917574
16.919527
16.924194
16.924774
16.926718
16.927502
16.927662
16.927708
16.929914
16.931639
16.931963
16.933159
16.934566
16.935648
16.938295
16.938925
16.939383
16.939703
16.939795
16.942226
16.942427
16.942743
16.943470
16.943720
16.943726
16.943748
16.943947
16.944344
16.945215
16.946548
16.947433
16.947895
16.948626
16.949282
16.951368
16.952049
16.952772
16.952971
16.953297
16.954414
16.954546
16.955200
16.955328
16.956135
16.957239
16.957394
16.958021
16.958038
16.958637
16.958952
16.959211
16.959230
16.959478
16.959654
16.961296
16.963057
16.963324
16.963942
16.964581
16.965172
16.965275
16.966059
16.966112
16.966228
16.966257
16.966860
16.967176
16.967659
16.967751
16.967808
16.968668
16.968700
16.970068
16.970098
16.970407
16.970844
16.971586
16.972013
16.972914
16.973274
16.973707
16.974194
16.975540
16.975811
16.976442
16.977083
16.979229
16.979582
16.983274
16.983376
16.984589
16.985014
16.985022
16.986397
16.988346
16.988491
16.989813
16.991695
16.992407
16.994822
16.994862
16.995457
16.996500
16.996799
16.997208
16.998400
16.999617
16.999950
16.999969
17.000402
17.001026
17.001760
17.002443
17.003784
17.004747
17.004959
17.006870
17.007866
17.009073
17.011221
17.012524
17.013098
17.013475
17.014168
17.014278
17.014732
17.014853
17.016628
17.019836
17.019844
17.020248
17.020323
17.020777
17.021210
17.022503
17.022640
17.022837
17.022863
17.023312
17.024330
17.024809
17.025965
17.027082
17.027126
17.028440
17.029505
17.029865
17.030077
17.031948
17.031979
17.032497
17.033701
17.033762
17.035328
17.035698
17.037794
17.040396
17.041649
17.042202
17.043011
17.043034
17.043234
17.043253
17.044796
17.045279
17.045332
17.045732
17.046017
17.046221
17.046440
17.046526
17.046623
17.048002
17.048344
17.048353
17.048445
17.048538
17.048611
17.049459
17.050911
17.050919
17.051126
17.051153
17.051159
17.051165
17.051336
17.051401
17.052549
17.054834
17.055031
17.056286
17.057594
17.058140
17.058884
17.059780
17.059805
17.061550
17.062624
17.064119
17.064148
17.064449
17.064856
17.065001
17.066534
17.066868
17.067791
17.068859
17.069246
17.069525
17.069817
17.070210
17.070766
17.070932
17.071003
17.071188
17.071743
17.072220
17.072716
17.073223
17.073902
17.074015
17.074324
17.074457
17.075232
17.075602
17.077869
17.077955
17.078159
17.080269
17.080870
17.080975
17.081345
17.081814
17.081823
17.081900
17.082390
17.083305
17.083313
17.083744
17.083878
17.085342
17.085432
17.085541
17.087929
17.088842
17.089386
17.089396
17.091988
17.094345
17.094872
17.094952
17.097004
17.098244
17.099962
17.101509
17.101660
17.101854
17.102839
17.103319
17.103329
17.103979
17.107082
17.107874
17.109837
17.110001
17.111584
17.113510
17.113611
17.114212
17.114689
17.115477
17.116972
17.117050
17.120127
17.121025
17.121372
17.121645
17.123175
17.123348
17.124121
17.124279
17.125484
17.126139
17.126553
17.127531
17.129917
17.130318
17.130913
17.130943
17.132015
17.132492
17.132492
17.133648
17.134733
17.134758
17.136419
17.137257
17.137428
17.137875
17.137882
17.138193
17.138239
17.138491
17.141138
17.141237
17.141289
17.142302
17.143270
17.144966
17.145073
17.146099
17.147793
17.149166
17.149355
17.150129
17.152267
17.152514
17.153709
17.154800
17.154825
17.155151
17.156845
17.158480
17.158543
17.159306
17.159338
17.160885
17.162706
17.163033
17.163305
17.163883
17.163952
17.164001
17.164198
17.164738
17.165121
17.165644
17.165760
17.165939
17.166321
17.166624
17.166914
17.167318
17.167976
17.168922
17.169662
17.169914
17.170017
17.173914
17.174288
17.174515
17.174530
17.175335
17.175411
17.175562
17.176064
17.177185
17.178425
17.179138
17.181114
17.181484
17.181768
17.183123
17.183689
17.183754
17.186069
17.187107
17.190094
17.191212
17.192091
17.192364
17.192822
17.192856
17.193279
17.193470
17.193768
17.194435
17.194633
17.197851
17.197990
17.198011
17.198891
17.199055
17.200104
17.201660
17.202988
17.203436
17.203594
17.204245
17.204586
17.204603
17.204966
17.206886
17.206911
17.208309
17.209629
17.209747
17.213337
17.214520
17.214727
17.214729
17.215813
17.215975
17.217249
17.217457
17.218027
17.218468
17.219376
17.220211
17.220274
17.220688
17.221043
17.224535
17.226412
17.226719
17.227674
17.227972
17.228096
17.228592
17.228642
17.228823
17.231041
17.231140
17.231560
17.234007
17.236469
17.236584
17.236593
17.237961
17.238201
17.238989
17.239695
17.240084
17.240843
17.241549
17.242586
17.243050
17.243761
17.244452
17.244497
17.245291
17.248587
17.251759
17.251825
17.251858
17.253063
17.253414
17.253847
17.253967
17.254614
17.254778
17.255825
17.256407
17.257036
17.257988
17.258545
17.258842
17.259853
17.260004
17.261078
17.261145
17.261288
17.262651
17.264862
17.264891
17.266895
17.267223
17.267473
17.267956
17.268238
17.268494
17.268694
17.269495
17.269667
17.269831
17.271040
17.271219
17.272562
17.274754
17.275429
17.275650
17.276783
17.277138
17.277838
17.278366
17.278708
17.278934
17.282681
17.283426
17.283491
17.284750
17.285488
17.285490
17.287909
17.288549
17.289686
17.290365
17.290379
17.291155
17.292341
17.292965
17.293669
17.294369
17.295290
17.295359
17.295803
17.296030
17.296762
17.296921
17.297041
17.297594
17.298239
17.298927
17.300278
17.300617
17.300941
17.302090
17.304483
17.305464
17.306524
17.307970
17.308451
17.308891
17.309124
17.309439
17.309771
17.310331
17.311064
17.311489
17.311783
17.313009
17.313253
17.313284
17.313456
17.313683
17.314026
17.315041
17.315376
17.316072
17.316093
17.316263
17.317390
17.317530
17.317684
17.317707
17.318344
17.320242
17.320383
17.320658
17.320858
17.322956
17.323000
17.326532
17.326551
17.326759
17.326815
17.326860
17.327377
17.328434
17.328569
17.329685
17.329733
17.330393
17.331520
17.331680
17.332027
17.333382
17.335194
17.335396
17.337729
17.337847
17.338081
17.338963
17.339413
17.339430
17.340990
17.341539
17.341858
17.343472
17.344696
17.345379
17.346746
17.347605
17.347933
17.348450
17.349979
17.350826
17.351294
17.351961
17.354710
17.356022
17.356133
17.356340
17.357834
17.358528
17.360302
17.361345
17.363001
17.365189
17.366341
17.366350
17.367588
17.367699
17.368544
17.368580
17.368614
17.371418
17.372372
17.373440
17.373926
17.373945
17.375444
17.375589
17.376793
17.377321
17.378555
17.379383
17.379925
17.380808
17.381403
17.381653
17.381802
17.384279
17.386419
17.386541
17.386805
17.387075
17.387636
17.388100
17.388481
17.388603
17.388882
17.389872
17.391127
17.391846
17.392368
17.392452
17.392591
17.393303
17.394852
17.395329
17.396223
17.397337
17.397411
17.398048
17.398590
17.398857
17.401579
17.403164
17.403269
17.403685
17.404406
17.407558
17.408691
17.408915
17.409283
17.409414
17.413961
17.414812
17.415913
17.416901
17.416918
17.418203
17.418447
17.418846
17.419277
17.419563
17.419567
17.419680
17.420740
17.420979
17.422218
17.422878
17.425453
17.426743
17.427603
17.427830
17.427830
17.428661
17.430721
17.430790
17.430826
17.431831
17.432312
17.432482
17.433733
17.434092
17.435051
17.435070
17.435184
17.435223
17.435581
17.435705
17.438513
17.439804
17.440763
17.440807
17.440926
17.441072
17.441250
17.441378
17.441505
17.441774
17.442127
17.442301
17.445543
17.445810
17.446045
17.449745
17.450869
17.450918
17.451178
17.451691
17.452026
17.452204
17.452240
17.455763
17.457314
17.457405
17.457956
17.459711
17.459955
17.460096
17.463057
17.464334
17.464437
17.464754
17.465218
17.465609
17.466246
17.466307
17.466625
17.467083
17.467424
17.467979
17.469101
17.469271
17.469690
17.469778
17.469933
17.471573
17.473101
17.474337
17.474768
17.475338
17.478271
17.478725
17.478855
17.478943
17.479713
17.482096
17.483835
17.484875
17.487108
17.487963
17.488285
17.489046
17.489908
17.490000
17.490044
17.490662
17.492039
17.492138
17.492638
17.493105
17.494518
17.495234
17.495335
17.495493
17.496557
17.496586
17.497288
17.497871
17.498375
17.500134
17.500912
17.501717
17.502142
17.503111
17.504305
17.505800
17.506596
17.507029
17.507044
17.508081
17.508224
17.508537
17.509745
17.510181
17.511038
17.513000
17.513371
17.513700
17.515432
17.515516
17.515606
17.515717
17.516609
17.517260
17.517366
17.518547
17.518902
17.519117
17.519672
17.519829
17.519848
17.520044
17.520184
17.522491
17.522680
17.522770
17.523125
17.525194
17.526382
17.526905
17.527582
17.528088
17.528509
17.529400
17.532234
17.532291
17.532370
17.533472
17.533827
17.534483
17.535810
17.535858
17.537514
17.538452
17.539454
17.542181
17.543797
17.544239
17.544388
17.544468
17.546324
17.546471
17.546810
17.549253
17.551161
17.551594
17.554028
17.554832
17.556297
17.556736
17.556778
17.556911
17.558529
17.558603
17.559868
17.560186
17.560219
17.560814
17.561178
17.561817
17.562223
17.562532
17.562733
17.564867
17.565142
17.565563
17.566793
17.566864
17.566893
17.566917
17.568010
17.569553
17.570160
17.572222
17.572554
17.572563
17.575466
17.577024
17.578823
17.578867
17.583490
17.583923
17.583994
17.586294
17.586723
17.587337
17.587547
17.587679
17.588564
17.589310
17.589958
17.590731
17.591833
17.591930
17.592361
17.592535
17.594057
17.594252
17.594339
17.594446
17.594603
17.595118
17.597094
17.597837
17.598377
17.598764
17.601004
17.604805
17.604839
17.605572
17.606298
17.606630
17.606749
17.608921
17.609365
17.609375
17.609945
17.609983
17.610201
17.611160
17.611746
17.612343
17.613930
17.614193
17.616241
17.617496
17.618603
17.618820
17.619646
17.619947
17.620407
17.620546
17.620804
17.622063
17.623344
17.623713
17.623760
17.624342
17.624849
17.625898
17.626041
17.627188
17.627569
17.627604
17.627783
17.628222
17.628735
17.628956
17.630320
17.630974
17.631443
17.633873
17.633963
17.634924
17.634928
17.635313
17.636663
17.636885
17.637138
17.637743
17.639605
17.640778
17.641094
17.642464
17.644121
17.647282
17.648090
17.648130
17.648155
17.649317
17.651598
17.653486
17.655439
17.656034
17.658213
17.658218
17.659023
17.660162
17.660627
17.661087
17.661306
17.661747
17.663441
17.664391
17.664400
17.664577
17.664621
17.665474
17.666277
17.666428
17.667677
17.669127
17.670099
17.672152
17.672791
17.673502
17.673531
17.673700
17.676977
17.677128
17.677698
17.678249
17.679653
17.680235
17.680288
17.680609
17.680836
17.682644
17.683662
17.683893
17.684362
17.686186
17.686394
17.686642
17.687494
17.687632
17.688473
17.688629
17.689333
17.690592
17.692652
17.693008
17.693523
17.694206
17.694773
17.695559
17.696146
17.696959
17.697433
17.697721
17.699713
17.699862
17.700125
17.700466
17.700542
17.703171
17.703346
17.703529
17.703592
17.704796
17.706211
17.708048
17.708450
17.708744
17.708755
17.708822
17.710026
17.711353
17.712135
17.712435
17.712940
17.713097
17.713245
17.713705
17.713755
17.714174
17.714785
17.714838
17.715305
17.715374
17.716293
17.716583
17.716719
17.717775
17.719585
17.720020
17.721384
17.721569
17.722248
17.724125
17.725922
17.726479
17.727219
17.727737
17.728695
17.729031
17.730972
17.731287
17.732155
17.733974
17.734573
17.734941
17.735023
17.736450
17.736452
17.736998
17.738194
17.738480
17.739273
17.739971
17.740088
17.741970
17.742401
17.742481
17.742495
17.743931
17.745432
17.746078
17.747458
17.750132
17.750683
17.750925
17.752905
17.753046
17.753275
17.753885
17.753899
17.754343
17.754480
17.754862
17.756824
17.757299
17.757950
17.758545
17.758646
17.759361
17.759928
17.760918
17.761440
17.761694
17.763809
17.766556
17.766659
17.766783
17.767214
17.767221
17.767328
17.769697
17.770201
17.770260
17.770599
17.773962
17.774557
17.775871
17.776058
17.777262
17.777950
17.778414
17.779839
17.779970
17.780695
17.782486
17.782703
17.782703
17.782791
17.784155
17.784563
17.784956
17.785469
17.786268
17.787277
17.787495
17.787966
17.789419
17.789705
17.789717
17.790977
17.791664
17.791676
17.791983
17.793215
17.793844
17.794054
17.794266
17.794798
17.796532
17.797514
17.797699
17.798269
17.801994
17.802465
17.802979
17.803261
17.804213
17.804714
17.805317
17.807972
17.808502
17.809786
17.809820
17.810181
17.810276
17.811117
17.811449
17.812212
17.812637
17.813377
17.813993
17.814058
17.815218
17.815794
17.816166
17.816223
17.816868
17.817020
17.818478
17.818844
17.819613
17.819696
17.820265
17.821283
17.821674
17.821701
17.821728
17.822361
17.823349
17.824492
17.824858
17.825851
17.827005
17.827503
17.827690
17.828377
17.829918
17.830374
17.830729
17.832224
17.832611
17.833014
17.833347
17.839937
17.840527
17.840605
17.840750
17.841133
17.844543
17.846260
17.846939
17.847351
17.848104
17.849707
17.849865
17.850430
17.851431
17.852259
17.853834
17.854347
17.854513
17.855335
17.855631
17.855701
17.855898
17.855904
17.856310
17.856352
17.858458
17.858461
17.858969
17.859329
17.864214
17.864441
17.865883
17.866066
17.868492
17.868710
17.870443
17.872093
17.872543
17.876730
17.877428
17.878332
17.882532
17.882753
17.882792
17.883289
17.883410
17.884197
17.884962
17.885141
17.887083
17.888203
17.889572
17.889982
17.890434
17.890575
17.891336
17.891741
17.895720
17.895941
17.896151
17.896561
17.896879
17.900169
17.900290
17.900871
17.900928
17.901878
17.901993
17.905039
17.905291
17.905661
17.905714
17.906435
17.907339
17.908087
17.909016
17.911276
17.911978
17.912323
17.912359
17.913820
17.914450
17.915367
17.915646
17.918331
17.919676
17.919739
17.920643
17.921013
17.921280
17.921829
17.923616
17.924763
17.924822
17.924910
17.924934
17.925911
17.926081
17.927103
17.927181
17.929518
17.929661
17.929960
17.930244
17.931299
17.931328
17.931664
17.932646
17.934587
17.934944
17.935162
17.935537
17.939837
17.940630
17.941242
17.941313
17.941549
17.942942
17.943035
17.943480
17.944387
17.944515
17.944839
17.944904
17.945686
17.945940
17.946262
17.946348
17.948086
17.948633
17.949289
17.949726
17.950275
17.952883
17.952990
17.953167
17.954052
17.955439
17.957123
17.957352
17.957640
17.957642
17.957996
17.959446
17.959595
17.960367
17.960794
17.961130
17.961271
17.962214
17.962517
17.962666
17.963398
17.964220
17.964878
17.965029
17.965433
17.967035
17.968023
17.968569
17.969242
17.969620
17.970102
17.970186
17.970274
17.970646
17.970808
17.970814
17.973652
17.974672
17.976683
17.977533
17.978737
17.979467
17.980062
17.980486
17.980988
17.981766
17.983454
17.983740
17.985476
17.988131
17.991549
17.992098
17.993710
17.995411
18.000832
18.001335
18.001751
18.002930
18.003801
18.004133
18.004530
18.004602
18.006920
18.007034
18.007936
18.008036
18.009190
18.010561
18.010643
18.010824
18.010998
18.011600
18.012867
18.014507
18.015404
18.015495
18.015657
18.017118
18.017477
18.018831
18.020643
18.021927
18.022842
18.022902
18.025188
18.025272
18.027672
18.027683
18.027821
18.028046
18.029785
18.030567
18.030827
18.031790
18.034203
18.037294
18.037329
18.039127
18.039326
18.039824
18.040783
18.041458
18.041573
18.043980
18.043982
18.044909
18.045691
18.045834
18.046488
18.048014
18.048815
18.049303
18.050411
18.051044
18.052185
18.052216
18.053366
18.053585
18.054031
18.054493
18.055426
18.055828
18.056091
18.056406
18.056425
18.056807
18.057640
18.057762
18.059210
18.060791
18.061092
18.061579
18.062805
18.062836
18.063044
18.063179
18.065020
18.065117
18.065495
18.065704
18.066389
18.066402
18.067825
18.068439
18.068562
18.068628
18.068748
18.069252
18.069256
18.071575
18.071663
18.071741
18.071846
18.077402
18.077517
18.077780
18.078142
18.078297
18.079828
18.080410
18.080702
18.081434
18.081734
18.082058
18.082155
18.082495
18.082706
18.082769
18.084257
18.084856
18.085938
18.086096
18.086142
18.086166
18.086788
18.088184
18.088381
18.088566
18.088966
18.089161
18.089809
18.094971
18.095818
18.096567
18.097868
18.098112
18.098288
18.098354
18.099272
18.099813
18.101007
18.101833
18.102022
18.102110
18.102751
18.104147
18.104340
18.105574
18.108009
18.108053
18.108547
18.109301
18.109383
18.110416
18.110449
18.112795
18.112938
18.113199
18.113413
18.114471
18.115248
18.116909
18.117477
18.117514
18.119665
18.119757
18.121490
18.122396
18.123112
18.123560
18.124308
18.126062
18.126238
18.127008
18.128716
18.129122
18.130632
18.131193
18.132030
18.132484
18.132889
18.133278
18.133522
18.133923
18.135357
18.135414
18.135466
18.135868
18.141705
18.142794
18.142963
18.143948
18.144802
18.144806
18.145811
18.146458
18.147312
18.147816
18.148016
18.148273
18.148361
18.149403
18.149584
18.150906
18.151484
18.152082
18.152361
18.153275
18.153292
18.153557
18.155149
18.155718
18.156351
18.156542
18.156879
18.158894
18.159880
18.160135
18.160820
18.161030
18.161444
18.162275
18.163403
18.163851
18.165197
18.165644
18.167049
18.168760
18.169125
18.169228
18.169920
18.170338
18.170444
18.171654
18.171871
18.172709
18.172718
18.173115
18.173254
18.174393
18.174545
18.174963
18.176350
18.176931
18.177307
18.179668
18.179850
18.180008
18.181009
18.181261
18.182219
18.182678
18.183132
18.183937
18.183966
18.184336
18.184416
18.184525
18.184574
18.185049
18.185318
18.185726
18.186270
18.187458
18.188025
18.189020
18.190453
18.191294
18.191536
18.193121
18.194401
18.195530
18.196196
18.196772
18.196917
18.197161
18.198347
18.201210
18.202839
18.207396
18.207462
18.207590
18.208143
18.210241
18.212067
18.213537
18.213699
18.214571
18.215055
18.215599
18.218023
18.219078
18.219439
18.219444
18.219475
18.221203
18.221870
18.223446
18.223835
18.223883
18.224289
18.225246
18.225332
18.225584
18.225746
18.226576
18.226583
18.227852
18.227892
18.228405
18.228537
18.228960
18.229200
18.230078
18.231897
18.232445
18.232510
18.234177
18.235458
18.236422
18.237213
18.238991
18.239937
18.239971
18.240038
18.242256
18.243433
18.243565
18.244247
18.244795
18.244951
18.245901
18.246019
18.247097
18.248049
18.248281
18.248650
18.250126
18.250673
18.251263
18.251925
18.253633
18.254875
18.255466
18.255981
18.256557
18.257278
18.258137
18.260218
18.260807
18.261320
18.262133
18.262173
18.264235
18.264557
18.266708
18.267269
18.268173
18.269009
18.269495
18.269878
18.269989
18.270069
18.270536
18.271694
18.272232
18.272827
18.272894
18.274481
18.278587
18.280537
18.280674
18.282057
18.282101
18.282305
18.282616
18.283266
18.283308
18.284355
18.284451
18.285151
18.285627
18.285994
18.286964
18.287516
18.288658
18.289331
18.289444
18.289722
18.290442
18.290850
18.293283
18.295778
18.295935
18.297937
18.298702
18.301044
18.302803
18.304661
18.304836
18.305601
18.307404
18.309626
18.310240
18.310375
18.310446
18.310520
18.311449
18.312290
18.312445
18.313629
18.315966
18.316284
18.316471
18.317530
18.318134
18.318256
18.319271
18.321712
18.321972
18.322578
18.324129
18.326170
18.326941
18.337456
18.337942
18.340219
18.341433
18.344378
18.344734
18.344889
18.345701
18.347662
18.348545
18.348785
18.349316
18.350225
18.350260
18.350662
18.351305
18.352085
18.352324
18.353018
18.353197
18.354603
18.355682
18.355734
18.356728
18.357561
18.358583
18.359745
18.359846
18.360682
18.361551
18.363333
18.365860
18.368090
18.368816
18.369387
18.369745
18.370649
18.372669
18.373009
18.373568
18.373758
18.374895
18.376453
18.376926
18.377041
18.377123
18.377132
18.377224
18.378548
18.379326
18.381044
18.381237
18.381449
18.382830
18.383484
18.384687
18.384830
18.387386
18.390444
18.391075
18.392155
18.393137
18.393147
18.396193
18.396538
18.396648
18.399439
18.400803
18.401550
18.401793
18.401922
18.401987
18.402264
18.404661
18.405493
18.405910
18.406939
18.408682
18.409286
18.410231
18.411835
18.413265
18.413593
18.413822
18.413984
18.416544
18.418406
18.418718
18.419449
18.420294
18.420654
18.420963
18.421633
18.421717
18.421986
18.422304
18.423429
18.424904
18.426170
18.427700
18.428062
18.428474
18.429689
18.431677
18.434444
18.434807
18.435509
18.437143
18.438135
18.440718
18.441761
18.442497
18.442511
18.443275
18.443687
18.444586
18.444975
18.445385
18.447618
18.447828
18.448738
18.449537
18.450714
18.453152
18.457184
18.458128
18.458471
18.458916
18.459255
18.459318
18.460308
18.463213
18.463951
18.463987
18.466915
18.468000
18.468616
18.471598
18.471632
18.472143
18.472145
18.473618
18.480356
18.480476
18.484329
18.485136
18.485882
18.486355
18.487862
18.490200
18.491846
18.492254
18.493662
18.494492
18.495079
18.496021
18.497694
18.498846
18.499094
18.500324
18.501223
18.504023
18.504839
18.506195
18.508839
18.509048
18.509384
18.510181
18.510471
18.512011
18.513065
18.514868
18.516897
18.517721
18.519094
18.519945
18.520761
18.521091
18.528307
18.528708
18.529249
18.529715
18.530663
18.531162
18.531462
18.532574
18.535189
18.535536
18.536230
18.536695
18.539320
18.540390
18.542656
18.543352
18.544806
18.544859
18.549923
18.550440
18.551931
18.556871
18.557495
18.567553
18.567677
18.568369
18.574329
18.576553
18.576996
18.577604
18.579006
18.583429
18.584049
18.584778
18.585550
18.586559
18.587475
18.589291
18.589304
18.591030
18.593676
18.594685
18.596594
18.597654
18.598581
18.608391
18.608866
18.609255
18.609913
18.611536
18.616333
18.620281
18.625175
18.628313
18.628513
18.630007
18.631401
18.631903
18.632166
18.633484
18.634197
18.635284
18.635292
18.635664
18.635777
18.637449
18.637810
18.639812
18.643894
18.643967
18.646063
18.647537
18.650095
18.652533
18.656040
18.660778
18.662264
18.668306
18.669657
18.669888
18.670305
18.670546
18.671816
18.674574
18.678816
18.681330
18.686998
18.688337
18.691496
18.691614
18.691677
18.692110
18.697470
18.698486
18.699190
18.700459
18.704014
18.704660
18.706173
18.709108
18.710165
18.718616
18.719082
18.719107
18.719238
18.719339
18.720474
18.720901
18.721483
18.722233
18.722258
18.722288
18.722933
18.723705
18.724701
18.725248
18.727125
18.728067
18.728271
18.728552
18.728783
18.729000
18.729181
18.730719
18.731688
18.732470
18.732992
18.733164
18.733530
18.734110
18.734795
18.735094
18.735575
18.735655
18.736032
18.736053
18.736418
18.737284
18.737764
18.738050
18.738062
18.738071
18.738079
18.738096
18.738117
18.738132
18.738171
18.738178
18.738178
18.738186
18.738186
18.738190
18.738192
18.738192
18.738192
