1.000000
3.091336
48.605179
108.843475
268.310028
271.869537
321.620758
327.512054
331.519836
422.306335
429.738770
729.600159
749.727478
1063.291504
1293.480103
1583.171753
1718.499634
1822.702148
2027.483276
2070.595215
2071.317139
2163.708984
2164.022461
2184.409180
2184.730957
2450.705322
2451.214111
2532.703857
2544.227051
2681.581055
2792.224854
2941.347656
2980.818848
2991.280029
3005.272461
3016.723633
3017.662598
3017.701904
3048.407959
3207.327637
3338.778320
3351.847412
3363.077148
3449.972168
3455.702393
3497.855713
3505.450684
3525.325195
3539.413574
3547.517090
3574.123779
3575.629639
3587.865723
3620.652832
3633.590820
3761.059814
3818.873291
3823.367188
3838.137939
3856.255859
3923.132324
3952.332031
4084.932373
4106.251953
4131.588379
4132.739258
4180.030273
4231.533691
4241.401367
4243.874023
4245.348633
4251.293457
4271.191895
4283.564453
4283.610840
4288.986816
4354.177246
4372.427246
4381.162598
4393.787598
4418.158691
4439.016113
4451.697266
4520.233398
4521.998535
4534.585938
4614.500000
4614.887695
4622.993164
4674.558594
4781.124512
4790.195312
4803.701172
4843.913574
4847.761230
4995.613281
4999.574219
5084.890137
5085.598145
5133.178223
5177.219238
5198.822266
5216.259766
5306.036133
5307.069824
5337.658691
5431.147949
5437.075684
5443.172852
5446.795410
5530.923340
5574.113770
5580.209961
5582.251465
5584.604980
5609.343750
5634.521484
5657.138184
5657.736816
5662.317383
5681.177734
5681.373535
5681.570801
5695.808105
5755.263672
5755.501953
5784.019043
5784.170410
5797.149414
5798.101562
5835.805176
5838.681152
5853.225098
5866.484863
5866.629395
5967.028320
5967.639648
5968.729004
6001.121582
6030.169922
6036.873535
6050.392578
6125.754883
6135.889648
6136.714844
6240.106934
6253.454102
6401.216309
6504.830078
6589.729004
6597.674316
6697.395020
6700.760254
6739.082031
6822.183594
6851.216797
6871.425781
6900.479004
6936.393555
6955.581055
6991.977051
7067.409180
7084.511230
7158.539551
7247.725586
7252.101074
7312.927246
7435.864258
7574.400879
7751.093262
7763.025879
7768.300293
7801.777832
7836.218750
7848.668945
7899.427246
7949.459473
7951.599121
7957.477051
7987.670410
8008.168457
8061.478027
8084.027344
8085.971680
8092.209473
8106.522949
8124.909180
8136.994141
8147.747070
8155.660156
8158.716797
8170.889648
8171.814941
8171.948730
8174.180176
8176.196289
8180.258301
8183.592773
8188.187988
8188.393066
8189.428711
8192.179688
8197.057617
8200.662109
8202.472656
8217.096680
8219.825195
8222.133789
8224.098633
8228.729492
8236.579102
8247.624023
8252.795898
8256.013672
8256.052734
8260.108398
8264.745117
8265.108398
8271.296875
8278.557617
8287.797852
8301.489258
8313.227539
8316.582031
8317.417969
8332.539062
8332.994141
8334.499023
8342.722656
8343.650391
8347.590820
8354.333984
8359.230469
8369.938477
8372.604492
8373.870117
8386.796875
8388.971680
8392.880859
8396.913086
8396.997070
8397.189453
8407.469727
8422.036133
8434.997070
8435.774414
8440.668945
8449.489258
8451.429688
8453.832031
8469.859375
8471.801758
8486.127930
8495.836914
8496.244141
8499.652344
8500.472656
8512.942383
8517.041016
8527.333984
8527.370117
8528.909180
8531.603516
8533.640625
8548.006836
8550.716797
8551.562500
8557.673828
8559.865234
8584.637695
8593.749023
8595.598633
8595.680664
8595.691406
8599.757812
8607.366211
8607.546875
8611.015625
8612.362305
8613.979492
8615.174805
8615.991211
8617.853516
8617.898438
8622.210938
8625.667969
8627.255859
8648.448242
8649.525391
8649.652344
8649.736328
8650.452148
8658.918945
8661.396484
8663.762695
8674.858398
8676.411133
8678.456055
8689.868164
8690.706055
8696.845703
8703.282227
8703.303711
8707.759766
8709.491211
8709.499023
8709.967773
8714.342773
8717.106445
8717.582031
8721.976562
8723.541992
8724.828125
8725.330078
8725.374023
8729.598633
8733.934570
8742.149414
8743.099609
8746.596680
8747.016602
8755.431641
8757.509766
8757.737305
8757.906250
8757.906250
8763.932617
8768.607422
8774.709961
8774.955078
8776.261719
8777.263672
8777.299805
8784.162109
8784.279297
8784.334961
8786.114258
8787.771484
8788.170898
8788.759766
8798.433594
8798.647461
8812.502930
8816.203125
8816.356445
8816.415039
8817.226562
8817.286133
8819.721680
8819.797852
8824.225586
8828.108398
8828.183594
8828.616211
8830.119141
8841.432617
8841.506836
8843.208984
8847.918945
8851.065430
8854.644531
8856.754883
8857.196289
8861.071289
8864.241211
8876.067383
8882.019531
8890.800781
8893.607422
8894.862305
8896.556641
8913.202148
8914.808594
8919.372070
8919.659180
8921.033203
8926.898438
8929.225586
8933.136719
8936.733398
8937.698242
8941.669922
8941.727539
8945.505859
8946.417969
8953.542969
8953.700195
8960.291992
8963.877930
8970.184570
8973.030273
8982.716797
8984.601562
8990.460938
8990.553711
9005.354492
9008.911133
9012.583008
9013.423828
9036.428711
9040.690430
9083.808594
9086.788086
9096.248047
9104.476562
9106.396484
9110.061523
9110.697266
9110.763672
9115.200195
9115.262695
9117.530273
9126.014648
9126.566406
9129.983398
9130.127930
9131.239258
9133.528320
9133.673828
9138.341797
9147.977539
9149.484375
9149.727539
9150.861328
9154.670898
9156.948242
9158.006836
9194.874023
9212.861328
9217.869141
9231.206055
9253.264648
9261.049805
9261.852539
9268.506836
9284.141602
9285.813477
9306.742188
9307.682617
9308.035156
9322.111328
9322.287109
9326.715820
9334.567383
9343.995117
9353.021484
9357.858398
9358.468750
9365.277344
9366.703125
9383.200195
9383.528320
9385.229492
9389.556641
9391.492188
9393.454102
9416.204102
9424.989258
9427.675781
9445.708008
9452.573242
9462.528320
9467.280273
9473.331055
9475.914062
9480.339844
9480.801758
9484.178711
9485.236328
9491.517578
9492.119141
9500.446289
9501.015625
9503.655273
9503.946289
9505.893555
9524.692383
9533.874023
9535.908203
9539.273438
9540.128906
9543.353516
9550.848633
9555.493164
9555.523438
9563.307617
9572.960938
9584.463867
9589.831055
9594.661133
9602.528320
9608.065430
9610.823242
9614.791016
9626.424805
9627.264648
9627.775391
9643.275391
9653.218750
9653.259766
9653.979492
9657.873047
9668.869141
9676.151367
9676.948242
9680.787109
9685.095703
9693.926758
9698.688477
9700.113281
9703.008789
9703.880859
9704.011719
9721.515625
9722.090820
9723.101562
9725.807617
9727.117188
9736.291016
9738.288086
9742.211914
9747.682617
9755.875000
9769.152344
9781.617188
9783.990234
9788.231445
9790.811523
9793.674805
9796.487305
9802.812500
9805.265625
9806.242188
9811.719727
9811.915039
9813.101562
9827.859375
9836.580078
9848.313477
9849.671875
9856.889648
9857.738281
9860.003906
9861.541016
9863.896484
9866.468750
9866.494141
9868.009766
9868.166016
9871.840820
9875.884766
9877.433594
9882.153320
9884.743164
9884.918945
9894.511719
9894.608398
9918.358398
9934.930664
9956.997070
9969.608398
9975.542969
9976.061523
9989.593750
9998.066406
10010.013672
10011.375000
10018.285156
10019.618164
10022.833984
10043.034180
10043.076172
10043.173828
10049.265625
10059.125000
10068.561523
10082.691406
10086.051758
10087.595703
10112.371094
10122.448242
10123.284180
10125.740234
10137.968750
10138.459961
10139.159180
10140.751953
10157.119141
10162.698242
10164.715820
10165.339844
10165.438477
10165.909180
10184.779297
10188.680664
10204.468750
10215.834961
10219.838867
10228.456055
10229.308594
10229.845703
10231.301758
10236.110352
10237.660156
10242.625977
10243.039062
10245.946289
10249.465820
10256.648438
10262.193359
10266.076172
10267.994141
10283.738281
10318.693359
10318.796875
10328.257812
10329.209961
10363.713867
10364.650391
10369.282227
10383.829102
10392.384766
10393.331055
10401.873047
10404.480469
10408.370117
10416.006836
10417.000977
10421.791016
10425.135742
10426.268555
10427.199219
10428.899414
10443.931641
10464.110352
10478.369141
10515.885742
10517.022461
10541.034180
10551.088867
10551.255859
10577.107422
10577.607422
10636.782227
10647.226562
10648.827148
10650.909180
10669.742188
10678.995117
10679.240234
10682.256836
10690.425781
10690.600586
10702.395508
10714.310547
10716.528320
10716.542969
10719.968750
10721.182617
10739.276367
10753.996094
10756.661133
10761.263672
10778.847656
10796.879883
10811.981445
10812.386719
10813.340820
10816.931641
10817.399414
10817.412109
10828.010742
10846.289062
10886.280273
10977.966797
10979.373047
10983.791016
10992.503906
11059.061523
11112.262695
11128.347656
11143.922852
11172.020508
11207.775391
11235.506836
11277.474609
11296.482422
11316.888672
11337.480469
11366.480469
11406.122070
11407.892578
11408.990234
11474.593750
11484.962891
11485.586914
11498.244141
11498.666992
11505.902344
11514.914062
11534.572266
11570.105469
11642.389648
11738.513672
11748.020508
11748.372070
11764.694336
11778.921875
11833.360352
11839.240234
11970.212891
12033.826172
12071.048828
12090.946289
12103.134766
12106.982422
12182.254883
12243.473633
12273.517578
12322.096680
12334.419922
12407.104492
12425.413086
12472.988281
12518.400391
12520.483398
12520.945312
12521.104492
12521.568359
12522.710938
12546.657227
12552.479492
12558.781250
12560.649414
12562.189453
12562.726562
12562.931641
12574.755859
12578.244141
12579.515625
12589.414062
12589.414062
12589.414062
12589.414062
12589.415039
12589.415039
12589.415039
12589.415039
12589.415039
12589.415039
12589.415039
12589.416016
12589.416016
12589.416016
12589.416016
12589.416016
12589.416016
12589.416016
12589.416016
12589.416016
12589.416016
12589.416016
12589.416016
12589.416016
12589.416992
12589.416992
12589.416992
12589.416992
12589.416992
12589.416992
12589.416992
12589.416992
12589.416992
12589.416992
12589.416992
12589.416992
12589.416992
12589.416992
12589.416992
12589.416992
12589.416992
12589.417969
12589.417969
12589.417969
12589.417969
12589.417969
12589.417969
12589.417969
12589.417969
12589.417969
12589.417969
12589.417969
12589.417969
12589.417969
12589.417969
12589.417969
12589.417969
12589.417969
12589.417969
12589.417969
12589.418945
12589.418945
12589.418945
12589.418945
12589.418945
12589.418945
12589.418945
12589.418945
12589.418945
12589.418945
12589.418945
12589.418945
12589.418945
12589.418945
12589.418945
12589.418945
12589.418945
12589.418945
12589.418945
12589.418945
12589.418945
12589.418945
12589.419922
12589.419922
12589.419922
12589.419922
12589.419922
12589.419922
12589.419922
12589.419922
12589.419922
12589.419922
12589.419922
12589.419922
12589.419922
12589.419922
12589.419922
12589.419922
12589.419922
12589.419922
12589.419922
12589.419922
12589.419922
12589.419922
12589.419922
12589.420898
12589.420898
12589.420898
12589.420898
12589.420898
12589.420898
12589.420898
12589.420898
12589.420898
12589.420898
12589.420898
12589.420898
12589.420898
12589.420898
12589.420898
12589.420898
12589.420898
12589.420898
12589.420898
12589.420898
12589.420898
12589.420898
12589.420898
12589.420898
12589.420898
12589.420898
12589.420898
12589.420898
12589.420898
12589.420898
12589.420898
12589.420898
12589.421875
12589.421875
12589.421875
12589.421875
12589.421875
12589.421875
12589.421875
12589.421875
12589.421875
12589.421875
12589.421875
12589.421875
12589.421875
12589.421875
12589.421875
12589.421875
12589.421875
12589.421875
12589.421875
12589.421875
12589.421875
12589.421875
12589.421875
12589.421875
12589.421875
12589.421875
12589.421875
12589.422852
12589.422852
12589.422852
12589.422852
12589.422852
12589.422852
12589.422852
12589.422852
12589.422852
12589.422852
12589.422852
12589.422852
12589.422852
12589.422852
12589.422852
12589.422852
12589.422852
12589.422852
12589.422852
12589.422852
12589.422852
12589.422852
12589.422852
12589.422852
12589.422852
12589.422852
12589.422852
12589.422852
12589.422852
12589.422852
12589.422852
12589.422852
12589.422852
12589.423828
12589.423828
12589.423828
12589.423828
12589.423828
12589.423828
12589.423828
12589.423828
12589.423828
12589.423828
12589.423828
12589.423828
12589.423828
12589.423828
12589.423828
12589.423828
12589.423828
12589.423828
12589.423828
12589.423828
12589.423828
12589.423828
12589.423828
12589.423828
12589.423828
12589.423828
12589.423828
12589.423828
12589.423828
12589.423828
12589.423828
12589.423828
12589.423828
12589.423828
12589.423828
12589.423828
12589.423828
12589.423828
12589.423828
12589.423828
12589.423828
12589.423828
12589.423828
12589.423828
12589.423828
12589.423828
12589.423828
12589.423828
12589.423828
12589.424805
12589.424805
12589.424805
12589.424805
12589.424805
12589.424805
12589.424805
12589.424805
12589.424805
12589.424805
12589.424805
12589.424805
12589.424805
12589.424805
12589.424805
12589.424805
12589.424805
12589.424805
12589.424805
12589.424805
12589.424805
12589.424805
12589.424805
12589.424805
12589.424805
12589.424805
12589.424805
12589.424805
12589.424805
12589.424805
12589.424805
12589.424805
12589.424805
12589.425781
12589.425781
12589.425781
12589.425781
12589.425781
12589.425781
12589.425781
12589.425781
12589.425781
12589.425781
12589.425781
12589.425781
12589.425781
12589.425781
12589.425781
12589.425781
12589.425781
12589.425781
12589.425781
12589.425781
12589.425781
12589.425781
12589.425781
12589.425781
12589.425781
12589.425781
12589.425781
12589.425781
12589.425781
12589.425781
12589.425781
12589.425781
12589.425781
12589.425781
12589.425781
12589.425781
12589.425781
12589.425781
12589.425781
12589.425781
12589.425781
12589.425781
12589.425781
12589.425781
12589.425781
12589.426758
12589.426758
12589.426758
12589.426758
12589.426758
12589.426758
12589.426758
12589.426758
12589.426758
12589.426758
12589.426758
12589.426758
12589.426758
12589.426758
12589.426758
12589.426758
12589.426758
12589.426758
12589.426758
12589.426758
12589.426758
12589.426758
12589.426758
12589.426758
12589.426758
12589.426758
12589.426758
12589.426758
12589.426758
12589.426758
12589.426758
12589.426758
12589.426758
12589.426758
12589.426758
12589.426758
12589.426758
12589.426758
12589.426758
12589.426758
12589.426758
12589.426758
12589.426758
12589.426758
12589.426758
12589.426758
12589.426758
12589.426758
12589.426758
12589.426758
12589.426758
12589.427734
12589.427734
12589.427734
12589.427734
12589.427734
12589.427734
12589.427734
12589.427734
12589.427734
12589.427734
12589.427734
12589.427734
12589.427734
12589.427734
12589.427734
12589.427734
12589.427734
12589.427734
12589.427734
12589.427734
12589.427734
12589.427734
12589.427734
12589.427734
12589.427734
12589.427734
12589.427734
12589.427734
12589.427734
12589.427734
12589.427734
12589.427734
12589.427734
12589.427734
12589.427734
12589.427734
12589.427734
12589.427734
12589.427734
12589.427734
12589.427734
12589.427734
12589.427734
12589.427734
12589.428711
12589.428711
12589.428711
12589.428711
12589.428711
12589.428711
12589.428711
12589.428711
12589.428711
12589.428711
12589.428711
12589.428711
12589.428711
12589.428711
12589.428711
12589.428711
12589.428711
12589.428711
12589.428711
12589.428711
12589.428711
12589.428711
12589.428711
12589.428711
12589.428711
12589.428711
12589.428711
12589.428711
12589.428711
12589.428711
12589.428711
12589.428711
12589.428711
12589.428711
12589.428711
12589.428711
12589.428711
12589.428711
12589.428711
12589.428711
12589.428711
12589.428711
12589.428711
12589.428711
12589.429688
12589.429688
12589.429688
12589.429688
12589.429688
12589.429688
12589.429688
12589.429688
12589.429688
12589.429688
12589.429688
12589.429688
12589.429688
12589.429688
12589.429688
12589.429688
12589.429688
12589.429688
12589.429688
12589.429688
12589.429688
12589.429688
12589.429688
12589.429688
12589.429688
12589.429688
12589.429688
12589.429688
12589.429688
12589.429688
12589.429688
12589.429688
12589.429688
12589.429688
12589.429688
12589.429688
12589.429688
12589.429688
12589.430664
12589.430664
12589.430664
12589.430664
12589.430664
12589.430664
12589.430664
12589.430664
12589.430664
12589.430664
12589.430664
12589.430664
12589.430664
12589.430664
12589.430664
12589.430664
12589.430664
12589.430664
12589.430664
12589.430664
12589.430664
12589.430664
12589.430664
12589.430664
12589.430664
12589.430664
12589.430664
12589.430664
12589.430664
12589.430664
12589.430664
12589.430664
12589.430664
12589.430664
12589.430664
12589.430664
12589.430664
12589.430664
12589.430664
12589.430664
12589.431641
12589.431641
12589.431641
12589.431641
12589.431641
12589.431641
12589.431641
12589.431641
12589.431641
12589.431641
12589.431641
12589.431641
12589.431641
12589.431641
12589.431641
12589.431641
12589.431641
12589.431641
12589.431641
12589.431641
12589.431641
12589.431641
12589.431641
12589.431641
12589.431641
12589.431641
12589.432617
12589.432617
12589.432617
12589.432617
12589.432617
12589.432617
12589.432617
12589.432617
12589.432617
12589.432617
12589.432617
12589.432617
12589.432617
12589.432617
12589.432617
12589.432617
12589.432617
12589.432617
12589.432617
12589.432617
12589.432617
12589.432617
12589.432617
12589.433594
12589.433594
12589.433594
12589.433594
12589.433594
12589.433594
12589.433594
12589.433594
12589.433594
12589.433594
12589.433594
12589.433594
12589.433594
12589.433594
12589.433594
12589.433594
12589.433594
12589.433594
12589.433594
12589.433594
12589.433594
12589.433594
12589.433594
12589.433594
12589.433594
12589.433594
12589.434570
12589.434570
12589.434570
12589.434570
12589.434570
12589.434570
12589.434570
12589.434570
12589.434570
12589.434570
12589.434570
12589.434570
12589.434570
12589.434570
12589.434570
12589.434570
12589.435547
12589.435547
12589.435547
12589.435547
12589.435547
12589.435547
12589.435547
12589.435547
12589.435547
12589.435547
12589.435547
12589.435547
12589.435547
12589.435547
12589.435547
12589.435547
12589.435547
12589.436523
12589.436523
12589.436523
12589.436523
12589.436523
12589.436523
12589.436523
12589.436523
12589.436523
12589.436523
12589.436523
12589.436523
12589.436523
12589.436523
12589.437500
12589.437500
12589.437500
12589.437500
12589.437500
12589.437500
12589.437500
12589.437500
12589.437500
12589.437500
12589.438477
12589.438477
12589.438477
12589.438477
12589.438477
12589.438477
12589.438477
12589.438477
12589.438477
12589.438477
12589.439453
12589.439453
12589.439453
12589.439453
12589.439453
12589.440430
12589.440430
12589.441406
