1.000000
1.244345
1.393251
1.549522
1.810395
1.840599
1.938779
1.945786
2.061096
2.207435
2.457064
2.523705
2.579172
2.606234
2.858910
3.037790
3.057068
3.070911
3.083976
3.096410
3.449302
3.529727
3.686781
3.711429
4.092338
4.117552
4.117909
4.152013
4.204753
4.430711
4.701538
4.723872
4.740386
4.745061
4.832111
4.834655
4.895164
5.010852
5.188783
5.660285
5.671373
5.690178
5.746480
5.801239
5.847880
5.939149
5.942506
5.963654
5.968757
5.996673
6.047861
6.151047
6.166634
6.173866
6.196259
6.220930
6.299367
6.329217
6.404113
6.427644
6.458667
6.469741
6.475572
6.504021
6.592900
6.597489
6.598593
6.622847
6.625440
6.652611
6.708049
6.735497
6.805009
6.827271
6.845973
6.856040
6.903343
6.905678
6.919454
6.929210
6.957477
6.993330
6.993613
7.003796
7.018799
7.029259
7.037667
7.040745
7.053677
7.084034
7.085353
7.151381
7.159698
7.160138
7.165134
7.173944
7.174340
7.174565
7.179592
7.198039
7.204072
7.210280
7.219947
7.221596
7.223971
7.224575
7.227204
7.229527
7.258634
7.263507
7.271964
7.278594
7.281544
7.297558
7.298268
7.299344
7.302620
7.315481
7.318443
7.325999
7.349195
7.349417
7.350057
7.352777
7.354382
7.361566
7.366205
7.379826
7.385208
7.394131
7.413514
7.422285
7.440522
7.440571
7.445411
7.457855
7.461074
7.467132
7.470169
7.509425
7.511818
7.512332
7.520109
7.531717
7.538199
7.553303
7.569394
7.575925
7.578871
7.586680
7.592622
7.599138
7.613328
7.619457
7.647491
7.651285
7.652795
7.654739
7.655098
7.665606
7.679200
7.685782
7.697392
7.702096
7.707144
7.714336
7.717512
7.720979
7.726899
7.733192
7.738031
7.751034
7.755369
7.763666
7.766621
7.773265
7.778051
7.781877
7.788563
7.790683
7.792575
7.799180
7.800756
7.809646
7.815925
7.817944
7.819708
7.822031
7.822065
7.832917
7.841493
7.847140
7.850678
7.863938
7.868769
7.870424
7.872562
7.875690
7.880586
7.885412
7.887812
7.888788
7.898260
7.899500
7.907745
7.915440
7.920887
7.921621
7.921852
7.927937
7.944983
7.947281
7.947680
7.953947
7.955942
7.956124
7.956641
7.956996
7.962680
7.963405
7.963604
7.966003
7.971588
7.972144
7.986149
7.987295
7.989847
7.994074
7.998105
7.998141
8.000448
8.000550
8.002360
8.006423
8.009205
8.009738
8.012328
8.016755
8.018196
8.018855
8.018900
8.024265
8.026683
8.026972
8.030509
8.031725
8.035125
8.039780
8.048023
8.048570
8.050012
8.050591
8.055110
8.065283
8.066406
8.070415
8.071724
8.078412
8.081754
8.081813
8.085074
8.089428
8.092584
8.094707
8.104744
8.107282
8.109076
8.111974
8.116652
8.116837
8.120296
8.122169
8.130025
8.135028
8.139027
8.139500
8.145802
8.150084
8.152556
8.153714
8.155488
8.157224
8.168009
8.173618
8.174299
8.181714
8.182653
8.183230
8.183314
8.184062
8.184942
8.186438
8.187410
8.188171
8.191176
8.194367
8.195838
8.196344
8.199018
8.199593
8.204532
8.206879
8.210061
8.212005
8.212795
8.213498
8.216651
8.216870
8.219947
8.221228
8.226368
8.232427
8.240287
8.241514
8.242244
8.243496
8.249386
8.256346
8.258978
8.263278
8.264836
8.270937
8.275014
8.275281
8.279404
8.282467
8.286541
8.286726
8.287526
8.292531
8.295648
8.297136
8.298300
8.304237
8.307992
8.312345
8.314820
8.317504
8.318875
8.320483
8.323274
8.324617
8.326202
8.328890
8.329605
8.335055
8.344849
8.346109
8.347277
8.347995
8.348267
8.355288
8.356279
8.364934
8.365129
8.365575
8.366070
8.370627
8.372258
8.372979
8.374878
8.375213
8.376900
8.377404
8.383160
8.384052
8.387632
8.389753
8.390212
8.390745
8.400991
8.402727
8.410846
8.414782
8.420773
8.422150
8.422312
8.427378
8.428464
8.431342
8.434833
8.440816
8.440942
8.442289
8.452098
8.460583
8.463142
8.464117
8.466678
8.474521
8.483555
8.484040
8.484123
8.489103
8.492220
8.493888
8.494843
8.497065
8.498666
8.501610
8.504521
8.506744
8.509391
8.509869
8.514481
8.521344
8.521502
8.523970
8.533616
8.536890
8.539116
8.540602
8.541893
8.557814
8.560318
8.563265
8.565537
8.568460
8.569855
8.573049
8.574706
8.575186
8.575738
8.576134
8.576857
8.577696
8.577783
8.578192
8.581430
8.581538
8.583296
8.587286
8.590857
8.591304
8.592744
8.594196
8.595627
8.595734
8.595780
8.601707
8.603468
8.608963
8.613671
8.616570
8.619402
8.622514
8.626777
8.632981
8.633224
8.639614
8.642588
8.643418
8.643524
8.644974
8.647508
8.647636
8.648233
8.649946
8.650201
8.651450
8.653288
8.656728
8.659828
8.661641
8.663832
8.667065
8.667170
8.671691
8.672319
8.674741
8.675244
8.677048
8.679672
8.680976
8.681130
8.683883
8.691212
8.693084
8.694823
8.697248
8.701980
8.702119
8.702125
8.703576
8.705795
8.706005
8.706851
8.708563
8.708582
8.709745
8.714748
8.718137
8.718939
8.720122
8.720963
8.723762
8.724461
8.724802
8.725421
8.725803
8.728760
8.729428
8.730258
8.730561
8.732312
8.738478
8.739873
8.743452
8.743534
8.749469
8.750146
8.752570
8.755716
8.756650
8.756962
8.760628
8.763652
8.763917
8.766112
8.772968
8.778205
8.781377
8.782587
8.784093
8.785015
8.786955
8.787159
8.793706
8.794740
8.795850
8.796342
8.799799
8.801240
8.801435
8.806520
8.807252
8.808649
8.809091
8.810122
8.815877
8.817698
8.819746
8.819818
8.821721
8.827951
8.828269
8.830098
8.835047
8.838152
8.838207
8.840494
8.843517
8.843751
8.844126
8.845057
8.847651
8.851554
8.852556
8.853598
8.856709
8.856765
8.858914
8.862645
8.863092
8.864337
8.866118
8.869309
8.869988
8.870131
8.870165
8.872740
8.878040
8.878713
8.879626
8.882939
8.883023
8.883200
8.883252
8.884997
8.885371
8.885825
8.886035
8.887264
8.888441
8.890266
8.892562
8.894896
8.895847
8.895939
8.896061
8.899522
8.902220
8.908198
8.908338
8.908504
8.910475
8.911720
8.911877
8.915776
8.915813
8.916072
8.918161
8.918413
8.918461
8.918744
8.921203
8.922420
8.923109
8.924524
8.924649
8.927424
8.928591
8.929825
8.930455
8.931748
8.933304
8.935206
8.937671
8.940051
8.941320
8.943605
8.945551
8.946929
8.949819
8.949916
8.951107
8.953556
8.960594
8.963522
8.964236
8.967925
8.970322
8.972754
8.974656
8.976139
8.976852
8.977180
8.977902
8.979763
8.983695
8.983816
8.985556
8.986197
8.989444
8.992665
8.993114
8.993306
8.993773
8.994316
8.995234
8.997444
9.000248
9.002887
9.003846
9.004765
9.004852
9.005938
9.006492
9.008139
9.011271
9.011592
9.011805
9.012176
9.014244
9.015506
9.017222
9.018555
9.022509
9.023071
9.023387
9.023552
9.027434
9.027591
9.028210
9.029661
9.030044
9.033902
9.034255
9.034255
9.034507
9.035790
9.036888
9.037056
9.042600
9.042754
9.044713
9.046527
9.048439
9.050608
9.050609
9.054282
9.054316
9.054318
9.054822
9.054872
9.056293
9.057384
9.058221
9.059101
9.062391
9.062446
9.064515
9.064651
9.065921
9.068180
9.071033
9.073853
9.074330
9.076532
9.076788
9.077307
9.077427
9.078001
9.078033
9.078911
9.080157
9.082092
9.087981
9.092286
9.093208
9.093545
9.094429
9.095513
9.096566
9.097511
9.098317
9.099068
9.100115
9.100231
9.102283
9.102694
9.103519
9.103625
9.104002
9.105567
9.106571
9.108412
9.108878
9.111518
9.112069
9.112873
9.114266
9.116408
9.120806
9.121874
9.124228
9.124694
9.124988
9.127694
9.127723
9.128839
9.130851
9.131021
9.132651
9.132895
9.134759
9.135018
9.135675
9.138547
9.141191
9.141219
9.141286
9.142259
9.146470
9.147070
9.148106
9.149724
9.150099
9.150772
9.150775
9.152839
9.153658
9.156449
9.157090
9.157277
9.158194
9.158324
9.159947
9.160073
9.162271
9.166832
9.169065
9.169459
9.171498
9.172108
9.174515
9.176121
9.179510
9.180002
9.185086
9.187163
9.188082
9.189485
9.190879
9.192540
9.195160
9.198406
9.198769
9.200336
9.200848
9.201303
9.204295
9.205760
9.211087
9.211886
9.212566
9.213907
9.216763
9.217601
9.220012
9.220456
9.221121
9.221210
9.221411
9.221664
9.221985
9.222358
9.222676
9.225581
9.225894
9.226107
9.226850
9.227752
9.228645
9.229212
9.229882
9.229926
9.231997
9.233968
9.236872
9.237252
9.240875
9.241138
9.241549
9.241954
9.242270
9.244323
9.245200
9.249063
9.251808
9.253098
9.253469
9.254484
9.254749
9.254901
9.257398
9.258714
9.259608
9.260475
9.261595
9.266181
9.267474
9.269990
9.272000
9.273716
9.274188
9.274420
9.275227
9.276467
9.277340
9.278422
9.278468
9.278819
9.279057
9.279708
9.282097
9.282702
9.283513
9.283774
9.284050
9.285907
9.287943
9.288699
9.289460
9.289690
9.289829
9.291234
9.291388
9.291512
9.292790
9.293397
9.293941
9.295517
9.296212
9.296448
9.296635
9.299365
9.299888
9.300206
9.301135
9.301915
9.303442
9.304368
9.304583
9.305552
9.305855
9.306627
9.307415
9.309373
9.312527
9.312552
9.313883
9.314722
9.317616
9.318553
9.318985
9.320436
9.325891
9.325928
9.326550
9.326626
9.326955
9.327596
9.329515
9.331756
9.331896
9.332086
9.333217
9.333964
9.334094
9.335341
9.336403
9.336777
9.336813
9.336832
9.337275
9.338049
9.339064
9.339577
9.340313
9.344919
9.346807
9.347076
9.347376
9.348888
9.349704
9.350931
9.351488
9.352109
9.353102
9.353911
9.355086
9.358591
9.358856
9.359545
9.359645
9.360070
9.361090
9.361458
9.362302
9.363811
9.364587
9.364710
9.366606
9.367196
9.367668
9.367707
9.369069
9.369858
9.370185
9.370233
9.370518
9.373160
9.373231
9.375060
9.375858
9.377270
9.377551
9.379541
9.380896
9.381092
9.381829
9.383051
9.384206
9.384318
9.384415
9.385612
9.386037
9.386345
9.386491
9.392024
9.392484
9.392754
9.395523
9.396729
9.397301
9.398502
9.399480
9.400461
9.401878
9.401982
9.402492
9.403928
9.404071
9.404187
9.405520
9.406156
9.406805
9.407578
9.409574
9.409623
9.410399
9.411133
9.411302
9.411335
9.411491
9.411875
9.412746
9.413613
9.413980
9.415911
9.416917
9.417319
9.421014
9.422057
9.422800
9.424358
9.424471
9.425370
9.426190
9.427979
9.428205
9.428847
9.429279
9.429938
9.432384
9.432823
9.434378
9.434627
9.435260
9.436302
9.437158
9.438267
9.438355
9.439768
9.440719
9.440723
9.441332
9.443669
9.443909
9.444699
9.446712
9.446749
9.447307
9.447796
9.449127
9.449589
9.451855
9.452310
9.452456
9.452729
9.454367
9.454926
9.455413
9.455597
9.456111
9.456738
9.457843
9.458317
9.458601
9.458768
9.461234
9.463298
9.463387
9.463690
9.465608
9.466195
9.466588
9.466676
9.466787
9.468084
9.469101
9.469316
9.469513
9.470181
9.470861
9.471251
9.471519
9.473409
9.473458
9.474462
9.474507
9.476810
9.477690
9.478628
9.479297
9.479695
9.480203
9.480303
9.480446
9.480511
9.481106
9.482076
9.482482
9.483114
9.483414
9.484690
9.490672
9.490767
9.491236
9.491912
9.493026
9.494413
9.494657
9.494967
9.495203
9.495373
9.496449
9.496572
9.496593
9.496768
9.497351
9.497464
9.498170
9.498764
9.498825
9.499075
9.500006
9.500083
9.500637
9.501274
9.501578
9.501975
9.503963
9.504594
9.505569
9.505596
9.509274
9.509387
9.510871
9.511030
9.511492
9.513958
9.514821
9.516294
9.517144
9.517488
9.518432
9.521659
9.521913
9.522343
9.522748
9.524274
9.525769
9.527198
9.527587
9.528196
9.529020
9.529440
9.529714
9.530313
9.532903
9.534768
9.534832
9.535281
9.535300
9.538818
9.540461
9.540846
9.540932
9.541847
9.542336
9.542979
9.543026
9.543527
9.543716
9.543824
9.543919
9.544053
9.545896
9.546382
9.547016
9.547181
9.548224
9.548676
9.549583
9.549750
9.549865
9.550449
9.550488
9.550516
9.551179
9.552211
9.553003
9.553263
9.553452
9.554671
9.554975
9.555758
9.558713
9.561031
9.561447
9.562437
9.562736
9.564506
9.565440
9.565661
9.565686
9.566419
9.567894
9.568558
9.568814
9.569262
9.571691
9.572567
9.573532
9.573633
9.574594
9.574817
9.575454
9.575516
9.575794
9.577622
9.578417
9.578500
9.579452
9.579676
9.579681
9.579877
9.580251
9.583086
9.583350
9.583410
9.583939
9.584929
9.586329
9.587028
9.590171
9.590460
9.590603
9.592605
9.592664
9.593512
9.593822
9.593977
9.594189
9.594286
9.595409
9.596565
9.596610
9.596725
9.596826
9.597009
9.600659
9.601280
9.601366
9.603001
9.603788
9.604378
9.605669
9.605922
9.605940
9.606463
9.606507
9.607213
9.608231
9.609272
9.609550
9.609758
9.609760
9.610001
9.611241
9.611506
9.612460
9.614163
9.614852
9.615446
9.616640
9.617357
9.618822
9.619492
9.620458
9.620657
9.621038
9.622245
9.623498
9.624305
9.624657
9.625224
9.625561
9.628030
9.630681
9.632612
9.634349
9.635212
9.635475
9.635623
9.635646
9.636272
9.636460
9.638205
9.640831
9.640924
9.641711
9.642070
9.642138
9.644072
9.644356
9.644682
9.644736
9.645333
9.646329
9.646702
9.647089
9.647405
9.648303
9.648531
9.648838
9.650424
9.651324
9.651550
9.651618
9.651862
9.652406
9.652516
9.654022
9.655542
9.655581
9.656609
9.658234
9.658740
9.659136
9.659492
9.659703
9.660383
9.661531
9.661898
9.662027
9.662334
9.662840
9.664821
9.665103
9.665308
9.667729
9.668510
9.670138
9.671048
9.671470
9.673291
9.673409
9.674658
9.675663
9.676625
9.681065
9.681263
9.681522
9.681530
9.682715
9.683763
9.684788
9.685616
9.686327
9.687654
9.687751
9.689024
9.689240
9.690713
9.692618
9.693158
9.693502
9.694981
9.695304
9.695326
9.696239
9.696349
9.696870
9.697217
9.697786
9.698450
9.699085
9.699294
9.702239
9.703032
9.704787
9.706051
9.706177
9.706811
9.707544
9.707787
9.708885
9.708939
9.709315
9.710166
9.710902
9.710925
9.711258
9.711752
9.714216
9.714454
9.715073
9.715320
9.716785
9.717018
9.717035
9.717077
9.717950
9.718255
9.718799
9.719808
9.719950
9.720088
9.720389
9.721486
9.722057
9.725281
9.725420
9.725640
9.726384
9.728019
9.728228
9.728280
9.730713
9.731084
9.731332
9.731432
9.731709
9.732120
9.732177
9.733082
9.733135
9.734046
9.734329
9.734339
9.734819
9.734959
9.735310
9.735356
9.735581
9.736511
9.737244
9.739744
9.740088
9.740675
9.740767
9.741215
9.741287
9.741405
9.741807
9.742101
9.742171
9.742424
9.743080
9.743888
9.744201
9.744344
9.744440
9.744783
9.745248
9.746235
9.747691
9.748772
9.748960
9.749421
9.750210
9.750404
9.751533
9.754395
9.756586
9.756693
9.757948
9.758919
9.759476
9.760365
9.761019
9.761023
9.761105
9.761148
9.761888
9.762869
9.763511
9.765169
9.765356
9.766815
9.766928
9.767362
9.767858
9.768626
9.768764
9.769272
9.769276
9.769468
9.769876
9.769915
9.769931
9.770098
9.771455
9.771567
9.772869
9.773443
9.774002
9.774686
9.774775
9.775029
9.775135
9.775171
9.775199
9.775302
9.775531
9.775583
9.776485
9.776563
9.776829
9.777257
9.778846
9.778908
9.781054
9.781540
9.783276
9.783662
9.784410
9.785447
9.785944
9.786124
9.786510
9.786523
9.787460
9.787942
9.787949
9.788529
9.788859
9.789280
9.789817
9.790670
9.790910
9.790945
9.791242
9.791881
9.792277
9.792761
9.793533
9.794516
9.795035
9.795502
9.795683
9.796533
9.796570
9.797143
9.797183
9.798452
9.799265
9.800166
9.800210
9.800310
9.801863
9.801987
9.802184
9.802249
9.802272
9.803008
9.803121
9.805884
9.807441
9.808099
9.809786
9.809842
9.809941
9.810607
9.812111
9.812353
9.812872
9.813117
9.813531
9.813935
9.815401
9.816864
9.817187
9.817726
9.819251
9.819811
9.819814
9.820146
9.820936
9.821074
9.821189
9.821483
9.821879
9.823187
9.823813
9.824501
9.824896
9.828533
9.829115
9.829422
9.829479
9.830670
9.830745
9.830949
9.831307
9.831386
9.833840
9.834371
9.835043
9.835423
9.835734
9.838279
9.838879
9.838989
9.839873
9.840842
9.841205
9.841902
9.844844
9.846208
9.848453
9.848487
9.848586
9.848754
9.848927
9.848977
9.849104
9.850434
9.851141
9.851404
9.851930
9.852988
9.853148
9.853887
9.853894
9.854729
9.854899
9.855374
9.856792
9.857645
9.858471
9.860541
9.862187
9.862348
9.862792
9.863456
9.863695
9.865088
9.866714
9.867185
9.867226
9.867622
9.867756
9.868853
9.869598
9.869714
9.870484
9.870704
9.870843
9.872005
9.872604
9.872970
9.873671
9.873903
9.874147
9.875526
9.875925
9.876321
9.877018
9.877187
9.878751
9.878873
9.880063
9.880228
9.881640
9.881997
9.882383
9.882617
9.882870
9.883599
9.883917
9.884010
9.884248
9.884352
9.885289
9.886567
9.887404
9.887417
9.888226
9.888228
9.888524
9.888842
9.889321
9.889472
9.889551
9.890528
9.891649
9.892119
9.893579
9.893583
9.893749
9.894375
9.894665
9.895198
9.896039
9.898156
9.898507
9.900448
9.900605
9.901722
9.901724
9.902736
9.903367
9.903915
9.904340
9.904617
9.904738
9.904865
9.905038
9.905240
9.906182
9.906802
9.907048
9.907318
9.908379
9.909312
9.910240
9.910571
9.911171
9.911946
9.912552
9.913516
9.913671
9.914770
9.914993
9.915021
9.915958
9.915960
9.917459
9.917625
9.917867
9.918277
9.920949
9.921202
9.922094
9.923424
9.923639
9.923643
9.923980
9.924732
9.924853
9.926155
9.926654
9.927794
9.928001
9.928041
9.928147
9.929267
9.929875
9.930087
9.930288
9.932522
9.933233
9.933379
9.933946
9.934079
9.934230
9.934592
9.934974
9.935082
9.935376
9.935623
9.936003
9.936351
9.936473
9.936938
9.936979
9.937774
9.938272
9.938303
9.938513
9.939045
9.939613
9.939640
9.939646
9.939916
9.941833
9.942261
9.942426
9.942595
9.944315
9.944534
9.945560
9.945751
9.945809
9.946115
9.946438
9.947219
9.947609
9.948327
9.948757
9.949358
9.950020
9.950312
9.950352
9.950646
9.951455
9.951781
9.951868
9.952288
9.952520
9.952881
9.953062
9.953422
9.954663
9.956079
9.956235
9.956630
9.957489
9.957705
9.961385
9.962412
9.963237
9.963975
9.964465
9.965421
9.966099
9.966266
9.966982
9.967005
9.968118
9.969218
9.969656
9.969911
9.969962
9.970307
9.970800
9.971486
9.971683
9.972245
9.973348
9.973785
9.973875
9.974072
9.974453
9.974960
9.975349
9.975828
9.976033
9.976670
9.976686
9.976724
9.977578
9.979074
9.980258
9.982811
9.982823
9.983217
9.983952
9.985291
9.985697
9.986398
9.986428
9.987254
9.987791
9.987890
9.988420
9.989331
9.989377
9.990833
9.991098
9.991155
9.991225
9.991405
9.991575
9.992064
9.992800
9.992964
9.993878
9.994221
9.994645
9.994997
9.995105
9.995312
9.996935
9.997089
9.997453
9.997481
9.997834
9.998299
9.998485
9.998906
10.000370
10.000615
10.000761
10.000994
10.001019
10.001644
10.003078
10.003314
10.005654
10.006029
10.006842
10.008460
10.008487
10.009614
10.010080
10.010334
10.011293
10.011342
10.011969
10.012034
10.012207
10.012208
10.012727
10.013641
10.014664
10.015976
10.016708
10.016879
10.017040
10.017257
10.017570
10.018056
10.018134
10.018422
10.019893
10.020911
10.021219
10.021446
10.022212
10.022401
10.023316
10.023980
10.024104
10.024139
10.024347
10.024366
10.024713
10.025037
10.026004
10.026535
10.027861
10.028412
10.028582
10.028651
10.028678
10.028903
10.028983
10.030008
10.030543
10.031069
10.032518
10.032968
10.033010
10.033442
10.033859
10.034268
10.034660
10.034777
10.034815
10.036985
10.038687
10.038764
10.038989
10.039698
10.040606
10.041791
10.042068
10.042441
10.042902
10.043572
10.043875
10.044379
10.044683
10.044865
10.044993
10.044999
10.047614
10.047656
10.048645
10.049080
10.049334
10.049511
10.049540
10.050024
10.050431
10.051683
10.052874
10.052973
10.053545
10.053922
10.054681
10.055317
10.055586
10.056283
10.056783
10.057546
10.058457
10.058965
10.059601
10.059610
10.060062
10.063982
10.065493
10.066638
10.067498
10.067585
10.067699
10.067878
10.067936
10.068052
10.068131
10.068788
10.068862
10.068981
10.069301
10.069573
10.070449
10.070559
10.071737
10.072172
10.072221
10.073828
10.074266
10.075846
10.076904
10.077153
10.077167
10.077235
10.077969
10.078370
10.078908
10.079088
10.080566
10.081168
10.082669
10.082940
10.083007
10.084691
10.084726
10.084835
10.085012
10.085342
10.085699
10.086617
10.087378
10.088031
10.089104
10.089124
10.091037
10.091778
10.091818
10.092507
10.093046
10.093120
10.093876
10.094854
10.095505
10.095575
10.096018
10.096471
10.096835
10.097666
10.097798
10.097870
10.097878
10.097883
10.098165
10.098425
10.098666
10.100519
10.101201
10.101661
10.102208
10.102566
10.102747
10.102960
10.104504
10.104603
10.105982
10.106472
10.106954
10.107018
10.108523
10.108603
10.111215
10.111370
10.112005
10.113249
10.113348
10.113690
10.114501
10.115117
10.115273
10.115480
10.116384
10.116502
10.116891
10.117803
10.118020
10.119462
10.119545
10.120111
10.120428
10.121174
10.121386
10.121833
10.122185
10.123452
10.124247
10.124532
10.125293
10.125678
10.127631
10.127659
10.128199
10.128868
10.129216
10.129872
10.130133
10.130352
10.131854
10.132079
10.132245
10.132835
10.133097
10.133367
10.133557
10.133621
10.133910
10.134118
10.134295
10.134468
10.134856
10.137165
10.137396
10.137759
10.138313
10.138935
10.140132
10.140878
10.141409
10.141893
10.142256
10.142342
10.142487
10.142749
10.143173
10.143235
10.143878
10.144033
10.144047
10.144068
10.144381
10.144538
10.144566
10.144634
10.145174
10.145706
10.145759
10.146565
10.146650
10.147277
10.148154
10.148535
10.148606
10.148692
10.150391
10.151434
10.151639
10.151732
10.151768
10.151913
10.152784
10.152818
10.153251
10.153545
10.153576
10.153959
10.154165
10.155137
10.156343
10.157328
10.157384
10.157451
10.157643
10.158322
10.160286
10.161202
10.162036
10.162436
10.162678
10.162951
10.163150
10.163625
10.164399
10.164543
10.164638
10.164646
10.166668
10.167864
10.168236
10.169388
10.170122
10.170448
10.171272
10.173110
10.174081
10.174487
10.174675
10.175155
10.175450
10.175897
10.175909
10.177459
10.177568
10.177580
10.177795
10.178149
10.179054
10.179651
10.179677
10.179808
10.180346
10.180362
10.180451
10.180480
10.180593
10.180675
10.182142
10.182352
10.182526
10.182543
10.182731
10.183522
10.183992
10.184250
10.185055
10.185583
10.185780
10.186338
10.186504
10.187524
10.187892
10.187901
10.188136
10.188214
10.188880
10.189023
10.189306
10.189591
10.190140
10.191129
10.191152
10.191455
10.191525
10.192578
10.193089
10.193507
10.194309
10.194363
10.194768
10.195276
10.195726
10.195753
10.196430
10.196439
10.197189
10.197438
10.197476
10.198557
10.199147
10.199397
10.200579
10.201166
10.201443
10.201571
10.201871
10.202734
10.202988
10.203188
10.203551
10.204624
10.204764
10.204964
10.205057
10.205402
10.206629
10.207565
10.209685
10.210011
10.210324
10.210505
10.211268
10.212557
10.213583
10.213680
10.213943
10.214110
10.214843
10.215125
10.216231
10.217269
10.217483
10.217486
10.218058
10.219259
10.219681
10.219992
10.220045
10.220118
10.220779
10.221109
10.221894
10.222530
10.222647
10.222989
10.223154
10.223379
10.223389
10.223896
10.224781
10.225484
10.225790
10.227644
10.227757
10.228798
10.229289
10.229416
10.229900
10.230671
10.230866
10.231073
10.231789
10.232199
10.233361
10.233617
10.234358
10.234518
10.234597
10.236362
10.237124
10.237675
10.237730
10.237751
10.238854
10.238965
10.239966
10.239973
10.240132
10.240205
10.240211
10.241017
10.241053
10.241120
10.241211
10.242189
10.242363
10.242565
10.243332
10.243365
10.243593
10.243777
10.243911
10.244076
10.244533
10.246195
10.246873
10.247107
10.247237
10.247371
10.247545
10.247734
10.249557
10.250121
10.250597
10.250792
10.250864
10.251417
10.251502
10.252354
10.252413
10.253301
10.253551
10.254336
10.254562
10.255262
10.255291
10.256923
10.257337
10.257488
10.259195
10.259339
10.260225
10.260472
10.260639
10.261724
10.262067
10.262568
10.262578
10.262921
10.263330
10.263754
10.263920
10.264301
10.264721
10.265418
10.265784
10.265831
10.266480
10.267213
10.267639
10.267840
10.269035
10.269201
10.269205
10.269837
10.270205
10.270600
10.271021
10.271026
10.271261
10.272341
10.273963
10.274450
10.275182
10.275656
10.275912
10.276019
10.276516
10.276555
10.276631
10.276637
10.279366
10.280995
10.281127
10.282090
10.282108
10.282212
10.282228
10.282462
10.282931
10.283050
10.283554
10.283634
10.284035
10.285885
10.285999
10.286707
10.287537
10.289765
10.290229
10.291198
10.291996
10.292678
10.293226
10.293350
10.293537
10.293640
10.293993
10.295401
10.296144
10.296437
10.296553
10.296593
10.297233
10.297539
10.297667
10.298809
10.298952
10.300742
10.300872
10.301623
10.301940
10.302256
10.302377
10.302507
10.303098
10.303233
10.303468
10.303947
10.304149
10.304152
10.304482
10.304744
10.306228
10.306521
10.307082
10.307550
10.307581
10.307987
10.309040
10.309591
10.309749
10.310304
10.310389
10.311432
10.312153
10.312498
10.312565
10.313375
10.313408
10.313424
10.314856
10.316308
10.316539
10.317452
10.318083
10.318119
10.318546
10.318624
10.319177
10.319305
10.319659
10.319684
10.320958
10.321016
10.321123
10.321632
10.321647
10.322077
10.322279
10.322686
10.323500
10.323745
10.323997
10.325206
10.325344
10.325799
10.326121
10.326411
10.326583
10.326960
10.327025
10.327050
10.327059
10.327126
10.327165
10.327334
10.327385
10.327698
10.328218
10.329086
10.329138
10.329214
10.330053
10.330267
10.331259
10.331347
10.331949
10.332477
10.333198
10.334211
10.334995
10.335622
10.335708
10.336655
10.337996
10.338397
10.338482
10.338659
10.338787
10.338932
10.338946
10.339607
10.339784
10.340226
10.341072
10.341368
10.341501
10.342518
10.343639
10.345448
10.345891
10.346174
10.346332
10.347181
10.347548
10.348156
10.348518
10.348950
10.349167
10.349297
10.352199
10.353425
10.354069
10.354127
10.355173
10.355287
10.355355
10.356456
10.357408
10.357549
10.357779
10.358259
10.359579
10.360551
10.360768
10.361049
10.361092
10.361247
10.361488
10.361748
10.362265
10.362411
10.362538
10.362656
10.363069
10.363301
10.364996
10.365187
10.365358
10.365522
10.365573
10.365579
10.365706
10.365760
10.367014
10.367600
10.368853
10.368893
10.368984
10.369192
10.369271
10.369426
10.369541
10.369604
10.369617
10.372174
10.373096
10.373471
10.374737
10.375974
10.376078
10.376950
10.377008
10.377013
10.377206
10.377267
10.377725
10.378502
10.378771
10.379111
10.379251
10.379418
10.379488
10.380126
10.380480
10.380522
10.381466
10.381630
10.382113
10.382299
10.382788
10.383065
10.383885
10.384128
10.384254
10.385004
10.386466
10.386900
10.386925
10.387271
10.387463
10.387559
10.387827
10.388209
10.388538
10.388974
10.388979
10.389053
10.389692
10.390023
10.390094
10.391456
10.391601
10.392255
10.392601
10.393369
10.393738
10.394402
10.394595
10.394809
10.395494
10.396002
10.397445
10.398482
10.398604
10.398682
10.399870
10.399886
10.400142
10.400448
10.400472
10.400513
10.401011
10.402102
10.402850
10.403362
10.403386
10.404952
10.405013
10.405116
10.405846
10.407473
10.408377
10.408381
10.408558
10.410518
10.411167
10.413131
10.413246
10.413296
10.414395
10.414860
10.415069
10.415171
10.415381
10.415705
10.417253
10.417943
10.417964
10.417999
10.418192
10.418467
10.418961
10.419048
10.420872
10.420931
10.422755
10.422955
10.422960
10.423459
10.423519
10.424637
10.424768
10.426274
10.426804
10.427118
10.427137
10.427805
10.428555
10.429439
10.429559
10.429667
10.429757
10.430021
10.430035
10.430114
10.430170
10.430549
10.430660
10.430864
10.431149
10.431446
10.431919
10.432432
10.433392
10.433561
10.433576
10.434357
10.434517
10.434848
10.435976
10.437146
10.437466
10.437586
10.437609
10.438545
10.438692
10.439286
10.440058
10.440749
10.441198
10.442861
10.443179
10.443752
10.443797
10.443914
10.444149
10.444867
10.445851
10.445855
10.445997
10.446567
10.447210
10.447279
10.447695
10.448372
10.448401
10.448600
10.449167
10.449734
10.450566
10.451546
10.451607
10.452582
10.452960
10.453176
10.453229
10.453825
10.454694
10.454752
10.454777
10.455192
10.455395
10.455552
10.455773
10.455969
10.456168
10.456294
10.456366
10.456491
10.457517
10.457732
10.458895
10.459424
10.459459
10.460270
10.460358
10.460823
10.460965
10.461546
10.463362
10.463436
10.463546
10.463855
10.464528
10.465093
10.465515
10.467156
10.467686
10.467874
10.468007
10.469165
10.469188
10.469688
10.470384
10.470494
10.470533
10.471107
10.471226
10.472386
10.472452
10.472497
10.472527
10.473163
10.473349
10.475308
10.476080
10.476123
10.476732
10.477815
10.477871
10.478615
10.479527
10.479684
10.480900
10.482207
10.482783
10.483137
10.484738
10.486536
10.486585
10.486979
10.487030
10.487257
10.488417
10.489204
10.489795
10.490641
10.491649
10.492257
10.492628
10.493126
10.493570
10.494097
10.494374
10.495076
10.495759
10.496027
10.496156
10.496333
10.498518
10.498768
10.498845
10.499171
10.499715
10.499865
10.500113
10.501877
10.503006
10.503435
10.503669
10.503948
10.504093
10.504328
10.504728
10.505029
10.505149
10.505254
10.505513
10.505764
10.506443
10.506948
10.507223
10.507978
10.509412
10.509936
10.510833
10.511153
10.512016
10.513282
10.513545
10.513733
10.514439
10.514575
10.515000
10.515117
10.515650
10.515779
10.516714
10.518052
10.519094
10.519249
10.519653
10.519655
10.520048
10.520178
10.520374
10.520834
10.520879
10.521424
10.521881
10.522141
10.522470
10.523878
10.524347
10.524497
10.524510
10.525252
10.525254
10.525301
10.525578
10.525846
10.526078
10.527042
10.527380
10.527686
10.527761
10.528246
10.528619
10.528710
10.529037
10.529673
10.529987
10.530232
10.530336
10.531791
10.533286
10.533679
10.534356
10.535180
10.535873
10.536460
10.536677
10.536783
10.537234
10.538179
10.538597
10.538871
10.540063
10.540107
10.540406
10.540527
10.540854
10.541506
10.542794
10.542831
10.542858
10.543358
10.544178
10.544258
10.545232
10.545298
10.546503
10.546998
10.547132
10.547618
10.548393
10.549117
10.549616
10.549715
10.549721
10.550197
10.550705
10.550872
10.551811
10.551893
10.552356
10.553361
10.554293
10.554358
10.554521
10.554660
10.555083
10.555498
10.555551
10.555871
10.556366
10.556384
10.558469
10.558690
10.558897
10.559695
10.560227
10.560369
10.560588
10.561071
10.561887
10.562836
10.562940
10.564197
10.564467
10.564610
10.565057
10.565393
10.565459
10.566075
10.566115
10.566762
10.567000
10.567144
10.567796
10.568322
10.568782
10.569012
10.570268
10.570402
10.570832
10.571121
10.571255
10.571558
10.571709
10.571807
10.571877
10.572343
10.573130
10.573146
10.574700
10.574871
10.574953
10.575035
10.575750
10.576601
10.576610
10.577073
10.577152
10.577247
10.577905
10.577956
10.578037
10.578220
10.578442
10.579141
10.579432
10.579970
10.580499
10.580980
10.581006
10.581070
10.581557
10.582488
10.582627
10.583104
10.583687
10.583934
10.584961
10.585420
10.586085
10.586305
10.586599
10.587738
10.587884
10.587968
10.588089
10.588128
10.588616
10.588955
10.589497
10.589702
10.589855
10.590358
10.590741
10.591445
10.591906
10.593143
10.593396
10.593570
10.593831
10.593866
10.594178
10.594929
10.595145
10.595664
10.596704
10.597074
10.597201
10.597862
10.598461
10.599095
10.599118
10.599178
10.599339
10.599504
10.600186
10.600239
10.600659
10.601035
10.602044
10.602119
10.602127
10.603394
10.603730
10.603747
10.604773
10.604820
10.605504
10.605692
10.605700
10.607106
10.607805
10.609406
10.609454
10.609842
10.610553
10.611492
10.611564
10.611837
10.611925
10.612291
10.612305
10.612417
10.612825
10.613246
10.613272
10.613667
10.614980
10.615345
10.615673
10.615936
10.616112
10.616258
10.617895
10.618373
10.618691
10.618832
10.618962
10.619529
10.619580
10.619697
10.619974
10.620174
10.620452
10.620514
10.621825
10.623210
10.623335
10.623463
10.623485
10.624188
10.624489
10.624701
10.624786
10.624990
10.625095
10.625246
10.625478
10.626731
10.626993
10.627155
10.628184
10.628289
10.628748
10.629352
10.630731
10.631104
10.631748
10.631960
10.632245
10.632305
10.632962
10.633373
10.634095
10.634132
10.635044
10.636204
10.637073
10.638219
10.638350
10.638742
10.639798
10.640121
10.641529
10.641606
10.641846
10.641856
10.642635
10.642935
10.643120
10.645009
10.645254
10.645276
10.645538
10.646584
10.647044
10.647611
10.647617
10.648612
10.648739
10.648924
10.649133
10.649337
10.649437
10.649532
10.649930
10.651450
10.651651
10.652586
10.653019
10.653497
10.653621
10.653752
10.653998
10.654643
10.655247
10.655311
10.656072
10.656712
10.658134
10.659704
10.659797
10.659839
10.659890
10.659945
10.660358
10.660862
10.661489
10.661901
10.662766
10.662786
10.663781
10.664446
10.665648
10.665809
10.666127
10.666353
10.666606
10.667016
10.667311
10.668489
10.668677
10.668901
10.669512
10.670129
10.670236
10.670341
10.670964
10.672145
10.673603
10.674381
10.674470
10.674932
10.675204
10.675232
10.675984
10.676098
10.676167
10.676184
10.676756
10.677068
10.677498
10.678091
10.678783
10.679145
10.679591
10.680079
10.680598
10.680612
10.682022
10.682189
10.683362
10.683779
10.684026
10.684159
10.684754
10.685209
10.685258
10.685370
10.685451
10.685532
10.686053
10.686760
10.687164
10.687252
10.688328
10.688366
10.689042
10.689524
10.689569
10.689823
10.690317
10.691007
10.691355
10.691533
10.691698
10.692695
10.693482
10.693960
10.694247
10.694592
10.695290
10.695870
10.695990
10.696318
10.696553
10.696694
10.696790
10.697438
10.698358
10.698983
10.699657
10.700376
10.700415
10.701427
10.701667
10.702168
10.702800
10.703524
10.703559
10.703749
10.703780
10.705795
10.706154
10.706278
10.706968
10.707687
10.707724
10.707725
10.708293
10.708445
10.709025
10.709844
10.711484
10.712575
10.712973
10.713739
10.714599
10.715042
10.716911
10.717106
10.717381
10.717605
10.717637
10.718551
10.718616
10.719155
10.721013
10.722119
10.723107
10.723430
10.724617
10.724796
10.724941
10.725336
10.725860
10.725994
10.726236
10.726257
10.726385
10.726545
10.726596
10.726920
10.727139
10.727772
10.727798
10.727820
10.728020
10.728064
10.728702
10.729616
10.730354
10.730476
10.730795
10.732100
10.732747
10.732812
10.733427
10.733761
10.734273
10.734742
10.735106
10.735358
10.735705
10.736432
10.736916
10.737026
10.737424
10.737847
10.737852
10.737866
10.739053
10.739255
10.740239
10.740261
10.740605
10.741142
10.741298
10.741439
10.741590
10.742403
10.743320
10.744404
10.744793
10.745054
10.745894
10.746004
10.746284
10.746322
10.746452
10.746520
10.747241
10.747806
10.748073
10.748298
10.748452
10.748525
10.748971
10.749393
10.749431
10.749475
10.750448
10.750685
10.751632
10.752679
10.753051
10.753435
10.753456
10.753469
10.753798
10.754285
10.756341
10.756869
10.757430
10.758478
10.758561
10.758659
10.759240
10.759563
10.759682
10.759754
10.760206
10.760717
10.760718
10.761416
10.761551
10.761848
10.762423
10.763135
10.763645
10.764623
10.765272
10.765359
10.765477
10.766375
10.767037
10.767897
10.768375
10.768958
10.769155
10.769610
10.770057
10.770435
10.772215
10.772511
10.772570
10.773201
10.773602
10.774075
10.774211
10.774808
10.775537
10.775724
10.775804
10.777098
10.778648
10.779632
10.780417
10.780678
10.782146
10.782924
10.782935
10.783159
10.785160
10.785307
10.785404
10.786014
10.786498
10.787010
10.787351
10.787464
10.787580
10.787673
10.787861
10.788071
10.788283
10.788534
10.789473
10.789927
10.790030
10.790382
10.790443
10.790515
10.791067
10.791318
10.793493
10.793527
10.793892
10.794216
10.794473
10.795191
10.796120
10.796297
10.796696
10.797157
10.797323
10.798644
10.799855
10.800164
10.800179
10.800339
10.800403
10.800546
10.800864
10.801276
10.801949
10.802030
10.802656
10.803416
10.803457
10.803639
10.804039
10.804551
10.804994
10.805776
10.805894
10.806412
10.806830
10.808057
10.808303
10.808910
10.809008
10.809172
10.809344
10.811568
10.811591
10.813111
10.813231
10.813305
10.813306
10.813655
10.814172
10.814355
10.814855
10.815052
10.815910
10.816039
10.816998
10.817041
10.817981
10.818007
10.818541
10.818545
10.820275
10.820595
10.820683
10.821086
10.821227
10.821503
10.821902
10.821918
10.822106
10.822268
10.822427
10.823812
10.824391
10.824683
10.825013
10.825171
10.826092
10.826574
10.826844
10.827099
10.828729
10.831110
10.831443
10.831722
10.832278
10.832463
10.832655
10.832759
10.832784
10.832959
10.833117
10.833572
10.834520
10.835229
10.836489
10.836604
10.837986
10.838178
10.838486
10.838924
10.839437
10.839803
10.840744
10.840789
10.841652
10.842339
10.843117
10.843489
10.843924
10.843994
10.844128
10.844293
10.844382
10.844388
10.844491
10.845888
10.845969
10.847248
10.847533
10.847651
10.847879
10.849586
10.849693
10.849874
10.850068
10.850109
10.850943
10.851782
10.852743
10.853026
10.854149
10.854229
10.854234
10.854359
10.855670
10.855731
10.855764
10.855852
10.855988
10.856363
10.857052
10.857412
10.857962
10.858129
10.858745
10.858790
10.859268
10.859373
10.859840
10.862612
10.863766
10.863921
10.865015
10.865384
10.865689
10.865773
10.866382
10.866477
10.868295
10.868471
10.868870
10.868893
10.869738
10.870036
10.870648
10.871757
10.871871
10.871919
10.872441
10.872449
10.873460
10.873635
10.874716
10.875031
10.875425
10.876009
10.876235
10.876678
10.877372
10.877415
10.877500
10.877790
10.877804
10.878000
10.878131
10.878297
10.878346
10.878572
10.878655
10.879149
10.879744
10.884611
10.884929
10.885538
10.885920
10.886065
10.886209
10.886504
10.887061
10.887241
10.888065
10.888274
10.889276
10.889454
10.889530
10.889549
10.890206
10.890304
10.890962
10.891004
10.891222
10.891805
10.892431
10.892449
10.892570
10.894346
10.895130
10.895266
10.895741
10.895933
10.897217
10.897541
10.897863
10.898139
10.898935
10.900001
10.900084
10.900422
10.900461
10.901463
10.901661
10.901832
10.902367
10.902537
10.902929
10.904868
10.905469
10.906643
10.906699
10.907290
10.907326
10.907478
10.907989
10.908231
10.908880
10.908900
10.909163
10.909481
10.910329
10.910531
10.911677
10.911833
10.912106
10.912339
10.913003
10.913050
10.913169
10.913251
10.913418
10.913737
10.913842
10.914170
10.914320
10.915226
10.916049
10.916199
10.916719
10.916761
10.916776
10.917586
10.917647
10.917692
10.918559
10.918797
10.919454
10.919484
10.920847
10.921052
10.921136
10.921227
10.921317
10.921351
10.921645
10.921690
10.923251
10.923615
10.924689
10.926112
10.926283
10.926312
10.927543
10.927905
10.928219
10.928256
10.929219
10.929321
10.929529
10.930004
10.930368
10.930633
10.930689
10.931216
10.931847
10.932395
10.932505
10.932841
10.933082
10.934771
10.935810
10.936571
10.936817
10.937035
10.937242
10.937414
10.937827
10.938232
10.938464
10.938781
10.939246
10.939454
10.939589
10.940359
10.940916
10.941072
10.941249
10.942198
10.942490
10.942535
10.942598
10.943493
10.943997
10.944014
10.944199
10.944638
10.944674
10.947382
10.947487
10.947656
10.947876
10.948278
10.949000
10.949183
10.949211
10.949901
10.950242
10.950767
10.951439
10.952603
10.952905
10.952940
10.953137
10.953712
10.953801
10.954227
10.954806
10.954848
10.954937
10.955006
10.955252
10.955581
10.956268
10.956372
10.956373
10.956920
10.957967
10.958222
10.958917
10.959153
10.959442
10.960617
10.961112
10.961465
10.961597
10.962873
10.963650
10.965634
10.966474
10.966687
10.967242
10.967736
10.967975
10.968227
10.968940
10.969111
10.969963
10.970152
10.970191
10.970785
10.971273
10.971590
10.971830
10.971924
10.972061
10.972239
10.973840
10.974339
10.975926
10.976493
10.976546
10.976670
10.976749
10.976999
10.977558
10.977716
10.977998
10.978104
10.978292
10.978473
10.978632
10.978751
10.979135
10.979289
10.979468
10.980843
10.981524
10.982255
10.983620
10.984596
10.984911
10.985141
10.985145
10.985657
10.985964
10.986113
10.986359
10.987960
10.988433
10.989367
10.989640
10.990132
10.990393
10.990684
10.991434
10.991810
10.991978
10.992179
10.993393
10.993586
10.994250
10.995171
10.995213
10.995823
10.996286
10.996341
10.996597
10.996744
10.997648
10.998586
11.000476
11.000912
11.001624
11.001650
11.002195
11.002242
11.002391
11.003020
11.003878
11.004251
11.004498
11.004566
11.004851
11.005718
11.005980
11.008376
11.008723
11.009378
11.009573
11.010871
11.010962
11.011290
11.011321
11.012428
11.012589
11.012734
11.013588
11.013894
11.014200
11.015326
11.015542
11.016274
11.016326
11.016595
11.017118
11.017138
11.017609
11.017715
11.017850
11.018152
11.018362
11.018521
11.018929
11.019370
11.019382
11.019755
11.019789
11.021219
11.021835
11.021875
11.023139
11.023607
11.023983
11.024191
11.026018
11.026810
11.027081
11.027561
11.028701
11.029502
11.029542
11.030294
11.030342
11.032322
11.032631
11.032947
11.033186
11.034406
11.035823
11.036321
11.036673
11.037189
11.038153
11.038291
11.039336
11.039904
11.040721
11.040927
11.041027
11.042097
11.042126
11.042543
11.043157
11.043453
11.044172
11.045500
11.045835
11.046093
11.046602
11.046674
11.047292
11.048868
11.049636
11.049650
11.049911
11.051014
11.052241
11.052356
11.052565
11.053523
11.053641
11.053985
11.054985
11.055757
11.055885
11.056272
11.056452
11.057921
11.058674
11.059441
11.059608
11.059936
11.061633
11.061856
11.063268
11.063690
11.063812
11.064200
11.064455
11.064560
11.064590
11.065591
11.066204
11.066477
11.066643
11.067592
11.068425
11.068585
11.068706
11.068932
11.069427
11.069818
11.070227
11.070614
11.070718
11.071829
11.072033
11.072193
11.072438
11.072680
11.072753
11.073223
11.074584
11.074685
11.075688
11.075854
11.075864
11.075907
11.075919
11.076328
11.076365
11.076973
11.077057
11.078098
11.078714
11.079219
11.081370
11.081431
11.081443
11.081821
11.082818
11.083928
11.083951
11.084058
11.084339
11.084673
11.084763
11.084957
11.085006
11.085159
11.085358
11.085429
11.086137
11.086915
11.087517
11.087724
11.087997
11.088832
11.089149
11.089160
11.089231
11.089782
11.089987
11.090039
11.090176
11.090645
11.091683
11.092487
11.093276
11.093561
11.093737
11.094083
11.094403
11.094514
11.094558
11.094560
11.094601
11.094905
11.095108
11.095191
11.095843
11.096426
11.096879
11.097726
11.098612
11.098738
11.099128
11.100292
11.100557
11.101242
11.101624
11.101722
11.101869
11.101969
11.102516
11.102677
11.102870
11.102964
11.103167
11.103287
11.103290
11.103899
11.105686
11.105762
11.107431
11.108233
11.108293
11.108450
11.108705
11.109493
11.110380
11.110413
11.110512
11.110987
11.112193
11.113224
11.113523
11.115837
11.116013
11.116206
11.116212
11.116411
11.116733
11.117187
11.117354
11.118207
11.120157
11.120317
11.120361
11.120668
11.120906
11.120985
11.121882
11.121932
11.123074
11.123118
11.123792
11.124640
11.124942
11.126751
11.127478
11.128106
11.129202
11.129504
11.129896
11.130157
11.131138
11.131206
11.131272
11.132435
11.132547
11.133931
11.134464
11.135469
11.136339
11.137053
11.137796
11.138161
11.138295
11.138549
11.138683
11.139935
11.140093
11.140347
11.141147
11.141179
11.142859
11.143754
11.144276
11.144282
11.145657
11.146712
11.147013
11.147338
11.147727
11.149891
11.151639
11.151888
11.152610
11.152849
11.152864
11.153351
11.154147
11.154183
11.154420
11.154529
11.155418
11.155726
11.155938
11.156502
11.156828
11.157068
11.157614
11.158148
11.158266
11.158930
11.159081
11.159400
11.160291
11.160354
11.160445
11.161197
11.161615
11.161851
11.162235
11.162339
11.162717
11.162968
11.163311
11.163536
11.165082
11.165488
11.165663
11.166008
11.166051
11.166207
11.166730
11.167356
11.167730
11.168254
11.168381
11.168562
11.168822
11.168929
11.169497
11.170077
11.170339
11.170561
11.170770
11.170848
11.171025
11.172049
11.172068
11.172458
11.172605
11.173237
11.173356
11.173929
11.174319
11.174389
11.174695
11.175652
11.176361
11.176809
11.176932
11.177118
11.177479
11.178041
11.178204
11.178445
11.178532
11.178850
11.178862
11.178946
11.179893
11.180048
11.180678
11.182377
11.182392
11.182473
11.182502
11.182576
11.183293
11.184308
11.185808
11.186671
11.187038
11.187430
11.187681
11.188030
11.188215
11.188433
11.188666
11.189939
11.190876
11.190946
11.191038
11.191468
11.192494
11.192680
11.192723
11.192997
11.196154
11.196365
11.197020
11.198084
11.198677
11.199160
11.199343
11.200167
11.200514
11.201443
11.202083
11.203056
11.203187
11.203313
11.203627
11.204002
11.205101
11.205206
11.205850
11.206056
11.206645
11.206874
11.207065
11.207241
11.207331
11.207356
11.207731
11.207845
11.208253
11.208730
11.209644
11.210135
11.210846
11.211411
11.212330
11.212384
11.212624
11.212760
11.213540
11.213976
11.213995
11.215926
11.217605
11.220250
11.221136
11.221977
11.221992
11.223252
11.223391
11.223579
11.224627
11.224821
11.224953
11.226052
11.226219
11.226536
11.227385
11.227861
11.228647
11.228873
11.229271
11.229813
11.230587
11.232808
11.233010
11.234865
11.235115
11.235262
11.235835
11.236154
11.236668
11.237231
11.237344
11.237677
11.237741
11.237930
11.238033
11.238402
11.240198
11.240479
11.240667
11.241362
11.241878
11.242110
11.242157
11.242381
11.242401
11.242468
11.242472
11.242702
11.242709
11.243191
11.243354
11.243472
11.243676
11.244079
11.244221
11.245125
11.246139
11.246248
11.248125
11.248425
11.248979
11.249012
11.249053
11.249211
11.249292
11.249601
11.249850
11.250228
11.250711
11.250733
11.251278
11.252067
11.252136
11.252278
11.252324
11.252372
11.252451
11.253610
11.257035
11.257928
11.258536
11.258689
11.259113
11.259123
11.259216
11.259219
11.259393
11.259958
11.260433
11.260439
11.261946
11.264791
11.265285
11.265680
11.266441
11.268391
11.268761
11.269473
11.270023
11.270024
11.270417
11.270475
11.270668
11.270789
11.271150
11.271755
11.272012
11.274642
11.274908
11.274912
11.274941
11.275386
11.275476
11.275702
11.276150
11.276469
11.276583
11.276733
11.276970
11.277836
11.278501
11.278610
11.278762
11.279060
11.281711
11.283022
11.284038
11.284112
11.284937
11.285390
11.286305
11.286618
11.287065
11.287185
11.287964
11.288041
11.288345
11.288565
11.289120
11.289293
11.289307
11.289635
11.289639
11.289788
11.289831
11.289978
11.290965
11.291248
11.291752
11.292321
11.292321
11.292529
11.293011
11.294037
11.295042
11.295218
11.295407
11.295705
11.295806
11.296046
11.296185
11.296734
11.296742
11.296863
11.296876
11.298574
11.299086
11.299391
11.299478
11.299616
11.299854
11.299903
11.300166
11.300433
11.302053
11.302429
11.302746
11.302883
11.302912
11.303046
11.303355
11.303450
11.304561
11.304743
11.307921
11.308451
11.309887
11.310088
11.310675
11.310745
11.311669
11.311723
11.311846
11.311882
11.312312
11.312423
11.312921
11.313218
11.313370
11.313726
11.313750
11.314247
11.314416
11.316094
11.316293
11.317682
11.318307
11.318394
11.318662
11.319273
11.319385
11.319541
11.319546
11.320589
11.320689
11.320761
11.321555
11.322337
11.322640
11.322744
11.323193
11.323542
11.323765
11.323794
11.323807
11.323840
11.324431
11.324971
11.325819
11.326219
11.326605
11.327867
11.328190
11.329006
11.329207
11.329790
11.331037
11.331181
11.331430
11.331707
11.333458
11.333975
11.334012
11.334331
11.335478
11.335697
11.336712
11.337261
11.337491
11.337749
11.337967
11.338232
11.338472
11.339403
11.340591
11.341275
11.341644
11.341935
11.342317
11.342339
11.344870
11.344907
11.345451
11.346477
11.346480
11.346548
11.346868
11.347070
11.348119
11.349349
11.349400
11.349713
11.349755
11.350221
11.351115
11.352950
11.353569
11.353930
11.354440
11.354803
11.354951
11.355252
11.356541
11.356818
11.357573
11.357798
11.358204
11.358229
11.359385
11.360533
11.360811
11.361815
11.362888
11.363002
11.363112
11.365268
11.366118
11.366817
11.367199
11.367714
11.367861
11.368180
11.368394
11.368545
11.369385
11.369914
11.370392
11.371681
11.371909
11.372018
11.372515
11.373061
11.374200
11.374744
11.375059
11.376815
11.377035
11.377184
11.377194
11.377823
11.377899
11.377922
11.378277
11.378618
11.379379
11.379468
11.380249
11.380542
11.381184
11.383230
11.383451
11.383596
11.384445
11.384720
11.385709
11.388003
11.388080
11.389606
11.389703
11.389849
11.390224
11.390519
11.390604
11.390773
11.391741
11.392715
11.393735
11.396001
11.397065
11.398254
11.399036
11.400588
11.400640
11.400819
11.402055
11.402237
11.403176
11.404263
11.405273
11.405767
11.405868
11.405910
11.406498
11.406602
11.408412
11.409203
11.410246
11.411264
11.411367
11.411664
11.411980
11.412595
11.412910
11.415099
11.415373
11.415802
11.415996
11.416090
11.417382
11.418322
11.419315
11.419519
11.419609
11.420421
11.420978
11.421811
11.422016
11.422168
11.422174
11.422211
11.422365
11.422466
11.422700
11.423141
11.423441
11.423796
11.423901
11.423916
11.424003
11.424026
11.424754
11.425188
11.425342
11.425471
11.425848
11.426433
11.427363
11.427978
11.428343
11.428634
11.429318
11.429613
11.429790
11.430203
11.430507
11.430761
11.432698
11.433105
11.434360
11.434422
11.434766
11.435559
11.436619
11.436668
11.436957
11.437337
11.439762
11.440824
11.442427
11.442700
11.442776
11.443612
11.443711
11.443983
11.444530
11.445136
11.446292
11.446551
11.446630
11.447227
11.447412
11.447916
11.448117
11.448256
11.448544
11.449235
11.449478
11.449996
11.450644
11.451058
11.451484
11.451737
11.451882
11.452289
11.452545
11.452770
11.453241
11.453254
11.453294
11.453358
11.453529
11.453597
11.454870
11.454992
11.455431
11.455880
11.456076
11.457340
11.457406
11.459498
11.459550
11.459559
11.460034
11.460248
11.460356
11.461932
11.462417
11.463686
11.463797
11.464067
11.464501
11.464528
11.465151
11.465405
11.465627
11.468994
11.471531
11.472439
11.472762
11.474032
11.474088
11.474586
11.474677
11.474937
11.476080
11.477195
11.477366
11.477646
11.477841
11.478291
11.478454
11.479502
11.479712
11.479849
11.480511
11.480855
11.481360
11.484123
11.484414
11.484627
11.484814
11.487565
11.487883
11.489481
11.490118
11.490666
11.491305
11.491613
11.492590
11.493960
11.495606
11.495871
11.497018
11.498238
11.498461
11.498795
11.500104
11.500348
11.500364
11.500845
11.503652
11.504706
11.506159
11.506495
11.507301
11.507348
11.511154
11.511701
11.511773
11.511901
11.513266
11.513585
11.513631
11.514425
11.514716
11.514953
11.517244
11.519451
11.519799
11.521068
11.522233
11.522376
11.522569
11.524158
11.524639
11.527796
11.528276
11.528962
11.529447
11.532763
11.533003
11.533313
11.533672
11.535180
11.536558
11.538071
11.540336
11.540538
11.541119
11.541214
11.542192
11.546051
11.547377
11.547709
11.549490
11.553926
11.554261
11.555605
11.556461
11.556748
11.560063
11.561932
11.562259
11.562698
11.563083
11.563658
11.563955
11.569938
11.571117
11.574315
11.576091
11.576413
11.576747
11.577913
11.578604
11.579682
11.580502
11.582341
11.582514
11.585745
11.589039
11.591870
11.592467
11.594993
11.595225
11.595535
11.598081
11.598250
11.599051
11.599543
11.602603
11.603442
11.606784
11.607259
11.609567
11.610201
11.610775
11.611673
11.614832
11.618924
11.619114
11.619260
11.619416
11.620422
11.620786
11.621748
11.621987
11.622752
11.622766
11.622925
11.622979
11.626360
11.626410
11.626639
11.628274
11.629314
11.629397
11.630478
11.630878
11.632858
11.633152
11.633575
11.633708
11.633754
11.633829
11.633837
11.633842
11.633845
11.633846
11.633847
11.633853
