1.000000
1.142718
1.436925
1.763338
3.584554
4.148545
14.335740
28.791723
39.450283
40.223690
41.055244
54.714973
54.742340
55.369629
55.439331
58.987255
59.341053
62.895912
65.122375
68.181984
70.944580
71.531517
71.555367
72.332199
72.713715
74.854507
79.091797
81.451210
82.034973
83.876289
83.942078
84.480545
86.455948
86.611626
88.401138
89.896088
91.469254
96.679932
96.776344
97.295761
97.366219
97.568001
102.542831
102.565758
103.384483
103.400421
103.952507
104.429794
105.135292
108.399216
108.509697
114.723457
115.361397
116.628525
117.257072
118.461967
118.572571
118.863632
118.951759
119.112656
119.994438
120.073746
121.984261
122.716446
122.763718
122.813759
122.870392
124.370018
124.954857
127.773872
127.953102
128.296463
128.569382
130.125580
134.257324
134.319885
134.332001
134.407349
138.206879
138.704254
138.805130
138.971115
140.133820
140.550842
141.124420
141.853333
141.863861
146.885483
147.128860
147.554749
147.570679
151.089218
152.494095
153.286743
153.425232
153.971039
154.097290
154.224625
155.306686
155.738007
157.987350
159.353668
161.964355
162.033585
162.156921
163.781204
164.479660
165.954285
166.538956
166.608658
167.045624
167.069870
168.007065
168.028625
168.129761
168.229126
168.272430
168.921906
168.989182
169.143219
170.196640
170.296906
170.583191
170.588226
170.768906
171.198257
171.305603
171.482086
171.594086
172.782272
173.477554
174.507355
174.525681
176.023453
177.211853
177.809784
177.889053
178.635986
179.189148
180.912704
181.092728
181.219345
181.249893
181.269363
181.431198
183.129700
183.222229
187.821671
188.176636
189.681870
190.811722
191.196121
193.281693
193.635452
202.543900
202.937698
202.957535
204.468918
209.232117
210.155853
214.166656
214.883545
216.048920
217.499481
217.835724
219.173767
219.234970
224.069992
224.577011
227.365646
227.630005
227.672806
233.392563
235.170517
235.200180
235.942795
236.161911
236.226410
236.372543
236.436905
236.512421
236.575928
236.577118
236.640213
236.648819
236.686172
237.083786
237.132965
237.365433
238.011032
238.208786
238.514328
238.858398
239.165421
239.540390
239.868744
240.093597
240.152695
240.273102
240.509308
240.637039
241.690445
241.899261
242.095764
242.420410
242.631165
242.892334
243.441757
243.771317
243.831955
243.915298
244.071487
244.264999
244.585846
244.905792
245.113846
245.646210
245.661407
245.735428
245.806808
246.203613
246.230911
246.347549
246.956253
247.366837
247.498489
247.981735
247.996307
248.038666
248.093201
248.122681
248.568985
248.866821
249.195389
249.406540
249.510498
249.834061
249.925949
249.981522
250.380295
250.448868
250.593994
250.885330
250.972900
250.983475
251.058365
251.153931
251.157593
251.211838
251.236237
251.393463
251.415680
251.458542
251.505386
251.559479
251.683685
251.773560
251.848770
252.023895
252.163666
252.277435
252.377075
252.434250
252.756226
252.784058
253.135727
253.197464
253.199890
253.275314
253.283447
253.566696
253.653793
253.658646
253.719620
253.986923
254.043167
254.096512
254.234604
254.402451
254.499756
254.545746
254.654846
254.728333
254.893265
254.990906
255.058807
255.323746
255.415787
255.445358
255.478592
255.543900
256.142059
256.432098
257.539978
257.725677
257.823730
258.197327
258.266632
258.328491
258.332428
258.360779
258.503906
258.961060
259.105804
259.127350
259.145569
259.153381
259.153717
259.193970
259.527039
259.581604
259.852966
259.902466
260.061401
260.193909
260.255798
260.681274
260.727570
260.790161
260.811829
260.820709
260.956512
260.977081
261.103607
261.208954
261.214081
261.418610
261.535400
261.611755
261.634186
261.682526
261.887634
262.177490
262.371979
262.584900
263.643127
263.727325
263.797394
263.831787
263.837616
263.915436
263.984802
264.061523
264.152374
264.235382
264.270905
264.298004
264.398865
264.613312
264.765839
264.846710
264.946533
264.956024
265.002228
265.150909
265.220367
265.238281
265.371552
265.439911
265.548645
265.682068
265.683411
265.726593
265.854736
265.865479
265.890533
265.897156
265.942322
266.091583
266.188293
266.238983
266.278198
266.280151
266.281128
266.320679
266.328400
266.362457
267.175537
267.465454
267.512634
267.562775
267.666077
267.694061
267.913422
267.997009
268.053284
268.154907
268.414093
268.446411
268.491302
268.563782
268.589905
268.636810
268.661743
268.719635
268.735138
268.736450
268.931824
269.000793
269.263458
269.335968
269.456543
269.559509
269.697815
270.156219
270.463898
270.736359
270.796692
270.800232
271.365356
271.403717
271.599854
271.622925
271.898590
271.908569
271.928040
271.935486
271.966736
271.994141
272.057098
272.253998
272.365906
272.368134
272.380341
272.699921
272.796875
272.959595
273.133911
273.187866
273.291687
273.307281
273.430725
273.673218
273.688629
273.735626
273.765900
273.848206
273.897430
274.069916
274.098877
274.158447
274.343933
274.487823
274.493652
274.840271
274.865173
274.880524
274.899994
275.023071
275.079437
275.173950
275.411407
275.584106
275.628143
275.865723
276.352997
276.707703
276.728546
276.783997
276.804413
276.955750
277.125336
277.177399
277.353851
277.359436
277.402924
277.551575
277.553070
277.645142
277.940826
278.175690
278.296906
278.441040
278.666443
279.057190
279.204834
279.216888
279.234772
279.248901
279.375183
279.417236
279.630798
279.740448
279.743469
279.759796
279.762390
279.769592
279.836853
279.920105
280.056580
280.151947
280.521759
280.558899
280.565521
280.581421
280.725220
280.888580
281.195831
281.223999
281.323395
281.343292
281.434631
281.485657
281.646149
281.862823
281.903656
282.195892
282.315277
282.377380
282.417389
282.473602
282.522766
282.528595
282.542114
282.865082
283.218262
283.319000
283.329163
283.481659
284.003174
284.036865
284.048035
284.193573
284.601135
284.666016
284.689056
285.125488
285.161499
285.189240
285.309814
285.384552
285.508423
285.627441
285.798798
285.877716
286.352570
286.580017
286.610474
287.030273
287.082245
287.286560
287.425873
287.585999
287.643585
288.220367
288.363129
288.888947
289.108734
289.241333
289.275635
289.331238
290.133606
290.243896
290.327087
291.742188
292.833923
293.065613
293.164490
293.828094
293.911163
293.998871
294.031738
294.109528
294.235565
294.270233
294.684692
295.043854
295.121979
295.224091
295.651398
295.810089
296.092072
296.146698
296.226776
296.259247
296.282684
296.395782
296.408081
296.460541
296.503967
296.916504
297.435364
298.094604
298.371948
298.437561
300.042480
300.671234
300.806915
301.454254
301.647491
302.388214
302.770264
302.860840
303.060638
303.568512
303.726440
303.784943
303.819946
303.862671
303.988037
304.307770
305.024750
305.080566
305.202240
305.404938
305.710236
306.049042
306.218811
306.609283
306.896729
307.425201
307.539948
308.062775
308.230835
308.261444
308.522888
308.685089
308.712494
309.179169
309.733124
310.298279
310.573700
310.876373
310.887085
311.287445
312.436829
312.808411
312.905487
313.035034
313.108826
313.433746
313.689270
313.744446
314.423615
315.898499
316.042236
319.107910
319.326019
319.350372
319.837097
320.922791
322.100647
322.340973
322.919159
323.337006
324.031769
325.048035
325.402924
325.423553
326.341461
328.254852
328.432983
329.065552
329.070038
329.255920
329.809875
329.824677
329.841370
330.212555
330.229309
330.612976
330.620178
331.418915
331.584381
331.728302
331.880554
332.496552
332.578430
332.783539
332.965912
333.627106
333.787201
334.082977
334.182648
334.350555
334.756989
334.879944
335.348816
335.409393
336.114777
336.344055
336.978363
338.774231
338.828033
339.285645
339.803864
339.892456
339.922455
340.383118
340.868835
341.642517
341.869110
342.725464
343.946106
344.535248
345.934113
347.238647
348.716370
348.833313
349.549042
351.047211
351.203949
352.543549
352.682068
352.827484
353.293060
353.425964
354.725769
355.370575
358.514313
358.519073
360.608337
361.409729
362.412811
363.059448
364.364105
365.436493
366.519287
367.536285
368.998840
370.485107
371.576141
372.056274
372.530731
372.996765
372.997864
373.930573
374.715057
377.247986
378.032898
378.133423
378.318176
378.320709
378.320953
378.324249
378.348541
378.348938
378.349121
378.351257
378.361786
378.366760
378.372467
378.372589
378.376282
378.376312
378.376312
378.376312
378.376312
378.376343
378.376343
378.376343
378.376343
378.376343
378.376373
378.376373
378.376373
378.376373
378.376373
378.376373
378.376373
378.376373
378.376373
378.376373
378.376373
378.376373
378.376373
378.376404
378.376404
378.376404
378.376404
378.376404
378.376404
378.376404
378.376404
378.376404
378.376404
378.376404
378.376404
378.376404
378.376404
378.376404
378.376404
378.376404
378.376404
378.376404
378.376404
378.376404
378.376404
378.376404
378.376434
378.376434
378.376434
378.376434
378.376434
378.376434
378.376434
378.376434
378.376434
378.376434
378.376434
378.376434
378.376434
378.376434
378.376434
378.376434
378.376434
378.376434
378.376434
378.376434
378.376465
378.376465
378.376465
378.376465
378.376465
378.376465
378.376465
378.376465
378.376465
378.376465
378.376465
378.376465
378.376465
378.376465
378.376465
378.376465
378.376465
378.376465
378.376465
378.376465
378.376495
378.376495
378.376495
378.376495
378.376495
378.376495
378.376495
378.376495
378.376495
378.376495
378.376495
378.376495
378.376495
378.376495
378.376495
378.376495
378.376495
378.376495
378.376495
378.376495
378.376495
378.376495
378.376495
378.376495
378.376495
378.376495
378.376495
378.376495
378.376495
378.376495
378.376495
378.376526
378.376526
378.376526
378.376526
378.376526
378.376526
378.376526
378.376526
378.376526
378.376526
378.376526
378.376526
378.376526
378.376526
378.376526
378.376526
378.376526
378.376526
378.376526
378.376526
378.376526
378.376526
378.376526
378.376526
378.376526
378.376526
378.376526
378.376526
378.376526
378.376526
378.376526
378.376526
378.376526
378.376526
378.376556
378.376556
378.376556
378.376556
378.376556
378.376556
378.376556
378.376556
378.376556
378.376556
378.376556
378.376556
378.376556
378.376556
378.376556
378.376556
378.376556
378.376556
378.376556
378.376556
378.376556
378.376556
378.376556
378.376556
378.376556
378.376556
378.376556
378.376556
378.376556
378.376556
378.376556
378.376587
378.376587
378.376587
378.376587
378.376587
378.376587
378.376587
378.376587
378.376587
378.376587
378.376587
378.376587
378.376587
378.376587
378.376587
378.376587
378.376587
378.376587
378.376587
378.376587
378.376587
378.376587
378.376587
378.376587
378.376587
378.376587
378.376587
378.376587
378.376587
378.376587
378.376587
378.376587
378.376587
378.376587
378.376587
378.376587
378.376617
378.376617
378.376617
378.376617
378.376617
378.376617
378.376617
378.376617
378.376617
378.376617
378.376617
378.376617
378.376617
378.376617
378.376617
378.376617
378.376617
378.376617
378.376617
378.376617
378.376617
378.376617
378.376617
378.376617
378.376617
378.376617
378.376617
378.376617
378.376617
378.376617
378.376617
378.376617
378.376617
378.376617
378.376617
378.376617
378.376617
378.376617
378.376617
378.376617
378.376617
378.376617
378.376617
378.376617
378.376617
378.376617
378.376617
378.376617
378.376648
378.376648
378.376648
378.376648
378.376648
378.376648
378.376648
378.376648
378.376648
378.376648
378.376648
378.376648
378.376648
378.376648
378.376648
378.376648
378.376648
378.376648
378.376648
378.376648
378.376648
378.376648
378.376648
378.376648
378.376648
378.376648
378.376648
378.376648
378.376648
378.376648
378.376648
378.376648
378.376648
378.376648
378.376648
378.376648
378.376648
378.376648
378.376648
378.376648
378.376648
378.376648
378.376648
378.376678
378.376678
378.376678
378.376678
378.376678
378.376678
378.376678
378.376678
378.376678
378.376678
378.376678
378.376678
378.376678
378.376678
378.376678
378.376678
378.376678
378.376678
378.376678
378.376678
378.376678
378.376678
378.376678
378.376678
378.376678
378.376678
378.376678
378.376678
378.376678
378.376678
378.376678
378.376678
378.376678
378.376678
378.376678
378.376678
378.376678
378.376678
378.376678
378.376678
378.376678
378.376678
378.376709
378.376709
378.376709
378.376709
378.376709
378.376709
378.376709
378.376709
378.376709
378.376709
378.376709
378.376709
378.376709
378.376709
378.376709
378.376709
378.376709
378.376709
378.376709
378.376709
378.376709
378.376709
378.376709
378.376709
378.376709
378.376709
378.376709
378.376709
378.376709
378.376709
378.376709
378.376709
378.376709
378.376709
378.376709
378.376709
378.376709
378.376709
378.376709
378.376709
378.376709
378.376709
378.376709
378.376709
378.376709
378.376709
378.376709
378.376709
378.376709
378.376709
378.376709
378.376709
378.376709
378.376740
378.376740
378.376740
378.376740
378.376740
378.376740
378.376740
378.376740
378.376740
378.376740
378.376740
378.376740
378.376740
378.376740
378.376740
378.376740
378.376740
378.376740
378.376740
378.376740
378.376740
378.376740
378.376740
378.376740
378.376740
378.376740
378.376740
378.376740
378.376740
378.376740
378.376740
378.376740
378.376740
378.376740
378.376740
378.376740
378.376740
378.376740
378.376740
378.376740
378.376740
378.376740
378.376740
378.376740
378.376740
378.376770
378.376770
378.376770
378.376770
378.376770
378.376770
378.376770
378.376770
378.376770
378.376770
378.376770
378.376770
378.376770
378.376770
378.376770
378.376770
378.376770
378.376770
378.376770
378.376770
378.376770
378.376770
378.376770
378.376770
378.376770
378.376770
378.376770
378.376770
378.376770
378.376770
378.376770
378.376770
378.376770
378.376770
378.376770
378.376770
378.376770
378.376770
378.376770
378.376770
378.376770
378.376801
378.376801
378.376801
378.376801
378.376801
378.376801
378.376801
378.376801
378.376801
378.376801
378.376801
378.376801
378.376801
378.376801
378.376801
378.376801
378.376801
378.376801
378.376801
378.376801
378.376801
378.376801
378.376801
378.376801
378.376801
378.376801
378.376801
378.376801
378.376801
378.376801
378.376801
378.376801
378.376801
378.376801
378.376801
378.376831
378.376831
378.376831
378.376831
378.376831
378.376831
378.376831
378.376831
378.376831
378.376831
378.376831
378.376831
378.376831
378.376831
378.376831
378.376831
378.376831
378.376831
378.376831
378.376831
378.376831
378.376831
378.376831
378.376831
378.376831
378.376831
378.376831
378.376831
378.376831
378.376831
378.376862
378.376862
378.376862
378.376862
378.376862
378.376862
378.376862
378.376862
378.376862
378.376862
378.376862
378.376862
378.376862
378.376862
378.376862
378.376862
378.376862
378.376862
378.376862
378.376862
378.376862
378.376862
378.376862
378.376862
378.376862
378.376862
378.376862
378.376862
378.376862
378.376862
378.376892
378.376892
378.376892
378.376892
378.376892
378.376892
378.376892
378.376892
378.376892
378.376892
378.376892
378.376892
378.376892
378.376892
378.376892
378.376892
378.376892
378.376892
378.376892
378.376892
378.376892
378.376892
378.376923
378.376923
378.376923
378.376923
378.376923
378.376923
378.376923
378.376923
378.376923
378.376923
378.376923
378.376923
378.376923
378.376923
378.376923
378.376923
378.376923
378.376923
378.376953
378.376953
378.376953
378.376953
378.376953
378.376953
378.376953
378.376953
378.376953
378.376953
378.376953
378.376953
378.376953
378.376953
378.376953
378.376953
378.376953
378.376953
378.376984
378.376984
378.376984
378.376984
378.376984
378.376984
378.376984
378.376984
378.376984
378.376984
378.376984
378.376984
378.376984
378.376984
378.377014
378.377014
378.377014
378.377014
378.377014
378.377014
378.377014
378.377014
378.377014
378.377014
378.377014
378.377014
378.377045
378.377045
378.377045
378.377045
378.377045
378.377045
378.377045
378.377075
378.377075
378.377075
378.377075
378.377075
378.377075
378.377075
378.377106
378.377106
378.377106
378.377106
378.377136
