1.000000
1.649673
1.826312
2.165737
2.384153
2.660218
2.700797
2.799587
2.808099
2.821125
3.067939
3.093620
3.157783
3.161401
3.347257
3.385138
3.603856
3.721295
3.723559
3.961550
3.981883
4.009472
4.095458
4.236631
4.461573
4.646207
4.862615
5.273609
5.599662
5.719163
6.084587
6.094635
6.334321
6.466131
6.467228
6.636950
6.738199
6.817968
6.913228
6.941191
6.978722
7.004612
7.136228
7.155262
7.155900
7.173896
7.190332
7.226190
7.335715
7.346855
7.360334
7.360806
7.401042
7.401573
7.427307
7.437925
7.460913
7.467492
7.469708
7.471441
7.480017
7.506257
7.507242
7.569890
7.587711
7.588198
7.614241
7.615166
7.661905
7.681233
7.701515
7.755772
7.760892
7.772385
7.788324
7.815418
7.828872
7.849445
7.855925
7.860587
7.877049
7.900741
7.908749
7.920673
7.931526
7.936138
7.946117
7.950526
7.955232
7.979772
8.025867
8.057113
8.078541
8.084160
8.086342
8.088635
8.112420
8.112845
8.116013
8.130369
8.147388
8.149611
8.178689
8.199899
8.210773
8.219550
8.224699
8.225223
8.227453
8.243928
8.252110
8.254325
8.255802
8.280134
8.284863
8.293191
8.294290
8.307192
8.310348
8.319324
8.323111
8.339312
8.347519
8.351740
8.362606
8.364932
8.367365
8.369521
8.374863
8.381384
8.406119
8.406801
8.415743
8.422051
8.429106
8.444573
8.458860
8.475699
8.481318
8.481977
8.490864
8.491370
8.505815
8.506248
8.507062
8.516840
8.520561
8.525628
8.528426
8.541662
8.548186
8.553988
8.554094
8.567501
8.570744
8.575851
8.593533
8.601617
8.605606
8.615343
8.617435
8.629846
8.640274
8.644000
8.644089
8.649630
8.657393
8.660020
8.668735
8.668806
8.674201
8.678378
8.710676
8.716097
8.716865
8.716968
8.719422
8.720210
8.727206
8.736094
8.741839
8.751351
8.763340
8.764270
8.766362
8.775136
8.775942
8.790643
8.800763
8.811350
8.819241
8.827913
8.852480
8.867630
8.871313
8.874540
8.876966
8.876978
8.885184
8.895845
8.905334
8.913857
8.921939
8.924771
8.940477
8.941120
8.957716
8.974414
8.986794
8.987645
8.988044
8.989584
8.992951
8.999643
9.005480
9.013209
9.015075
9.016797
9.027561
9.036503
9.039607
9.039666
9.044504
9.050905
9.051791
9.052155
9.058372
9.064622
9.071657
9.071873
9.073141
9.087344
9.097011
9.100611
9.102828
9.104549
9.105402
9.117727
9.120058
9.120748
9.134831
9.139616
9.139727
9.146383
9.151834
9.154648
9.164054
9.165577
9.167645
9.185157
9.185391
9.190863
9.192257
9.197026
9.197096
9.198184
9.201642
9.201718
9.210067
9.213376
9.224641
9.224735
9.227628
9.239138
9.242703
9.251604
9.254852
9.260468
9.261268
9.261872
9.265240
9.269425
9.272017
9.272297
9.281012
9.287230
9.288462
9.289936
9.295640
9.302806
9.310680
9.310974
9.315888
9.321461
9.325686
9.325776
9.337594
9.342155
9.347002
9.349182
9.349605
9.357006
9.357985
9.367993
9.368396
9.371909
9.373570
9.380904
9.386508
9.389872
9.393836
9.395897
9.396902
9.398680
9.399045
9.401359
9.403124
9.404755
9.405961
9.410049
9.410878
9.411230
9.411236
9.415996
9.417050
9.425378
9.437644
9.437951
9.443698
9.445217
9.447583
9.448542
9.450264
9.451355
9.452896
9.455739
9.461892
9.464190
9.472432
9.479228
9.479430
9.480723
9.483287
9.489491
9.491491
9.494934
9.496025
9.504766
9.512428
9.516091
9.516788
9.517444
9.522895
9.525351
9.525772
9.527631
9.527645
9.529906
9.531497
9.534908
9.535374
9.538790
9.539761
9.539858
9.540416
9.541276
9.547201
9.549924
9.550694
9.553226
9.554426
9.567523
9.569177
9.570503
9.572125
9.575422
9.576202
9.576501
9.576783
9.577785
9.588111
9.588151
9.588330
9.589328
9.590137
9.590507
9.590607
9.591792
9.592860
9.593885
9.594481
9.597475
9.598270
9.599072
9.599541
9.601151
9.601475
9.601604
9.602181
9.603117
9.605442
9.605842
9.612025
9.613874
9.618193
9.619791
9.620381
9.620642
9.633072
9.639673
9.642373
9.645338
9.646029
9.647297
9.651958
9.655174
9.659266
9.659398
9.663191
9.665417
9.671296
9.679505
9.681674
9.685953
9.686279
9.686443
9.686545
9.690539
9.703605
9.705535
9.712189
9.714464
9.715928
9.721526
9.723543
9.725281
9.728880
9.729060
9.729275
9.731206
9.732217
9.736569
9.739654
9.741223
9.747377
9.749960
9.760829
9.762354
9.762949
9.764609
9.765656
9.768257
9.768779
9.772780
9.774466
9.777283
9.779670
9.780746
9.784883
9.785008
9.786077
9.787711
9.789867
9.793018
9.794025
9.794145
9.797117
9.797256
9.797306
9.799144
9.801206
9.803949
9.808979
9.809674
9.812781
9.823112
9.825891
9.832577
9.834316
9.835469
9.835662
9.845926
9.848987
9.849673
9.854202
9.855506
9.856738
9.861281
9.865234
9.865580
9.869007
9.875467
9.876401
9.880036
9.883883
9.887996
9.888669
9.888983
9.889729
9.892424
9.895220
9.896481
9.896681
9.904625
9.904957
9.907161
9.911782
9.915533
9.915605
9.918080
9.920439
9.921275
9.923947
9.932181
9.934053
9.940293
9.942607
9.946773
9.946914
9.947324
9.949039
9.949757
9.950560
9.951287
9.951895
9.952024
9.953156
9.954989
9.957297
9.957409
9.959460
9.959483
9.960614
9.960817
9.961982
9.965196
9.969466
9.969475
9.969570
9.969748
9.971375
9.974850
9.976476
9.977455
9.977684
9.978104
9.978324
9.984064
9.987723
9.987773
9.988077
9.990022
9.992168
10.001202
10.001945
10.002715
10.005310
10.005640
10.006359
10.006920
10.008658
10.009604
10.010448
10.012367
10.013092
10.014611
10.019992
10.020808
10.021329
10.021988
10.026279
10.029355
10.029410
10.029635
10.031476
10.034222
10.038449
10.038930
10.044000
10.046456
10.046906
10.046982
10.052541
10.055383
10.057700
10.058990
10.059335
10.061616
10.062222
10.067367
10.067482
10.068871
10.069138
10.069721
10.070955
10.072062
10.075600
10.075855
10.079080
10.085977
10.091168
10.092098
10.092355
10.093432
10.096097
10.096184
10.101376
10.101976
10.103497
10.105028
10.108863
10.110754
10.116868
10.117129
10.121875
10.121893
10.123272
10.124983
10.127967
10.128227
10.130037
10.130884
10.131192
10.136408
10.140555
10.140910
10.141585
10.141776
10.142264
10.143128
10.144252
10.145438
10.147000
10.149036
10.149300
10.151612
10.152867
10.154208
10.155060
10.156309
10.160473
10.163589
10.166084
10.168736
10.169860
10.170501
10.175475
10.176055
10.176565
10.178931
10.181195
10.181355
10.185426
10.189703
10.190308
10.199309
10.199677
10.202209
10.202229
10.203585
10.203947
10.205040
10.207384
10.207705
10.209854
10.213081
10.213137
10.218305
10.218431
10.219460
10.220005
10.223631
10.224455
10.225336
10.232314
10.236045
10.236545
10.237347
10.238259
10.238283
10.239695
10.239911
10.241592
10.242835
10.246272
10.248038
10.248106
10.250285
10.250465
10.256208
10.258103
10.259116
10.260856
10.261376
10.261772
10.263107
10.267656
10.270189
10.272742
10.273715
10.275907
10.276244
10.276933
10.278553
10.279427
10.279520
10.281968
10.282285
10.282887
10.286285
10.286424
10.286992
10.288121
10.288494
10.291027
10.291426
10.291470
10.293179
10.294559
10.294947
10.296435
10.297458
10.298494
10.298675
10.298689
10.302979
10.303452
10.304373
10.304419
10.304982
10.306482
10.310184
10.310688
10.312340
10.314319
10.314499
10.316504
10.318317
10.322279
10.322685
10.323736
10.324650
10.325871
10.326262
10.327446
10.328100
10.328967
10.329753
10.330137
10.331922
10.334853
10.335595
10.339103
10.339363
10.339459
10.339680
10.342114
10.342141
10.342330
10.343885
10.343988
10.344323
10.346196
10.346372
10.346680
10.346950
10.347929
10.351878
10.352149
10.355428
10.356457
10.356747
10.357395
10.359443
10.359465
10.360984
10.361488
10.365238
10.366343
10.366762
10.367096
10.367938
10.370568
10.371799
10.372446
10.372516
10.372666
10.374617
10.377318
10.377984
10.379017
10.380248
10.384104
10.385347
10.386432
10.386560
10.388756
10.390553
10.390734
10.392024
10.392422
10.392673
10.393634
10.396127
10.398641
10.399248
10.399980
10.400326
10.401797
10.403082
10.404516
10.405826
10.406303
10.409436
10.409563
10.409781
10.409885
10.412332
10.413597
10.415850
10.416643
10.416944
10.417970
10.418684
10.420508
10.421275
10.422288
10.426694
10.426871
10.430124
10.431238
10.435666
10.437197
10.438051
10.440061
10.443450
10.444902
10.446833
10.456298
10.460066
10.460362
10.460697
10.462201
10.463400
10.464455
10.467178
10.467340
10.470479
10.471391
10.472868
10.473536
10.475718
10.475760
10.475810
10.476977
10.477394
10.479055
10.479377
10.479711
10.480747
10.481619
10.484868
10.485020
10.485793
10.487476
10.489998
10.491127
10.491509
10.495161
10.496608
10.497977
10.497997
10.498265
10.499138
10.500324
10.500431
10.500844
10.501245
10.504165
10.505652
10.510529
10.511302
10.512892
10.513607
10.516456
10.517172
10.518450
10.519341
10.519774
10.520329
10.521384
10.522833
10.526054
10.526284
10.527947
10.529056
10.529377
10.530187
10.530383
10.531482
10.534022
10.538206
10.541906
10.542024
10.542285
10.542530
10.542757
10.543943
10.545757
10.546216
10.546384
10.549447
10.550412
10.552691
10.555984
10.557633
10.560410
10.561726
10.563078
10.563656
10.563938
10.564361
10.564803
10.565125
10.567801
10.568240
10.568298
10.568658
10.571331
10.572362
10.572374
10.573998
10.574033
10.574906
10.575363
10.576655
10.578134
10.578375
10.580971
10.581517
10.582484
10.584852
10.585052
10.585263
10.587171
10.588518
10.589931
10.591246
10.591410
10.594626
10.595736
10.596857
10.597802
10.603761
10.605025
10.606114
10.606368
10.607759
10.609118
10.609194
10.611519
10.612989
10.613228
10.613731
10.616332
10.616554
10.617116
10.617201
10.619001
10.619271
10.621169
10.621214
10.621831
10.623494
10.623995
10.625388
10.628567
10.629560
10.630205
10.631647
10.633338
10.633592
10.634509
10.635777
10.637041
10.637058
10.637490
10.638165
10.639150
10.640104
10.640496
10.640794
10.641037
10.641652
10.644409
10.645472
10.646057
10.646433
10.646775
10.648326
10.651546
10.651879
10.652268
10.653152
10.653736
10.655194
10.657400
10.657844
10.660783
10.661283
10.663340
10.664572
10.664752
10.665086
10.665236
10.667665
10.667826
10.668075
10.668197
10.668491
10.668691
10.668706
10.668793
10.673035
10.673792
10.673918
10.675441
10.677935
10.678276
10.678396
10.679739
10.680481
10.680488
10.680990
10.681318
10.683257
10.684851
10.685937
10.687002
10.687293
10.687742
10.688692
10.689976
10.690025
10.690538
10.691069
10.695582
10.696855
10.696879
10.697688
10.697969
10.699439
10.700264
10.700742
10.702482
10.702906
10.707401
10.708294
10.709033
10.710251
10.710670
10.710741
10.711493
10.711554
10.712926
10.712986
10.713227
10.713372
10.714707
10.714903
10.715816
10.717146
10.717597
10.718955
10.719561
10.719639
10.719784
10.722268
10.723654
10.724398
10.725215
10.729975
10.730409
10.730563
10.731407
10.736872
10.737017
10.737170
10.737358
10.737557
10.738276
10.740982
10.741703
10.742899
10.744238
10.744873
10.745264
10.745605
10.746885
10.747688
10.748034
10.748457
10.752900
10.753013
10.753228
10.754599
10.754618
10.754658
10.756220
10.760108
10.760194
10.761111
10.762017
10.762864
10.763696
10.763747
10.764111
10.764329
10.769447
10.771025
10.772208
10.772581
10.773258
10.773860
10.773926
10.773948
10.775199
10.776365
10.777031
10.777541
10.777637
10.777639
10.778219
10.778547
10.779090
10.780898
10.782598
10.783024
10.784378
10.784966
10.784975
10.787538
10.789715
10.791383
10.792191
10.792889
10.794454
10.795564
10.795779
10.799122
10.799247
10.799442
10.800858
10.801293
10.801661
10.803066
10.803074
10.803793
10.804720
10.807046
10.808117
10.808986
10.810353
10.812401
10.813121
10.814315
10.815817
10.818032
10.818202
10.818984
10.819327
10.820032
10.821315
10.822875
10.823204
10.825739
10.826406
10.826490
10.826503
10.828886
10.831028
10.831982
10.833391
10.833760
10.834848
10.835385
10.835925
10.837469
10.838479
10.839481
10.839916
10.839998
10.840996
10.841369
10.844314
10.845283
10.846700
10.847852
10.848072
10.850772
10.850976
10.852198
10.852465
10.855721
10.858151
10.858308
10.859008
10.860213
10.861504
10.862301
10.865125
10.865868
10.866451
10.866990
10.868431
10.868901
10.869148
10.870431
10.871059
10.872842
10.873014
10.875125
10.875972
10.877542
10.878160
10.878215
10.878442
10.879814
10.880347
10.881544
10.883646
10.884205
10.885416
10.885419
10.886179
10.887312
10.888224
10.888480
10.890197
10.890445
10.891203
10.891686
10.892252
10.892265
10.892351
10.892658
10.892715
10.893224
10.893758
10.894004
10.898870
10.900209
10.900979
10.901618
10.902681
10.902749
10.902799
10.903337
10.904481
10.905901
10.907628
10.907704
10.909358
10.909535
10.909996
10.911084
10.911109
10.911787
10.911919
10.912242
10.912771
10.913663
10.914938
10.916060
10.917384
10.917992
10.918247
10.919748
10.920481
10.921099
10.921559
10.921743
10.921901
10.922013
10.922587
10.923767
10.924112
10.924582
10.925281
10.925929
10.926233
10.926534
10.926762
10.926865
10.930867
10.931413
10.932468
10.933248
10.933270
10.933870
10.934137
10.935242
10.936264
10.936983
10.937593
10.937880
10.938154
10.938471
10.939054
10.939825
10.940831
10.942600
10.943434
10.944442
10.945044
10.945518
10.945915
10.947085
10.950073
10.950690
10.951791
10.953107
10.953362
10.953839
10.954638
10.956761
10.956766
10.958382
10.958856
10.959620
10.961615
10.961704
10.961885
10.961962
10.962962
10.963804
10.963916
10.964071
10.964292
10.964860
10.967884
10.968323
10.968655
10.972296
10.973081
10.973337
10.973352
10.976504
10.976704
10.976852
10.976884
10.978189
10.978265
10.978653
10.978762
10.980145
10.980858
10.981197
10.981629
10.983296
10.984178
10.985233
10.985658
10.985726
10.986385
10.986411
10.986511
10.986970
10.987076
10.987128
10.987354
10.987602
10.987644
10.988480
10.989588
10.993804
10.993839
10.994718
10.994738
10.995904
10.996391
10.997322
10.997780
10.998219
10.999347
10.999598
11.000245
11.000849
11.001187
11.001307
11.002515
11.002657
11.004758
11.004889
11.005701
11.005756
11.006424
11.006620
11.009185
11.009863
11.010300
11.010921
11.011013
11.011486
11.011695
11.011931
11.012869
11.013133
11.015261
11.016804
11.016911
11.017206
11.017427
11.017499
11.017668
11.019087
11.020226
11.020796
11.021101
11.021566
11.021952
11.022408
11.025270
11.025424
11.026761
11.027475
11.028520
11.028549
11.029074
11.032590
11.032681
11.033481
11.034101
11.036271
11.036912
11.038066
11.040141
11.040441
11.044395
11.044637
11.045161
11.046021
11.046432
11.048010
11.048096
11.050217
11.050432
11.050992
11.052130
11.052504
11.053207
11.053585
11.053816
11.054841
11.054948
11.055118
11.055435
11.057133
11.058020
11.058091
11.058858
11.060956
11.061133
11.061271
11.061327
11.061360
11.061566
11.063167
11.063296
11.063326
11.063826
11.064509
11.064719
11.065337
11.065573
11.065836
11.066890
11.067264
11.067279
11.067528
11.068538
11.069476
11.069515
11.070330
11.072031
11.072577
11.072716
11.072825
11.073768
11.074313
11.074595
11.075475
11.075853
11.076577
11.076770
11.077072
11.078264
11.079288
11.079988
11.080598
11.080849
11.081139
11.081396
11.081698
11.082376
11.083682
11.083971
11.086109
11.087099
11.087445
11.088751
11.089524
11.092289
11.093569
11.093882
11.094585
11.095080
11.096406
11.098159
11.098307
11.098351
11.098790
11.098969
11.100439
11.100630
11.101035
11.101654
11.101879
11.102446
11.102681
11.103055
11.105042
11.105631
11.105732
11.106302
11.106696
11.107332
11.107819
11.107821
11.107863
11.108820
11.109430
11.111474
11.112226
11.112388
11.113205
11.113884
11.113894
11.114238
11.115528
11.116821
11.117334
11.118189
11.120238
11.120626
11.121692
11.122334
11.123154
11.123185
11.123811
11.124261
11.125121
11.126244
11.127312
11.127555
11.128334
11.128393
11.128911
11.129214
11.131773
11.131865
11.133238
11.134286
11.136040
11.137087
11.137826
11.138123
11.138188
11.138396
11.138428
11.139006
11.139310
11.141919
11.142415
11.142562
11.142920
11.143474
11.143904
11.143914
11.144538
11.144709
11.145510
11.145685
11.146322
11.146951
11.147396
11.147796
11.148319
11.150076
11.150269
11.150955
11.151044
11.151583
11.152073
11.153205
11.153555
11.155032
11.156581
11.156668
11.157248
11.157626
11.157659
11.158807
11.161926
11.163333
11.163445
11.163521
11.163992
11.164373
11.164909
11.165084
11.167708
11.167806
11.168112
11.171653
11.171721
11.171762
11.172914
11.173746
11.174266
11.175575
11.176016
11.176713
11.176777
11.177706
11.178057
11.179337
11.180809
11.181436
11.181573
11.181676
11.182537
11.182736
11.184276
11.184902
11.184949
11.185501
11.186126
11.188601
11.189198
11.191452
11.192288
11.194151
11.195747
11.196076
11.196233
11.196301
11.198005
11.198386
11.199135
11.199837
11.200078
11.200514
11.201134
11.201471
11.201705
11.202380
11.204708
11.204984
11.205424
11.205462
11.205676
11.206181
11.206489
11.209213
11.209651
11.210005
11.210240
11.210400
11.210772
11.211026
11.213285
11.213703
11.213751
11.214029
11.214848
11.215359
11.216542
11.217089
11.217194
11.217735
11.217965
11.218534
11.218995
11.219317
11.221161
11.221231
11.221351
11.221642
11.221668
11.225652
11.226069
11.226406
11.226555
11.228718
11.228959
11.229535
11.229815
11.230902
11.231140
11.232399
11.232662
11.232940
11.233550
11.233567
11.234033
11.234066
11.234746
11.234806
11.236592
11.237514
11.237698
11.237803
11.238682
11.241370
11.242685
11.242856
11.242890
11.244020
11.244136
11.244208
11.244278
11.244945
11.245088
11.245739
11.245834
11.246033
11.246761
11.247240
11.247265
11.247935
11.250492
11.250707
11.250975
11.251098
11.252019
11.252422
11.254066
11.254324
11.254890
11.255162
11.255287
11.257161
11.257485
11.257486
11.258300
11.258410
11.259835
11.260349
11.264265
11.264943
11.266215
11.266533
11.267216
11.267947
11.268236
11.269423
11.272638
11.272798
11.273139
11.273910
11.274117
11.274129
11.275659
11.275883
11.276239
11.277221
11.278334
11.278376
11.279957
11.280093
11.280149
11.280346
11.281331
11.283705
11.283786
11.283890
11.284358
11.284401
11.284463
11.286001
11.286113
11.286816
11.287407
11.289768
11.289771
11.289845
11.290074
11.290707
11.290931
11.291122
11.291388
11.291844
11.292214
11.292263
11.292876
11.293918
11.294161
11.294213
11.295144
11.296113
11.296765
11.297020
11.297667
11.298163
11.299514
11.299602
11.299779
11.300387
11.300817
11.301970
11.302344
11.302505
11.302654
11.303053
11.303472
11.303894
11.306002
11.306688
11.306837
11.307835
11.308722
11.312455
11.312944
11.314281
11.316135
11.316207
11.318439
11.318826
11.319068
11.319098
11.319972
11.320980
11.321195
11.321727
11.321914
11.322490
11.324455
11.325404
11.326618
11.326688
11.326868
11.327586
11.328608
11.329088
11.329423
11.330269
11.330894
11.331273
11.334352
11.338479
11.338573
11.338879
11.339574
11.339697
11.340087
11.340663
11.340751
11.341283
11.341443
11.341636
11.343010
11.343370
11.344329
11.345016
11.345319
11.345689
11.345702
11.346476
11.347169
11.347430
11.348185
11.348882
11.349001
11.349200
11.349946
11.349966
11.349972
11.350394
11.351466
11.354193
11.354871
11.354934
11.355487
11.355539
11.355747
11.356133
11.356364
11.356866
11.356874
11.356927
11.357310
11.357551
11.358056
11.358695
11.359564
11.360579
11.361911
11.362778
11.363880
11.364793
11.367392
11.368357
11.370719
11.371156
11.371171
11.371235
11.371786
11.371943
11.372271
11.372492
11.372622
11.372753
11.373078
11.373666
11.374178
11.374422
11.374673
11.375268
11.375417
11.376783
11.376788
11.376987
11.378353
11.379138
11.379146
11.379896
11.380280
11.380530
11.383179
11.383810
11.384799
11.384897
11.384980
11.386295
11.386467
11.386778
11.386795
11.387950
11.388259
11.388599
11.388613
11.388642
11.389496
11.389513
11.389693
11.390957
11.391555
11.391917
11.392745
11.393421
11.393494
11.394067
11.394476
11.394680
11.395265
11.397345
11.399440
11.399623
11.399624
11.402454
11.403176
11.403857
11.404952
11.406693
11.407810
11.408202
11.408825
11.409080
11.409270
11.409854
11.411177
11.411302
11.411662
11.412442
11.414412
11.414413
11.415343
11.415345
11.416157
11.416802
11.416876
11.417014
11.417858
11.418305
11.418621
11.418625
11.419477
11.419696
11.420313
11.421173
11.424736
11.425280
11.426893
11.426899
11.427467
11.427649
11.428436
11.429334
11.430447
11.431629
11.431747
11.431755
11.432077
11.432134
11.432518
11.434581
11.434689
11.435188
11.435553
11.436845
11.436899
11.438419
11.439188
11.440490
11.442085
11.442118
11.442824
11.443269
11.443802
11.444448
11.444470
11.444618
11.445385
11.445392
11.445720
11.446012
11.446306
11.447062
11.447453
11.447464
11.448009
11.451798
11.452027
11.452733
11.454648
11.455060
11.455418
11.455432
11.455940
11.456865
11.458354
11.459510
11.459780
11.460404
11.460572
11.460895
11.461001
11.461123
11.461565
11.461821
11.463023
11.463478
11.464095
11.464155
11.464237
11.465535
11.465923
11.466662
11.467244
11.468091
11.468533
11.469589
11.469627
11.470081
11.470201
11.471173
11.472069
11.472967
11.473880
11.475236
11.475631
11.475820
11.475924
11.476175
11.476772
11.476939
11.477023
11.477943
11.478786
11.478912
11.479368
11.479371
11.479392
11.479646
11.479787
11.480271
11.480281
11.481175
11.481222
11.482578
11.482789
11.482934
11.483663
11.484265
11.484460
11.485170
11.485559
11.486233
11.486659
11.487370
11.488636
11.489302
11.489347
11.489755
11.489870
11.490248
11.490260
11.491133
11.492039
11.493721
11.494217
11.494385
11.495082
11.495668
11.495948
11.495991
11.496558
11.496958
11.497570
11.498772
11.498846
11.499331
11.499380
11.500450
11.501083
11.501084
11.501486
11.502726
11.502990
11.504391
11.504609
11.504725
11.505978
11.507191
11.507799
11.507941
11.508266
11.509006
11.509222
11.509873
11.509880
11.510160
11.511929
11.512547
11.513227
11.513264
11.514086
11.514422
11.514574
11.514579
11.515795
11.516001
11.517089
11.517579
11.518581
11.519038
11.519300
11.519331
11.519450
11.520055
11.520350
11.520422
11.520817
11.521060
11.522246
11.522410
11.523541
11.523628
11.523862
11.523863
11.524098
11.524140
11.525713
11.527590
11.528843
11.530796
11.531607
11.532205
11.532581
11.535371
11.535456
11.535683
11.536440
11.538498
11.539215
11.539238
11.539463
11.539628
11.540109
11.540387
11.541670
11.541689
11.542201
11.542839
11.543540
11.543825
11.543901
11.544207
11.544217
11.544854
11.544982
11.545075
11.545114
11.545235
11.545275
11.545301
11.545663
11.545704
11.546242
11.546498
11.547970
11.548034
11.548967
11.549055
11.549277
11.549283
11.549573
11.549715
11.551848
11.552514
11.553863
11.555204
11.555856
11.555916
11.557442
11.558919
11.559018
11.559064
11.559581
11.559935
11.559939
11.560336
11.560691
11.560758
11.561733
11.561839
11.562549
11.562723
11.562738
11.563024
11.563468
11.563868
11.564142
11.564226
11.566346
11.568462
11.568760
11.569077
11.569279
11.569917
11.570062
11.571250
11.572489
11.573487
11.573869
11.575586
11.575623
11.575716
11.575733
11.576129
11.576797
11.576804
11.577067
11.577434
11.577542
11.577980
11.578123
11.579278
11.579570
11.579652
11.579709
11.580051
11.582106
11.583227
11.583289
11.583718
11.584119
11.584133
11.584454
11.584863
11.586400
11.587055
11.587261
11.587345
11.588861
11.589339
11.590131
11.590544
11.591654
11.591734
11.591769
11.592869
11.593261
11.593724
11.594073
11.594185
11.595756
11.596082
11.596341
11.597196
11.597469
11.598652
11.599359
11.599646
11.599702
11.599763
11.600364
11.603962
11.604364
11.604739
11.604892
11.605693
11.608140
11.609035
11.609603
11.610298
11.611064
11.611503
11.611572
11.612552
11.613001
11.613808
11.614061
11.614150
11.614978
11.615230
11.616276
11.616988
11.617124
11.617249
11.617655
11.617883
11.617949
11.618440
11.619251
11.619490
11.619587
11.619725
11.620386
11.620817
11.621207
11.621320
11.621714
11.625150
11.625314
11.625419
11.626256
11.626552
11.627235
11.628807
11.628869
11.629169
11.629323
11.629930
11.630240
11.630241
11.631418
11.633377
11.633824
11.634607
11.634911
11.638192
11.638323
11.638455
11.638589
11.638940
11.639521
11.639923
11.640239
11.640377
11.640591
11.641366
11.641424
11.642711
11.642776
11.642936
11.643555
11.643636
11.644175
11.644288
11.645204
11.645420
11.646146
11.648033
11.649245
11.650321
11.650451
11.651711
11.652161
11.653829
11.655122
11.655441
11.655639
11.657175
11.657975
11.658548
11.659738
11.660744
11.660944
11.660995
11.662078
11.663168
11.664067
11.665211
11.665519
11.666350
11.667136
11.667185
11.668660
11.668927
11.669195
11.669353
11.671589
11.671609
11.673826
11.674511
11.675595
11.676129
11.676190
11.676431
11.676719
11.677046
11.677525
11.678020
11.678260
11.678661
11.678791
11.678913
11.679916
11.680419
11.680513
11.680585
11.680588
11.680689
11.681123
11.681587
11.681759
11.681760
11.682898
11.683079
11.683927
11.685350
11.687201
11.687784
11.688001
11.688245
11.688326
11.688707
11.691323
11.691598
11.692426
11.692487
11.692726
11.692926
11.693089
11.693313
11.693493
11.693907
11.696274
11.696585
11.696976
11.697096
11.697183
11.698054
11.699541
11.700079
11.701356
11.701416
11.701891
11.703208
11.703563
11.703663
11.703849
11.704379
11.706866
11.707479
11.708156
11.708424
11.708502
11.708620
11.708846
11.709559
11.709661
11.709662
11.710074
11.712056
11.712256
11.713989
11.714011
11.715117
11.715164
11.716162
11.717062
11.717777
11.717854
11.718821
11.720185
11.721655
11.722228
11.722432
11.723493
11.724352
11.724644
11.724866
11.726201
11.726237
11.726615
11.727320
11.728023
11.728101
11.728250
11.728333
11.728370
11.728981
11.729499
11.729570
11.730777
11.731072
11.731194
11.731486
11.731682
11.731722
11.731804
11.732174
11.732752
11.734028
11.734130
11.735015
11.736245
11.739600
11.740378
11.741619
11.741672
11.741776
11.742457
11.742697
11.742844
11.743232
11.744106
11.744210
11.744300
11.746242
11.746431
11.748230
11.749588
11.752036
11.752572
11.753308
11.754134
11.754377
11.754750
11.754939
11.756010
11.756853
11.757552
11.758131
11.758447
11.759288
11.759362
11.760780
11.761079
11.761177
11.761973
11.762165
11.762171
11.762772
11.763833
11.764342
11.764567
11.764847
11.765280
11.766253
11.766558
11.767056
11.767751
11.770389
11.770891
11.771836
11.773193
11.774526
11.775256
11.775438
11.777461
11.777483
11.777692
11.778002
11.778255
11.780420
11.780636
11.781078
11.781187
11.781568
11.781822
11.782305
11.782948
11.783823
11.783998
11.785199
11.785259
11.785972
11.786160
11.786336
11.786566
11.786960
11.787249
11.787860
11.788751
11.788819
11.788935
11.789001
11.789066
11.789131
11.791383
11.791809
11.792435
11.792893
11.793516
11.793518
11.793734
11.793865
11.793996
11.794263
11.795893
11.796411
11.796988
11.797106
11.797219
11.798037
11.798250
11.798393
11.799007
11.799027
11.799307
11.801635
11.803091
11.803862
11.804018
11.804154
11.805559
11.805958
11.805967
11.806489
11.806869
11.806876
11.807283
11.807787
11.808690
11.810126
11.810280
11.811064
11.812081
11.812140
11.812189
11.812192
11.812417
11.812905
11.813125
11.813508
11.813828
11.814697
11.815038
11.815162
11.815316
11.816021
11.816335
11.816661
11.816936
11.817628
11.817821
11.817825
11.820288
11.820965
11.821211
11.822395
11.822801
11.823129
11.824196
11.824628
11.825399
11.826315
11.826483
11.826668
11.827845
11.828402
11.828547
11.828682
11.829445
11.830285
11.830403
11.830770
11.830846
11.831130
11.831279
11.832793
11.833081
11.833407
11.833931
11.834415
11.834472
11.835802
11.836760
11.838165
11.838192
11.838515
11.838602
11.841538
11.842629
11.843335
11.843512
11.843682
11.843898
11.843993
11.844563
11.847226
11.847295
11.848978
11.852052
11.852224
11.855283
11.855304
11.855460
11.855813
11.856205
11.856603
11.856794
11.856855
11.858027
11.859344
11.860490
11.862195
11.862780
11.862872
11.864070
11.864783
11.865384
11.865458
11.865800
11.866021
11.867388
11.868196
11.868583
11.869193
11.872084
11.872243
11.872777
11.872855
11.873046
11.873169
11.873285
11.873787
11.874333
11.874815
11.875034
11.877704
11.878582
11.879204
11.879786
11.880042
11.880541
11.880857
11.881124
11.881439
11.881884
11.882735
11.882765
11.883153
11.883559
11.883804
11.884121
11.884251
11.884709
11.885261
11.885820
11.887161
11.888559
11.888992
11.889480
11.889851
11.891253
11.892729
11.893275
11.893312
11.893897
11.894687
11.894856
11.895654
11.896040
11.896204
11.896619
11.897152
11.897345
11.898739
11.899434
11.901452
11.901611
11.902135
11.902338
11.902502
11.903163
11.903915
11.904197
11.906517
11.906630
11.906948
11.907661
11.908053
11.909060
11.909287
11.911000
11.911901
11.912560
11.913372
11.913931
11.914399
11.914489
11.914746
11.914817
11.915139
11.915923
11.916163
11.916924
11.917138
11.918039
11.918100
11.918715
11.920144
11.920382
11.921045
11.923131
11.924124
11.925050
11.925137
11.926208
11.926715
11.926752
11.926921
11.927523
11.927710
11.927872
11.927980
11.928730
11.930218
11.930557
11.930718
11.932034
11.934570
11.935046
11.935731
11.935759
11.937595
11.938375
11.938780
11.939707
11.939930
11.940183
11.941108
11.941304
11.942071
11.942110
11.942435
11.944202
11.945151
11.945570
11.946015
11.946050
11.947718
11.948070
11.948897
11.949049
11.949100
11.949705
11.949921
11.951445
11.951498
11.951654
11.951799
11.951801
11.952502
11.952940
11.954241
11.954510
11.954663
11.955215
11.955381
11.956371
11.957941
11.958498
11.958859
11.959631
11.959986
11.960776
11.960994
11.961592
11.962173
11.962403
11.962694
11.963992
11.964351
11.965047
11.965817
11.966023
11.967078
11.967326
11.967362
11.967508
11.967677
11.968529
11.969420
11.969587
11.969843
11.969928
11.970137
11.970300
11.970602
11.971024
11.971169
11.972319
11.972598
11.973165
11.973834
11.973965
11.975246
11.975267
11.976692
11.976737
11.977023
11.977163
11.978259
11.979362
11.979366
11.979483
11.979799
11.980577
11.980661
11.981217
11.981699
11.981843
11.982653
11.983465
11.984907
11.984948
11.985944
11.986751
11.987076
11.987350
11.987570
11.988115
11.988484
11.990525
11.990554
11.991922
11.991990
11.992357
11.994387
11.994503
11.994566
11.995203
11.995461
11.998531
11.998823
11.999703
12.000294
12.000834
12.001171
12.001347
12.002435
12.002584
12.002844
12.004501
12.004658
12.004919
12.006046
12.006538
12.006590
12.006966
12.007068
12.007226
12.008215
12.008306
12.008364
12.009010
12.009100
12.009417
12.009435
12.009605
12.011434
12.011518
12.011815
12.011991
12.012150
12.012655
12.013058
12.013378
12.013445
12.013551
12.014224
12.015698
12.015827
12.016185
12.016784
12.016827
12.017058
12.017509
12.017653
12.018205
12.018422
12.018432
12.018528
12.018573
12.018719
12.019433
12.021193
12.023425
12.023543
12.024614
12.024616
12.025158
12.025391
12.025475
12.026002
12.026093
12.026919
12.027076
12.027635
12.027702
12.028333
12.029161
12.029870
12.030067
12.031169
12.031832
12.032316
12.032472
12.033141
12.033817
12.033989
12.034196
12.034348
12.035120
12.035799
12.035899
12.036091
12.036371
12.036623
12.036719
12.037210
12.038030
12.038969
12.040569
12.040686
12.040776
12.041073
12.041288
12.042029
12.042123
12.042290
12.042686
12.043190
12.043566
12.043748
12.044831
12.045351
12.045412
12.046519
12.046748
12.047004
12.047346
12.047461
12.047756
12.047812
12.048943
12.049376
12.049940
12.051500
12.052122
12.052418
12.052698
12.052762
12.053281
12.053363
12.054328
12.055994
12.056756
12.057172
12.057224
12.057413
12.057716
12.058803
12.059196
12.059304
12.059329
12.059536
12.059756
12.059766
12.060666
12.061039
12.061046
12.061275
12.061288
12.061604
12.061847
12.061900
12.063072
12.063259
12.063675
12.064194
12.064414
12.064583
12.065186
12.066322
12.066432
12.066810
12.066862
12.067399
12.067800
12.069663
12.069981
12.070210
12.070580
12.071013
12.071054
12.072656
12.073203
12.073283
12.073407
12.073687
12.073836
12.074018
12.074476
12.074688
12.077308
12.077538
12.077971
12.079331
12.079346
12.079881
12.080256
12.080925
12.081023
12.081421
12.081442
12.085178
12.086387
12.086441
12.086526
12.086739
12.087108
12.087612
12.087820
12.088203
12.088868
12.088916
12.088975
12.090227
12.090705
12.090829
12.091677
12.093671
12.096157
12.096193
12.097630
12.097719
12.098662
12.098999
12.099806
12.100017
12.100137
12.102131
12.102386
12.102534
12.102677
12.103407
12.104478
12.105124
12.106004
12.106113
12.106553
12.106841
12.106927
12.108015
12.108949
12.110285
12.110920
12.111183
12.113422
12.113568
12.114801
12.116086
12.116792
12.116970
12.117619
12.117909
12.118103
12.118831
12.120228
12.120378
12.121067
12.121444
12.122029
12.122720
12.122754
12.122763
12.122913
12.123309
12.123459
12.123562
12.123621
12.123683
12.123735
12.124177
12.125395
12.125527
12.125906
12.126345
12.126973
12.127711
12.128081
12.128824
12.129230
12.129460
12.130805
12.131449
12.132060
12.132214
12.133064
12.133471
12.133510
12.133904
12.134185
12.134590
12.134721
12.135364
12.135756
12.136364
12.136736
12.136978
12.137383
12.137757
12.138398
12.138505
12.138741
12.138883
12.139342
12.139394
12.139409
12.139926
12.140898
12.141514
12.141736
12.141764
12.141766
12.142308
12.142642
12.144808
12.145076
12.145283
12.146337
12.146664
12.146678
12.147343
12.147344
12.148032
12.148431
12.148499
12.149041
12.149417
12.149845
12.150088
12.150651
12.151424
12.151687
12.151869
12.151924
12.152852
12.153605
12.154791
12.155583
12.155704
12.155736
12.156298
12.156388
12.156709
12.156925
12.156978
12.157691
12.158600
12.158812
12.159190
12.161554
12.161729
12.162197
12.162603
12.162955
12.165192
12.165576
12.165988
12.166585
12.167078
12.168592
12.168941
12.170191
12.170403
12.171150
12.172424
12.172908
12.173853
12.173949
12.173965
12.174459
12.175729
12.175786
12.176386
12.176941
12.178510
12.179263
12.180110
12.180146
12.180589
12.180649
12.180660
12.181929
12.182367
12.182717
12.182906
12.183571
12.183753
12.183909
12.185527
12.185796
12.186659
12.187015
12.187593
12.188037
12.188330
12.188622
12.190058
12.191229
12.191935
12.192044
12.192101
12.192257
12.193320
12.193487
12.193759
12.193938
12.194129
12.195762
12.195766
12.195811
12.196511
12.197901
12.198137
12.198384
12.198639
12.198802
12.200115
12.200163
12.201254
12.201319
12.201860
12.203803
12.204091
12.204179
12.204220
12.205270
12.205369
12.206036
12.206645
12.207711
12.208117
12.208171
12.208248
12.208717
12.209662
12.209861
12.211070
12.211197
12.211352
12.211597
12.212345
12.212705
12.212811
12.213497
12.214294
12.214661
12.215528
12.217256
12.217439
12.217943
12.218127
12.218511
12.220074
12.220391
12.220660
12.221338
12.221613
12.221732
12.222662
12.222890
12.224002
12.224117
12.224175
12.225101
12.225507
12.226316
12.227622
12.228122
12.228269
12.228961
12.229201
12.229246
12.229464
12.229907
12.230192
12.230519
12.230664
12.232556
12.232910
12.233483
12.233707
12.234520
12.234785
12.234849
12.235201
12.235319
12.235532
12.236310
12.236555
12.236853
12.237118
12.237706
12.238768
12.239511
12.239530
12.239785
12.240629
12.240757
12.240835
12.241338
12.241446
12.242394
12.243325
12.243339
12.243548
12.243618
12.244668
12.244824
12.244996
12.246787
12.247132
12.249411
12.250040
12.250162
12.250806
12.251827
12.252174
12.253557
12.253780
12.253785
12.253849
12.254897
12.254982
12.255594
12.255778
12.256482
12.257488
12.257681
12.257776
12.259097
12.259891
12.260150
12.260850
12.262933
12.263351
12.263559
12.263864
12.264932
12.265123
12.265599
12.266442
12.266612
12.266785
12.267258
12.268200
12.268248
12.268435
12.268565
12.268584
12.268594
12.269156
12.269355
12.269765
12.270262
12.270741
12.271071
12.271482
12.271792
12.271920
12.272120
12.274161
12.274221
12.274629
12.274662
12.275038
12.275112
12.278542
12.278606
12.278721
12.278889
12.279264
12.280024
12.280434
12.281287
12.281412
12.281482
12.283881
12.284138
12.284188
12.284276
12.284512
12.284541
12.284698
12.285324
12.287964
12.288081
12.288509
12.288562
12.289025
12.289341
12.290953
12.291611
12.292435
12.294141
12.294572
12.294590
12.295432
12.295465
12.295538
12.296842
12.297998
12.298490
12.299056
12.299163
12.300626
12.303432
12.304062
12.304185
12.304450
12.305263
12.305466
12.305875
12.306002
12.306302
12.306940
12.307745
12.307997
12.308849
12.309440
12.309723
12.310957
12.311391
12.311405
12.311638
12.311915
12.312092
12.312266
12.313051
12.313370
12.313622
12.313793
12.313971
12.315124
12.315700
12.315722
12.315826
12.316089
12.316201
12.316254
12.316339
12.317047
12.317289
12.317388
12.317545
12.318284
12.318552
12.318618
12.320240
12.320349
12.321049
12.321641
12.321769
12.322210
12.323395
12.323731
12.324774
12.325284
12.325426
12.325541
12.325619
12.326215
12.327032
12.327129
12.327353
12.327723
12.327901
12.327994
12.328126
12.328182
12.329761
12.330044
12.330495
12.331911
12.332279
12.332403
12.333117
12.333214
12.333966
12.334231
12.334297
12.334301
12.334863
12.334957
12.335690
12.335903
12.336291
12.337440
12.338570
12.339557
12.339780
12.340714
12.340855
12.342296
12.342506
12.343586
12.344231
12.344770
12.345001
12.345630
12.345713
12.346231
12.346689
12.346718
12.346723
12.346986
12.347166
12.347622
12.347799
12.347952
12.348556
12.349135
12.349442
12.349957
12.351250
12.351966
12.352254
12.352264
12.353013
12.353129
12.353234
12.354579
12.354885
12.355418
12.356075
12.356303
12.357594
12.358178
12.358545
12.358748
12.358959
12.359547
12.360066
12.360126
12.361451
12.361795
12.362216
12.362467
12.362955
12.363199
12.363651
12.363709
12.363741
12.365111
12.365370
12.366496
12.366935
12.367516
12.368073
12.368636
12.368766
12.369382
12.370547
12.370968
12.371949
12.372299
12.373219
12.373425
12.373507
12.374571
12.374919
12.374997
12.376126
12.376349
12.376659
12.377167
12.378702
12.378956
12.379513
12.379766
12.379817
12.380011
12.380493
12.380827
12.380884
12.381339
12.382231
12.382605
12.382890
12.383295
12.383923
12.384953
12.385359
12.386321
12.387177
12.388497
12.389075
12.389186
12.389695
12.391532
12.391905
12.392121
12.392402
12.392576
12.393469
12.393469
12.394161
12.394711
12.394859
12.395425
12.395611
12.395656
12.395713
12.396567
12.396879
12.397118
12.397802
12.399276
12.399401
12.399897
12.400571
12.402575
12.402796
12.402822
12.403014
12.403284
12.403591
12.404206
12.404245
12.404270
12.405899
12.405958
12.406416
12.407285
12.407341
12.408028
12.408843
12.409164
12.409262
12.410130
12.410922
12.411748
12.412370
12.413134
12.413742
12.414607
12.415854
12.417006
12.418269
12.418424
12.419042
12.419231
12.419293
12.419904
12.420005
12.420013
12.420976
12.421307
12.421355
12.421937
12.424658
12.425543
12.426295
12.426497
12.427036
12.427933
12.428969
12.429154
12.430078
12.430255
12.430682
12.431065
12.431290
12.432362
12.432899
12.433673
12.433808
12.434523
12.434617
12.434757
12.434876
12.435590
12.435827
12.435931
12.436351
12.436649
12.436939
12.437136
12.437364
12.437388
12.437542
12.437968
12.438133
12.438574
12.438874
12.439441
12.440104
12.440292
12.440611
12.441062
12.441065
12.441312
12.441646
12.442502
12.442772
12.442841
12.442864
12.443799
12.443822
12.444357
12.444744
12.444836
12.445034
12.445484
12.446201
12.447007
12.447242
12.447263
12.447473
12.447762
12.448001
12.450427
12.451736
12.452275
12.453964
12.454155
12.454535
12.454781
12.455368
12.456664
12.457481
12.458621
12.458686
12.459307
12.459564
12.459957
12.460426
12.461483
12.461842
12.462893
12.464326
12.465096
12.466009
12.466573
12.467748
12.467831
12.468360
12.471095
12.471894
12.472674
12.473363
12.474035
12.475131
12.475236
12.475790
12.475919
12.478162
12.478603
12.479422
12.480381
12.480658
12.480717
12.481039
12.482350
12.482474
12.484528
12.485854
12.486013
12.486341
12.486449
12.487107
12.488882
12.489757
12.489948
12.490016
12.490843
12.491446
12.492197
12.492451
12.492927
12.493099
12.493519
12.493583
12.494236
12.494891
12.494972
12.496335
12.496655
12.497065
12.497250
12.499130
12.499513
12.499845
12.500077
12.500908
12.501528
12.502905
12.503236
12.503789
12.504345
12.505133
12.505343
12.505497
12.507514
12.507879
12.509007
12.509402
12.509850
12.509931
12.511610
12.511830
12.511865
12.512314
12.512936
12.513171
12.513362
12.513449
12.514010
12.514373
12.514739
12.514832
12.515015
12.515375
12.515693
12.515728
12.516189
12.516463
12.516899
12.517559
12.518029
12.519357
12.519451
12.519911
12.519964
12.520049
12.520933
12.521281
12.521815
12.523305
12.523387
12.523446
12.523920
12.523952
12.524522
12.524570
12.525123
12.525892
12.526008
12.527488
12.527576
12.528201
12.528780
12.529189
12.529247
12.529610
12.530270
12.531344
12.531506
12.532168
12.532495
12.532860
12.532895
12.532907
12.533332
12.533414
12.533738
12.534262
12.534388
12.534402
12.534725
12.534975
12.535232
12.535368
12.536915
12.537123
12.537411
12.537492
12.538513
12.538757
12.539273
12.539515
12.540104
12.540445
12.540551
12.541816
12.541930
12.542874
12.542950
12.543837
12.544054
12.546070
12.547319
12.547342
12.547862
12.548822
12.549587
12.551346
12.551953
12.552011
12.552234
12.552875
12.557426
12.557829
12.558532
12.558928
12.559310
12.560270
12.560532
12.561733
12.562211
12.562231
12.562878
12.562999
12.563980
12.564056
12.565716
12.565969
12.566042
12.567225
12.568295
12.568988
12.572382
12.572433
12.572509
12.572966
12.573439
12.573678
12.573910
12.574223
12.574841
12.577279
12.578206
12.578334
12.578721
12.579984
12.580105
12.580572
12.580807
12.580974
12.581182
12.581726
12.581730
12.582706
12.583773
12.584150
12.585817
12.586004
12.586102
12.586505
12.586997
12.587178
12.587437
12.589018
12.589183
12.590102
12.590391
12.591202
12.591696
12.592944
12.593128
12.595231
12.595249
12.595291
12.595376
12.596644
12.597470
12.598405
12.598901
12.599586
12.600178
12.601676
12.602556
12.603306
12.604920
12.605153
12.607275
12.607555
12.607614
12.607838
12.608010
12.608939
12.610442
12.610627
12.610783
12.610848
12.611487
12.612112
12.612688
12.612728
12.613428
12.614653
12.614717
12.616080
12.616105
12.616818
12.616935
12.617175
12.619576
12.620054
12.620815
12.620820
12.621474
12.621994
12.622646
12.622814
12.624212
12.625478
12.625644
12.625960
12.626714
12.627610
12.628926
12.629423
12.629900
12.630891
12.632027
12.632036
12.632117
12.632573
12.632758
12.633320
12.633643
12.633982
12.634167
12.635250
12.635328
12.635707
12.637277
12.639142
12.639688
12.640225
12.640899
12.641376
12.641396
12.642941
12.643460
12.644150
12.645067
12.645452
12.645937
12.646576
12.647392
12.647640
12.648578
12.648590
12.649548
12.649719
12.649737
12.649949
12.650087
12.650598
12.651030
12.652210
12.652349
12.653446
12.653610
12.654905
12.654917
12.655721
12.655934
12.656904
12.656960
12.657825
12.660462
12.660861
12.661484
12.661765
12.661984
12.662156
12.662275
12.663954
12.665822
12.666585
12.667108
12.667275
12.667728
12.667745
12.667931
12.667933
12.668506
12.670350
12.670956
12.671098
12.672316
12.672448
12.672551
12.672594
12.673161
12.674114
12.675138
12.675310
12.675813
12.676311
12.676364
12.677355
12.677911
12.677997
12.678206
12.678405
12.679881
12.679954
12.680130
12.680257
12.680545
12.680907
12.681124
12.681757
12.682166
12.682176
12.683455
12.683681
12.684602
12.685211
12.685688
12.686169
12.687336
12.687951
12.688712
12.690516
12.690934
12.691003
12.692043
12.692966
12.693408
12.693468
12.693779
12.693904
12.694073
12.694225
12.694292
12.694336
12.694418
12.694471
12.695171
12.695973
12.697021
12.697225
12.697817
12.698483
12.699306
12.699693
12.700168
12.700423
12.700431
12.700548
12.701032
12.701960
12.702546
12.703058
12.704509
12.704877
12.705564
12.706292
12.707007
12.707966
12.707974
12.708865
12.709243
12.709556
12.709949
12.709983
12.710328
12.710393
12.710541
12.711656
12.712167
12.714005
12.715189
12.716138
12.716168
12.716747
12.717085
12.717440
12.717538
12.717541
12.718456
12.718775
12.719374
12.720716
12.720853
12.721225
12.721424
12.721461
12.721533
12.722418
12.722793
12.723231
12.724124
12.724292
12.724819
12.725606
12.726786
12.727405
12.727759
12.728262
12.728426
12.729398
12.729677
12.729912
12.730554
12.730729
12.730753
12.732164
12.732689
12.733088
12.733479
12.733654
12.733672
12.733992
12.734361
12.734671
12.735106
12.735575
12.735864
12.737710
12.737823
12.738489
12.740456
12.740756
12.741536
12.742133
12.742188
12.742738
12.742949
12.743674
12.743752
12.744367
12.746687
12.746696
12.747455
12.748050
12.748338
12.748974
12.749092
12.750091
12.750133
12.750812
12.751054
12.752636
12.753582
12.754152
12.754185
12.754817
12.755562
12.755690
12.756185
12.756853
12.757005
12.757484
12.759359
12.759560
12.761127
12.761755
12.762166
12.762562
12.763515
12.763548
12.763569
12.764408
12.764626
12.765347
12.767571
12.768752
12.768788
12.768888
12.769142
12.769851
12.769917
12.769917
12.770486
12.771504
12.771524
12.772154
12.774085
12.774811
12.775542
12.776491
12.777119
12.778297
12.778349
12.779078
12.779090
12.779256
12.779840
12.781420
12.782218
12.782463
12.782621
12.782671
12.783247
12.783282
12.786583
12.787256
12.788144
12.788396
12.789459
12.789847
12.789984
12.790737
12.790764
12.791036
12.791142
12.791243
12.791310
12.791316
12.792286
12.792349
12.792395
12.792483
12.793180
12.793324
12.793330
12.794005
12.794119
12.794909
12.794976
12.795268
12.795853
12.796075
12.796160
12.796965
12.797822
12.799464
12.800716
12.801437
12.802538
12.803783
12.804250
12.805540
12.805606
12.806170
12.806279
12.807188
12.807211
12.807353
12.807810
12.807943
12.807951
12.808385
12.809088
12.809855
12.809962
12.810037
12.810914
12.811049
12.811057
12.814086
12.814905
12.816915
12.817488
12.817600
12.818039
12.818097
12.820027
12.821154
12.821885
12.822537
12.822824
12.823478
12.823607
12.823636
12.823712
12.823838
12.824286
12.825252
12.825320
12.825933
12.828071
12.828324
12.829139
12.830103
12.830143
12.830154
12.830274
12.830427
12.830966
12.831057
12.831499
12.832034
12.832432
12.832626
12.833369
12.833570
12.833798
12.833806
12.834107
12.834833
12.834900
12.834982
12.836644
12.837132
12.838133
12.838472
12.838748
12.838909
12.839469
12.839635
12.839843
12.841352
12.842963
12.844720
12.844743
12.845045
12.845068
12.845841
12.845939
12.846214
12.846627
12.846882
12.847600
12.848446
12.849221
12.849545
12.849566
12.850068
12.850274
12.850732
12.851365
12.851547
12.852068
12.852143
12.852166
12.852740
12.854169
12.855678
12.855733
12.856717
12.856723
12.856731
12.857342
12.857425
12.857919
12.858606
12.858912
12.859088
12.859772
12.860044
12.860225
12.860300
12.860516
12.861179
12.861920
12.862881
12.862895
12.863145
12.863649
12.865471
12.865673
12.866004
12.868407
12.869479
12.869610
12.869614
12.870262
12.870342
12.871325
12.872774
12.873116
12.873834
12.874102
12.874572
12.875158
12.875342
12.875460
12.875801
12.876398
12.877501
12.878938
12.879170
12.880877
12.880915
12.881426
12.881954
12.883179
12.884250
12.885050
12.887052
12.887916
12.892854
12.894480
12.896132
12.896769
12.897909
12.899417
12.901127
12.902284
12.902435
12.902483
12.902807
12.903292
12.903556
12.903888
12.904081
12.904701
12.905185
12.905210
12.905509
12.906123
12.906970
12.907701
12.908279
12.908748
12.908769
12.909533
12.910727
12.911130
12.911414
12.911827
12.912251
12.913664
12.914060
12.914096
12.914356
12.914596
12.915366
12.915376
12.915874
12.916223
12.918446
12.918479
12.919471
12.919495
12.921486
12.924178
12.926352
12.926722
12.926983
12.927679
12.927950
12.928344
12.928549
12.928606
12.928823
12.929438
12.929505
12.929775
12.929898
12.929983
12.932164
12.932609
12.933033
12.933167
12.934559
12.934965
12.935431
12.935529
12.935674
12.936487
12.938068
12.939128
12.939232
12.939556
12.941972
12.942942
12.945184
12.945745
12.947753
12.947762
12.948035
12.948664
12.949022
12.950128
12.953897
12.955072
12.957114
12.957507
12.958625
12.959762
12.960273
12.961688
12.963711
12.964804
12.966262
12.968222
12.970130
12.970694
12.971285
12.972307
12.972393
12.975109
12.975913
12.977874
12.978270
12.982703
12.983119
12.983605
12.984745
12.988658
12.988935
12.989561
12.990895
12.990951
12.991687
12.991799
12.991884
12.991996
12.992026
12.992794
12.993670
12.994829
12.997444
12.999418
13.000701
13.001116
13.001143
13.002353
13.004204
13.005694
13.006505
13.006556
13.006885
13.007075
13.007151
13.008779
13.009038
13.009349
13.010567
13.011995
13.013267
13.014565
13.017776
13.019116
13.019762
13.022572
13.023473
13.024112
13.025757
13.026721
13.027035
13.027333
13.029635
13.032249
13.037261
13.038338
13.039578
13.045757
13.046191
13.048167
13.050829
13.051049
13.053751
13.056980
13.059085
13.062666
13.063699
13.064959
13.071087
13.072082
13.075280
13.077929
13.078564
13.081378
13.081688
13.082037
13.083744
13.085384
13.086565
13.088367
13.088512
13.089630
13.091577
13.092715
13.095804
13.098064
13.098752
13.103107
13.104267
13.104357
13.107200
13.110616
13.113575
13.118629
13.119641
13.120146
13.123977
13.127249
13.127870
13.128028
13.129773
13.129891
13.130585
13.131454
13.132744
13.133225
13.135039
13.135773
13.135917
13.139913
13.140409
13.143344
13.146223
13.146474
13.148565
13.150784
13.151045
13.153110
13.153398
13.153694
13.156779
13.162771
13.165951
13.169427
13.170243
13.170441
13.171752
13.174356
13.175930
13.179018
13.179323
13.180943
13.181313
13.182110
13.183715
13.184716
13.185287
13.185447
13.185619
13.185619
13.185620
13.185621
13.185626
13.185627
