1.000000
1.469053
1.529434
1.764938
1.847376
2.052751
2.122073
2.198267
2.216966
2.351892
2.357674
2.532491
2.580230
2.724097
2.755178
2.804166
2.890069
3.132260
3.132512
3.135162
3.137035
3.249454
3.341237
3.496661
3.518191
3.540466
3.584660
3.619376
4.109780
4.305577
4.532778
4.557111
4.644627
4.676612
4.677704
4.777589
4.812772
4.822900
4.863051
4.868452
4.890467
4.966663
4.996485
4.997629
5.044685
5.050744
5.073895
5.144100
5.147372
5.153431
5.158835
5.213027
5.252552
5.253681
5.299447
5.303398
5.337450
5.344324
5.405591
5.439414
5.521267
5.544066
5.551179
5.552382
5.566486
5.567043
5.598821
5.628811
5.630951
5.636684
5.689750
5.692138
5.728161
5.731890
5.745770
5.767575
5.784156
5.797957
5.799531
5.815326
5.816589
5.826796
5.851976
5.880359
5.884953
5.891891
5.909039
5.915756
5.925150
5.937425
5.938122
5.953352
5.957110
5.964596
5.969795
5.975766
5.989195
6.009414
6.012219
6.028852
6.031294
6.033070
6.037460
6.050227
6.055470
6.073585
6.078022
6.083207
6.084889
6.091056
6.092469
6.097683
6.101823
6.104250
6.110163
6.110163
6.117559
6.119329
6.123426
6.124586
6.124922
6.128215
6.140793
6.152449
6.154799
6.155348
6.158735
6.165406
6.171142
6.173298
6.176556
6.182531
6.182887
6.186176
6.191205
6.194013
6.195030
6.197041
6.197618
6.207747
6.208941
6.214496
6.224934
6.234447
6.235655
6.236795
6.237682
6.239279
6.251640
6.254513
6.254800
6.259442
6.263478
6.263825
6.267542
6.268945
6.277977
6.278436
6.278694
6.280926
6.281086
6.284861
6.292721
6.292820
6.312121
6.314755
6.315825
6.316729
6.318141
6.318490
6.320089
6.320402
6.323939
6.332645
6.333206
6.333500
6.335351
6.337209
6.345937
6.351654
6.352221
6.354438
6.367827
6.368304
6.375958
6.384862
6.385623
6.387506
6.388541
6.393389
6.396077
6.396772
6.417422
6.420863
6.432947
6.433285
6.434987
6.439792
6.439973
6.443889
6.445837
6.450428
6.451416
6.452000
6.454072
6.455158
6.457732
6.459089
6.463066
6.472506
6.473429
6.474287
6.477532
6.492409
6.494270
6.497259
6.497309
6.498512
6.498867
6.500502
6.508776
6.510241
6.510757
6.518970
6.520018
6.522541
6.523556
6.530081
6.532701
6.545794
6.546210
6.550348
6.553864
6.558247
6.560374
6.562037
6.574476
6.577701
6.578267
6.582991
6.587038
6.604882
6.611016
6.611420
6.613667
6.623537
6.625085
6.642295
6.646153
6.647141
6.660397
6.661952
6.665789
6.681086
6.689501
6.690641
6.691950
6.699061
6.715364
6.715452
6.720088
6.720440
6.725856
6.726192
6.727335
6.729232
6.730420
6.730618
6.752543
6.752784
6.754298
6.759940
6.768828
6.782215
6.785939
6.807477
6.826889
6.828811
6.831415
6.831437
6.832225
6.833204
6.839177
6.881936
6.883778
6.900636
6.903779
6.904134
6.910654
6.913324
6.915458
6.921492
6.921536
6.924189
6.931545
6.937790
6.945332
6.949633
6.956906
6.964139
6.966534
6.974574
6.990446
6.992885
6.994320
7.013639
7.019737
7.020556
7.022478
7.024468
7.027657
7.034249
7.037035
7.048096
7.052645
7.058440
7.060863
7.064916
7.067180
7.069525
7.070987
7.073401
7.077722
7.077962
7.080358
7.080412
7.082164
7.089886
7.090752
7.093319
7.096353
7.099218
7.099791
7.100820
7.101491
7.102040
7.103203
7.103205
7.103726
7.103731
7.115166
7.116098
7.117419
7.117842
7.118319
7.119332
7.122920
7.123120
7.123718
7.125258
7.126329
7.129015
7.129375
7.131633
7.131790
7.132784
7.134568
7.136084
7.137901
7.140964
7.141328
7.141930
7.144177
7.144989
7.146476
7.147044
7.148821
7.149645
7.150175
7.152047
7.152958
7.154843
7.156891
7.161652
7.161677
7.162967
7.165711
7.166347
7.167153
7.167525
7.168618
7.171835
7.171968
7.174347
7.174686
7.175001
7.177356
7.177484
7.178791
7.180064
7.180214
7.180398
7.181003
7.181168
7.182505
7.182684
7.183170
7.183254
7.184220
7.184906
7.184934
7.185066
7.185292
7.185308
7.185312
7.185315
