1.000000
1.047705
1.101037
1.187321
1.249788
1.273114
1.380170
1.383551
1.405032
1.545959
1.553074
1.676219
1.697218
1.766921
1.790557
1.803945
1.850552
1.866207
2.052722
2.111677
2.145374
2.147673
2.191412
2.234017
2.295589
2.326156
2.347471
2.438915
2.440170
2.490920
2.579600
2.585034
2.606483
2.642383
2.644017
2.652527
2.660336
2.661193
2.718912
2.730980
2.741477
2.745980
2.746129
2.788204
2.813018
2.833848
2.843613
2.891710
2.894131
2.922259
2.932511
2.937684
2.938969
2.962880
2.963390
2.967145
2.979365
2.995170
3.025544
3.050329
3.056946
3.057375
3.069936
3.074267
3.102990
3.104836
3.123771
3.124264
3.126100
3.130840
3.138377
3.141107
3.148052
3.159461
3.163876
3.170591
3.175503
3.175757
3.179450
3.182886
3.197584
3.203084
3.206553
3.208824
3.210572
3.233236
3.251273
3.257194
3.265218
3.266106
3.272692
3.274520
3.278291
3.283179
3.300361
3.305907
3.308169
3.310785
3.324440
3.324764
3.326472
3.337122
3.340859
3.341441
3.344658
3.347774
3.350605
3.353837
3.367811
3.367982
3.374924
3.375686
3.375937
3.382370
3.382761
3.398962
3.403853
3.405683
3.407713
3.408309
3.409647
3.413069
3.418267
3.421543
3.427290
3.437893
3.449309
3.450176
3.452276
3.452811
3.457382
3.460092
3.462121
3.465566
3.467223
3.471940
3.472944
3.475258
3.477515
3.478962
3.480165
3.487280
3.498174
3.498479
3.499882
3.506081
3.513251
3.516553
3.522641
3.527066
3.534438
3.535739
3.536020
3.536171
3.537563
3.540422
3.540468
3.540879
3.542654
3.544399
3.549666
3.550079
3.552081
3.555228
3.564992
3.565196
3.567183
3.569019
3.572870
3.573289
3.573868
3.579568
3.588191
3.599454
3.602200
3.605810
3.607541
3.614982
3.615435
3.618391
3.621998
3.622653
3.622794
3.631100
3.631522
3.632314
3.634405
3.635360
3.635902
3.636775
3.641561
3.644334
3.645665
3.648798
3.649786
3.655893
3.656988
3.657242
3.669984
3.673103
3.674922
3.679986
3.684468
3.687379
3.689121
3.689940
3.692474
3.694093
3.703072
3.705281
3.717419
3.719906
3.723151
3.724018
3.724991
3.726985
3.729421
3.733469
3.733702
3.735459
3.736342
3.738052
3.749748
3.750286
3.752963
3.759277
3.759381
3.763970
3.767179
3.768715
3.769649
3.770290
3.770665
3.779236
3.780087
3.782088
3.782089
3.794575
3.795788
3.796415
3.801017
3.803412
3.811160
3.819610
3.819809
3.824589
3.826684
3.828607
3.834525
3.840170
3.841135
3.845115
3.849324
3.851360
3.856358
3.857841
3.859703
3.860638
3.860670
3.863405
3.873312
3.874664
3.883916
3.886446
3.887844
3.888725
3.892343
3.896531
3.900818
3.900927
3.903285
3.906069
3.906540
3.906571
3.909092
3.911175
3.917806
3.920022
3.923770
3.926912
3.929222
3.932831
3.934966
3.936363
3.936560
3.938333
3.938997
3.939034
3.940721
3.940793
3.941949
3.942100
3.943036
3.943200
3.944045
3.946868
3.946967
3.949444
3.950193
3.950202
3.950236
3.950795
3.951858
3.951967
3.954758
3.955942
3.956506
3.957739
3.961532
3.962098
3.962735
3.963177
3.964116
3.967162
3.968188
3.970174
3.970920
3.970992
3.971108
3.971988
3.976588
3.977240
3.977386
3.977852
3.979184
3.981704
3.982624
3.982823
3.983691
3.984254
3.984758
3.985862
3.988937
3.991003
3.991348
3.992823
3.997364
3.997777
3.998285
3.998288
3.998489
3.998711
3.999409
3.999551
4.002092
4.002466
4.003074
4.003128
4.004297
4.004304
4.004380
