1.000000
1.041606
1.276103
1.316786
1.508236
1.524433
1.660923
1.683995
1.684850
1.756110
1.765701
1.859277
2.045331
2.106151
2.167247
2.188821
2.240285
2.272730
2.294269
2.306447
2.430682
2.472068
2.774565
3.134834
3.160444
3.279285
3.324143
3.326098
3.361385
3.404286
3.408344
3.473062
3.489785
3.504007
3.525146
3.546347
3.547807
3.583165
3.592359
3.597241
3.606106
3.639257
3.678312
3.729721
3.766222
3.801975
3.809133
3.819305
3.832151
3.873861
3.900822
3.914153
3.961441
3.974753
3.985224
4.064695
4.099756
4.112011
4.201659
4.212180
4.230227
4.244839
4.254305
4.277311
4.288260
4.299809
4.321905
4.387606
4.398102
4.400663
4.416436
4.500448
4.504924
4.543307
4.573442
4.577196
4.613694
4.690545
4.721947
4.735163
4.750172
4.758344
4.759658
4.778050
4.803249
4.814133
4.820775
4.835597
4.837379
4.842681
4.879123
4.883789
4.916228
4.969711
4.981085
5.006231
5.019450
5.042617
5.049073
5.112225
5.127745
5.149274
5.168646
5.207293
5.227319
5.285544
5.290935
5.300210
5.341384
5.350575
5.396719
5.432383
5.482749
5.550961
5.579479
5.599078
5.612922
5.683970
5.684650
5.714465
5.725186
5.747068
5.762051
5.771781
5.786294
5.819554
5.843328
5.866475
5.900073
5.919751
5.919757
5.921062
5.961001
5.961795
5.972234
5.985755
5.993455
6.012571
6.018475
6.030356
6.080964
6.095594
6.101665
6.123910
6.125983
6.128348
6.143155
6.148563
6.178113
6.201455
6.280940
6.293815
6.319812
6.365480
6.455256
6.466748
6.471017
6.506011
6.582943
6.625071
6.655452
6.675683
6.692004
6.702008
6.718752
6.720328
6.726991
6.761574
6.799530
6.806674
6.810226
6.854243
6.858353
6.887058
6.926241
6.956968
6.970180
6.980971
6.984787
6.990021
6.995954
7.013477
7.029198
7.050992
7.054901
7.092939
7.116640
7.126719
7.178434
7.198053
7.277004
7.295957
7.333979
7.370970
7.387145
7.398599
7.425944
7.617960
7.630561
7.642333
7.647420
7.726214
7.764969
7.774476
7.776501
7.794269
7.828695
7.860106
7.933446
7.991435
8.012991
8.036139
8.119381
8.203252
8.268497
8.275620
8.287818
8.302220
8.338849
8.434410
8.450355
8.465387
8.465837
8.473908
8.503614
8.616799
8.617587
8.687018
8.705081
8.721354
8.734355
8.789573
8.799916
8.832694
8.837166
8.869557
8.869596
8.904563
8.906929
8.924717
8.941188
8.966039
8.967196
8.974969
9.030746
9.048696
9.082137
9.102274
9.106799
9.145805
9.157583
9.158039
9.162034
9.177756
9.187486
9.208910
9.236094
9.248051
9.251821
9.253646
9.265594
9.280299
9.289094
9.294384
9.307610
9.312124
9.320041
9.320291
9.323522
9.329256
9.329655
9.350855
9.351743
9.366893
9.373150
9.390568
9.393036
9.405175
9.405786
9.423247
9.428703
9.431331
9.432298
9.442593
9.462475
9.463351
9.463724
9.468871
9.469933
9.470305
9.487060
9.490600
9.528850
9.546267
9.551638
9.573460
9.585737
9.590998
9.600238
9.605172
9.639884
9.647182
9.657539
9.696510
9.711370
9.716739
9.722282
9.735158
9.735601
9.739260
9.742588
9.743851
9.746523
9.752384
9.754774
9.760478
9.764802
9.772655
9.777921
9.789186
9.793697
9.810822
9.812119
9.814789
9.815873
9.818467
9.826166
9.829834
9.832546
9.834541
9.847239
9.853920
9.864652
9.877836
9.881038
9.883755
9.885603
9.888490
9.892934
9.914233
9.924256
9.926258
9.927706
9.930519
9.933556
9.935736
9.937163
9.941806
9.957554
9.988463
9.991242
9.996619
10.008038
10.008187
10.013424
10.013476
10.027432
10.031056
10.032848
10.045289
10.053459
10.053470
10.056110
10.056180
10.067725
10.069797
10.074086
10.075221
10.078355
10.082928
10.094213
10.094463
10.114696
10.114746
10.118964
10.121569
10.124640
10.132723
10.136225
10.140066
10.141665
10.142943
10.143123
10.143478
10.154531
10.155623
10.168216
10.168390
10.170402
10.189270
10.194393
10.199182
10.208814
10.209935
10.212418
10.214254
10.233223
10.233624
10.234680
10.234803
10.235826
10.242089
10.249164
10.251043
10.254794
10.262067
10.272957
10.276434
10.277462
10.283884
10.287072
10.292645
10.296512
10.297734
10.297995
10.299357
10.304745
10.305827
10.306471
10.307891
10.319703
10.321226
10.324341
10.326956
10.331758
10.333203
10.335352
10.340329
10.350320
10.350673
10.352771
10.355674
10.357853
10.360278
10.361897
10.362720
10.366072
10.366332
10.367017
10.367565
10.370196
10.373646
10.380774
10.383233
10.384895
10.386423
10.388803
10.393605
10.410239
10.411882
10.421606
10.421856
10.428811
10.429125
10.430340
10.432744
10.452861
10.457374
10.459645
10.461107
10.467485
10.468800
10.470471
10.471981
10.478278
10.492316
10.494936
10.511752
10.511910
10.512273
10.520631
10.521872
10.522343
10.524816
10.527183
10.533012
10.538564
10.539196
10.542284
10.542685
10.550941
10.555243
10.558339
10.558438
10.564430
10.567205
10.568309
10.570729
10.573597
10.576074
10.579818
10.599322
10.601269
10.606263
10.608204
10.608582
10.609720
10.611448
10.619870
10.621159
10.625063
10.626410
10.629697
10.630630
10.634037
10.634288
10.634736
10.636850
10.637027
10.639606
10.639707
10.643175
10.644344
10.653319
10.654597
10.655349
10.656752
10.657869
10.661032
10.668801
10.671033
10.672530
10.676176
10.690095
10.690948
10.691165
10.706223
10.707016
10.709432
10.714470
10.715155
10.719397
10.722447
10.722776
10.733030
10.736794
10.736853
10.738095
10.746054
10.746907
10.749576
10.756452
10.756683
10.756779
10.757097
10.757688
10.760175
10.761991
10.762638
10.765025
10.774261
10.776585
10.778357
10.779778
10.782057
10.782339
10.784290
10.788238
10.796389
10.797752
10.798485
10.801341
10.809842
10.810855
10.811298
10.812674
10.821842
10.829542
10.833743
10.836099
10.836286
10.837463
10.845082
10.860787
10.862938
10.864030
10.864192
10.864372
10.866156
10.868793
10.871747
10.877036
10.877409
10.888615
10.890603
10.893507
10.895384
10.897442
10.906088
10.907246
10.908882
10.910657
10.911925
10.912671
10.916757
10.920598
10.924898
10.927728
10.930187
10.938850
10.939533
10.940301
10.940535
10.940606
10.942599
10.955903
10.969909
10.976885
10.981896
10.988002
10.990221
10.991101
10.998092
10.999940
11.001183
11.003048
11.005706
11.006548
11.007332
11.010657
11.010901
11.016240
11.016603
11.020464
11.026278
11.029384
11.030665
11.031343
11.037854
11.040921
11.043214
11.049212
11.050722
11.063009
11.064184
11.064699
11.065197
11.090503
11.090618
11.097749
11.097960
11.108729
11.113161
11.113885
11.119198
11.132333
11.134573
11.138618
11.141791
11.144136
11.144916
11.145535
11.148079
11.159551
11.161750
11.164178
11.165452
11.166445
11.167284
11.169724
11.172267
11.176755
11.183222
11.186130
11.186783
11.191633
11.198071
11.199893
11.203295
11.204776
11.205016
11.212089
11.214321
11.217161
11.218263
11.219576
11.225908
11.226184
11.226223
11.232116
11.234504
11.235522
11.239470
11.239669
11.242410
11.244354
11.246457
11.248219
11.248616
11.248734
11.248863
11.248926
11.250423
11.252600
11.254227
11.255216
11.264431
11.267159
11.269562
11.270005
11.273442
11.274889
11.279293
11.280203
11.280312
11.281273
11.283136
11.284510
11.285125
11.285415
11.286234
11.286761
11.287348
11.287483
11.291605
11.295344
11.296959
11.297434
11.298067
11.300056
11.300344
11.300812
11.303246
11.303843
11.305019
11.308126
11.314872
11.316436
11.316669
11.318944
11.321140
11.325805
11.326404
11.327891
11.331851
11.332279
11.332389
11.333279
11.336714
11.337281
11.341600
11.341621
11.342884
11.343077
11.344962
11.346664
11.349640
11.351803
11.353081
11.353258
11.353413
11.358607
11.359301
11.363047
11.364200
11.366375
11.366645
11.367606
11.368998
11.374780
11.376971
11.378148
11.379216
11.379406
11.379623
11.383771
11.389719
11.392159
11.394626
11.395818
11.396230
11.398651
11.400023
11.402231
11.402838
11.403088
11.403754
11.407200
11.408818
11.415148
11.417246
11.418929
11.419327
11.427726
11.430223
11.432342
11.432425
11.432775
11.433577
11.435057
11.436953
11.437114
11.438234
11.439432
11.439537
11.445655
11.447832
11.455016
11.455971
11.456642
11.457737
11.458532
11.458981
11.459018
11.459024
11.459638
11.461679
11.463134
11.463267
11.464802
11.468319
11.468746
11.469035
11.470137
11.471488
11.471688
11.473600
11.476851
11.480679
11.480830
11.481219
11.482418
11.483948
11.485258
11.485654
11.488231
11.488799
11.489408
11.490578
11.493099
11.498496
11.499217
11.499540
11.499577
11.502557
11.504572
11.505250
11.506567
11.507766
11.508649
11.508861
11.510422
11.512223
11.512732
11.513618
11.514802
11.515908
11.518037
11.519766
11.519872
11.519990
11.520780
11.520904
11.521811
11.522568
11.525670
11.526102
11.526311
11.529257
11.529288
11.530217
11.530462
11.533116
11.533834
11.536391
11.537433
11.537675
11.540856
11.541315
11.541726
11.543636
11.544316
11.545593
11.545956
11.547547
11.549143
11.549190
11.552763
11.555218
11.555429
11.555617
11.557185
11.557435
11.561192
11.561319
11.563145
11.564966
11.565485
11.565907
11.577183
11.578219
11.579408
11.580708
11.582414
11.584228
11.585498
11.585721
11.586150
11.586985
11.588242
11.589152
11.589186
11.593821
11.598902
11.601419
11.602971
11.606965
11.607989
11.608223
11.608665
11.610299
11.610495
11.613496
11.613660
11.614111
11.616142
11.616385
11.619888
11.621243
11.621495
11.622235
11.628156
11.629643
11.629879
11.629884
11.632566
11.634439
11.634542
11.639348
11.641459
11.642673
11.646998
11.649229
11.650601
11.650703
11.651271
11.652436
11.652978
11.654945
11.657153
11.661843
11.664513
11.665441
11.667017
11.668245
11.668842
11.668975
11.670692
11.671964
11.672348
11.672407
11.675014
11.676373
11.678504
11.679029
11.685685
11.686759
11.687942
11.690329
11.690348
11.691779
11.693684
11.694425
11.694642
11.694832
11.695441
11.695990
11.697297
11.698857
11.698969
11.701846
11.701867
11.702224
11.702758
11.703773
11.704249
11.704594
11.705877
11.705918
11.707080
11.713566
11.713892
11.716292
11.717285
11.717920
11.718981
11.719945
11.720380
11.722185
11.725163
11.725630
11.725834
11.725957
11.726724
11.727223
11.728004
11.729865
11.730856
11.739640
11.743132
11.744238
11.744384
11.745513
11.748259
11.751505
11.751600
11.753016
11.754271
11.754527
11.757877
11.758215
11.758683
11.761471
11.764295
11.766939
11.769194
11.770979
11.771457
11.772303
11.772564
11.773209
11.774238
11.774540
11.775341
11.776292
11.777103
11.778643
11.780197
11.780718
11.781099
11.783312
11.783476
11.784952
11.785930
11.787514
11.788625
11.789974
11.790086
11.790819
11.791376
11.793560
11.796638
11.796694
11.797680
11.798417
11.800577
11.802063
11.803626
11.804611
11.805914
11.806008
11.807440
11.807843
11.808125
11.811755
11.812398
11.813038
11.814435
11.814701
11.816145
11.819699
11.821351
11.822576
11.823110
11.823917
11.825091
11.825161
11.826594
11.828718
11.829323
11.829577
11.830561
11.832121
11.832649
11.838392
11.839856
11.839997
11.840727
11.841860
11.844665
11.846906
11.848609
11.849704
11.850507
11.851452
11.854285
11.854803
11.855718
11.856013
11.859596
11.860088
11.860175
11.862371
11.862779
11.862840
11.862907
11.863698
11.864605
11.865121
11.865419
11.866783
11.868923
11.869747
11.870547
11.870983
11.871539
11.872081
11.872224
11.872278
11.875101
11.878017
11.878963
11.883590
11.884417
11.884477
11.884523
11.884830
11.885246
11.885589
11.886196
11.887480
11.888546
11.891868
11.892021
11.893980
11.894590
11.896173
11.897763
11.898475
11.899939
11.900541
11.901760
11.901972
11.902341
11.903417
11.904476
11.904723
11.905038
11.911489
11.912866
11.914270
11.915786
11.915851
11.916886
11.918556
11.920033
11.920929
11.922258
11.923333
11.923642
11.923977
11.924417
11.924809
11.924917
11.926415
11.927830
11.928433
11.928802
11.935876
11.936146
11.936337
11.936520
11.936714
11.936864
11.937665
11.938604
11.939919
11.940028
11.942600
11.943508
11.944770
11.944800
11.946093
11.946122
11.946144
11.948920
11.949451
11.949663
11.954506
11.956556
11.956679
11.956937
11.957394
11.960318
11.960981
11.966136
11.966375
11.966502
11.966731
11.966988
11.967987
11.968661
11.969697
11.971075
11.973289
11.978752
11.980571
11.981028
11.984757
11.984932
11.985405
11.985746
11.986603
11.987448
11.987971
11.991446
11.994108
11.994555
11.996184
11.999556
12.000278
12.001124
12.002783
12.005012
12.006294
12.007022
12.008250
12.008323
12.010748
12.011596
12.011811
12.011919
12.012041
12.013025
12.013368
12.013571
12.013628
12.014583
12.018341
12.018416
12.018539
12.019254
12.019941
12.020665
12.022427
12.023479
12.024110
12.024643
12.025647
12.026915
12.027296
12.027782
12.027791
12.028377
12.028484
12.028564
12.030602
12.032930
12.033103
12.034474
12.035428
12.035749
12.037722
12.039399
12.040071
12.041260
12.041912
12.042891
12.043752
12.043778
12.048143
12.049461
12.049615
12.050183
12.051090
12.051866
12.052320
12.053911
12.056179
12.060615
12.062834
12.063451
12.065315
12.067743
12.068391
12.069052
12.069827
12.070036
12.071978
12.072874
12.073028
12.073473
12.073722
12.074522
12.074840
12.077271
12.077977
12.078349
12.080152
12.080853
12.081681
12.082409
12.082632
12.082919
12.084833
12.086966
12.087139
12.087439
12.088490
12.088498
12.088944
12.090070
12.090517
12.090748
12.090959
12.091572
12.092538
12.093479
12.095521
12.096848
12.096901
12.097706
12.098307
12.099355
12.099442
12.102606
12.103316
12.105310
12.106579
12.107036
12.109990
12.110076
12.111381
12.111709
12.112437
12.114072
12.115705
12.117452
12.118052
12.118184
12.118513
12.119936
12.120307
12.120452
12.125786
12.128528
12.129051
12.129749
12.130569
12.132065
12.134375
12.135774
12.136209
12.136662
12.138036
12.139177
12.139497
12.139872
12.141346
12.144303
12.144423
12.144922
12.145038
12.145329
12.145634
12.147077
12.147844
12.148999
12.150914
12.152647
12.153550
12.154110
12.154140
12.155419
12.156507
12.156855
12.158251
12.158802
12.161244
12.162395
12.162867
12.163504
12.165390
12.167479
12.168474
12.169995
12.170018
12.170050
12.170082
12.170177
12.171762
12.173282
12.174331
12.177291
12.180811
12.181694
12.183242
12.183289
12.186983
12.188614
12.189016
12.189400
12.189631
12.189940
12.191745
12.191951
12.192063
12.193059
12.194644
12.195727
12.196168
12.199095
12.199872
12.200435
12.200741
12.201635
12.201831
12.205191
12.206128
12.208933
12.211748
12.215499
12.215856
12.216080
12.217249
12.217427
12.219398
12.221384
12.221437
12.222154
12.224025
12.225126
12.225207
12.225758
12.228210
12.228672
12.229083
12.231548
12.233044
12.233249
12.236483
12.238950
12.239023
12.239265
12.239325
12.239561
12.239684
12.242751
12.243223
12.245429
12.246119
12.246618
12.247448
12.248965
12.252265
12.254919
12.254989
12.255115
12.255773
12.256411
12.256851
12.258328
12.258935
12.259480
12.260036
12.260232
12.260471
12.261460
12.261881
12.262050
12.263107
12.263759
12.264308
12.265084
12.266904
12.267548
12.267945
12.269020
12.269537
12.272988
12.274885
12.276627
12.277122
12.277158
12.278197
12.278470
12.279472
12.279906
12.279970
12.280446
12.281012
12.281215
12.282533
12.283322
12.283505
12.284879
12.285094
12.285266
12.285742
12.286235
12.287754
12.288539
12.288739
12.289671
12.290110
12.290844
12.291363
12.291939
12.292421
12.293786
12.293899
12.294104
12.295995
12.297026
12.297256
12.297338
12.298228
12.299217
12.300477
12.300971
12.302757
12.304301
12.307367
12.308641
12.308727
12.309249
12.310047
12.310643
12.312191
12.312900
12.313684
12.314170
12.314548
12.314675
12.315385
12.316308
12.318064
12.318429
12.318727
12.319118
12.319363
12.319667
12.319777
12.319847
12.320002
12.323182
12.325119
12.325191
12.325674
12.326405
12.328469
12.331558
12.331811
12.332279
12.332311
12.332728
12.332875
12.333743
12.334106
12.334391
12.335195
12.335249
12.335739
12.335878
12.337628
12.337878
12.338828
12.341862
12.341864
12.342579
12.342678
12.343694
12.343748
12.345120
12.345786
12.345999
12.346807
12.346933
12.347229
12.348265
12.348301
12.348871
12.349078
12.351148
12.351760
12.353126
12.353697
12.354177
12.354974
12.355017
12.355174
12.356979
12.357327
12.357414
12.357569
12.357572
12.359015
12.359951
12.360215
12.362467
12.364494
12.364707
12.365064
12.365477
12.365742
12.366179
12.367223
12.367608
12.368310
12.370494
12.370701
12.373933
12.373967
12.374178
12.375007
12.375329
12.376222
12.376554
12.378048
12.378735
12.378949
12.379723
12.379972
12.380048
12.380510
12.382648
12.383287
12.383761
12.384081
12.384927
12.385632
12.388071
12.389757
12.390604
12.392069
12.392093
12.392308
12.394638
12.395345
12.395672
12.395773
12.396185
12.397497
12.397817
12.398879
12.399749
12.400661
12.401708
12.402251
12.403601
12.404207
12.404931
12.405436
12.405602
12.406034
12.406205
12.407340
12.408216
12.408587
12.409449
12.410059
12.412118
12.416011
12.416376
12.416808
12.417112
12.417798
12.417863
12.417963
12.418447
12.418490
12.418903
12.419724
12.420359
12.421006
12.421666
12.422361
12.422501
12.422701
12.424025
12.425355
12.425602
12.428715
12.428921
12.429798
12.430120
12.430139
12.431379
12.432066
12.432180
12.434191
12.437018
12.437559
12.438046
12.440558
12.441014
12.441487
12.441821
12.442924
12.444786
12.447911
12.448577
12.448955
12.449098
12.449483
12.449544
12.450098
12.450293
12.451766
12.453317
12.453723
12.454814
12.456713
12.457250
12.457487
12.457676
12.459696
12.461114
12.461351
12.461884
12.461933
12.462236
12.462492
12.462542
12.462588
12.463275
12.463928
12.465075
12.465383
12.465679
12.465695
12.466189
12.467529
12.469227
12.470679
12.472173
12.472195
12.472266
12.473205
12.473258
12.474059
12.474121
12.474880
12.476002
12.476996
12.477830
12.478455
12.479514
12.480042
12.480495
12.481656
12.481853
12.481992
12.482369
12.482925
12.483029
12.483070
12.483970
12.484177
12.484253
12.484486
12.485092
12.485908
12.485917
12.486229
12.486536
12.486658
12.487473
12.488473
12.488520
12.488974
12.489522
12.490204
12.492586
12.492777
12.493291
12.493504
12.493999
12.494048
12.494591
12.495258
12.496642
12.496765
12.497722
12.497964
12.498569
12.499210
12.499367
12.499520
12.499816
12.500040
12.501307
12.502005
12.502664
12.504607
12.506748
12.506801
12.506979
12.509050
12.509095
12.509311
12.509346
12.509752
12.510016
12.510273
12.510741
12.511896
12.512427
12.513861
12.514829
12.514876
12.515442
12.515471
12.516110
12.519361
12.519518
12.520450
12.520612
12.520835
12.521527
12.521532
12.522674
12.523857
12.524573
12.524714
12.524817
12.525864
12.525930
12.527178
12.527193
12.527472
12.531373
12.531985
12.532465
12.533413
12.533726
12.534214
12.534279
12.534362
12.534503
12.535132
12.535797
12.536962
12.537436
12.538065
12.539164
12.539609
12.539866
12.540318
12.540369
12.541581
12.542317
12.542318
12.542443
12.543819
12.543861
12.545510
12.545742
12.546942
12.547286
12.547463
12.548789
12.548917
12.549018
12.550432
12.550634
12.551674
12.552524
12.553058
12.553322
12.554465
12.555873
12.555940
12.556279
12.557193
12.557489
12.557736
12.559184
12.559572
12.560310
12.560716
12.560999
12.562473
12.564431
12.564498
12.564752
12.565019
12.565568
12.565798
12.566410
12.566505
12.567277
12.567498
12.568726
12.568731
12.569040
12.569258
12.569266
12.569501
12.569542
12.570748
12.570834
12.571313
12.571529
12.572959
12.575110
12.576281
12.576336
12.576382
12.576816
12.576955
12.577259
12.577330
12.577342
12.578169
12.578900
12.580663
12.580787
12.581057
12.583170
12.583786
12.585815
12.586054
12.586826
12.588099
12.590719
12.590777
12.591711
12.592428
12.592862
12.592993
12.593538
12.594406
12.594820
12.594885
12.594887
12.594996
12.595015
12.595227
12.595327
12.595745
12.596231
12.596565
12.597273
12.598495
12.598758
12.598802
12.600158
12.600230
12.601678
12.602432
12.603727
12.604491
12.605748
12.605947
12.606434
12.607110
12.607302
12.608681
12.609096
12.609446
12.609814
12.610237
12.610570
12.610779
12.611042
12.611126
12.611295
12.613065
12.613276
12.614519
12.614618
12.615532
12.616484
12.616598
12.617114
12.617528
12.617741
12.618070
12.618864
12.619576
12.619662
12.620584
12.621658
12.622227
12.622298
12.623039
12.623454
12.623486
12.624255
12.624682
12.624903
12.625253
12.625341
12.626191
12.626824
12.627057
12.627225
12.627585
12.627876
12.629333
12.630654
12.632071
12.632077
12.634005
12.634156
12.634666
12.634833
12.635918
12.636329
12.636788
12.637631
12.639357
12.639541
12.639959
12.640489
12.640572
12.640761
12.642458
12.644221
12.645445
12.647621
12.648921
12.649167
12.649445
12.650221
12.650279
12.651801
12.652669
12.653051
12.653184
12.653799
12.654926
12.655599
12.655680
12.655784
12.656144
12.656423
12.656444
12.656484
12.656604
12.656853
12.658566
12.660255
12.661099
12.661559
12.662085
12.662568
12.662663
12.663932
12.664148
12.664758
12.664824
12.665568
12.666205
12.666714
12.667454
12.668384
12.668491
12.669268
12.669958
12.670997
12.671204
12.672192
12.672485
12.673294
12.673378
12.674070
12.674522
12.674891
12.675010
12.677269
12.678020
12.679458
12.679902
12.680732
12.681417
12.681965
12.682274
12.682603
12.683337
12.685153
12.686197
12.687014
12.687886
12.690109
12.691161
12.692465
12.692701
12.692793
12.693431
12.693844
12.694115
12.694672
12.694845
12.695539
12.697042
12.697151
12.697540
12.697732
12.699019
12.701924
12.702406
12.702409
12.702985
12.703514
12.704285
12.704555
12.705405
12.705757
12.706223
12.706689
12.707257
12.708100
12.708306
12.708885
12.709587
12.709779
12.710527
12.710550
12.711440
12.712127
12.712193
12.712310
12.712998
12.714001
12.714350
12.715285
12.715499
12.715707
12.716439
12.718145
12.718163
12.718174
12.718622
12.719709
12.720451
12.722348
12.722850
12.723022
12.723933
12.724293
12.724471
12.725924
12.726988
12.727707
12.729746
12.730431
12.730926
12.731807
12.732139
12.732521
12.732677
12.733377
12.733708
12.733894
12.734485
12.734806
12.734926
12.735374
12.735713
12.735819
12.735978
12.736700
12.737124
12.737652
12.737698
12.738222
12.738982
12.739810
12.740855
12.741655
12.741801
12.744172
12.744502
12.744914
12.745145
12.745426
12.746047
12.746398
12.746921
12.747406
12.749075
12.749229
12.749700
12.749838
12.750944
12.751777
12.753161
12.753692
12.753994
12.754369
12.754807
12.754901
12.754976
12.756531
12.757043
12.757593
12.757881
12.758577
12.759745
12.760444
12.760660
12.760894
12.761696
12.761712
12.763102
12.763355
12.763657
12.764989
12.765334
12.765400
12.765810
12.766248
12.766480
12.766726
12.767708
12.768198
12.768205
12.768491
12.768636
12.769083
12.770401
12.770844
12.771047
12.771338
12.771543
12.772421
12.772635
12.773385
12.773645
12.773993
12.774826
12.775158
12.775161
12.775171
12.775352
12.776203
12.777036
12.777855
12.778206
12.778771
12.779344
12.779455
12.779862
12.780094
12.780755
12.780816
12.782563
12.782696
12.782812
12.783277
12.783295
12.783738
12.784918
12.785056
12.785066
12.785768
12.785801
12.786997
12.787649
12.787682
12.788468
12.788566
12.788570
12.789398
12.789454
12.789483
12.789571
12.790684
12.790691
12.790726
12.792581
12.792605
12.792745
12.793756
12.794587
12.794682
12.795551
12.795788
12.796005
12.796376
12.797055
12.797698
12.798636
12.799298
12.799374
12.799450
12.799469
12.800085
12.800234
12.801148
12.801464
12.801803
12.802723
12.803000
12.804045
12.805306
12.805968
12.807044
12.807641
12.807928
12.808081
12.809467
12.809473
12.810546
12.810633
12.811451
12.812024
12.812474
12.813036
12.813181
12.813293
12.814282
12.814578
12.815120
12.815193
12.817175
12.817279
12.817370
12.818373
12.818634
12.818658
12.819396
12.819606
12.819647
12.819737
12.819759
12.819975
12.820465
12.821616
12.822433
12.824870
12.825121
12.826534
12.826644
12.826776
12.827423
12.827591
12.827760
12.827871
12.828176
12.828480
12.828673
12.828678
12.830338
12.832208
12.832357
12.833280
12.834303
12.834507
12.834742
12.836144
12.836668
12.837496
12.838622
12.839618
12.840318
12.840746
12.841125
12.842594
12.842716
12.842925
12.843110
12.843166
12.843617
12.843764
12.843777
12.843812
12.844309
12.844847
12.846089
12.846573
12.847645
12.848867
12.848966
12.850961
12.851965
12.852483
12.852762
12.853035
12.853716
12.854384
12.854681
12.854820
12.855215
12.855334
12.855792
12.855847
12.856853
12.857110
12.857220
12.857609
12.860684
12.861202
12.861278
12.861374
12.862393
12.862640
12.864816
12.866014
12.867139
12.867851
12.868152
12.868254
12.870403
12.871546
12.871574
12.871951
12.872254
12.872568
12.873661
12.873689
12.874505
12.874514
12.875729
12.876762
12.877447
12.877753
12.878428
12.878647
12.879037
12.879218
12.879580
12.879652
12.879742
12.880223
12.880389
12.881963
12.882017
12.882150
12.882476
12.882619
12.882630
12.882856
12.884050
12.884195
12.885148
12.885263
12.885369
12.885731
12.885880
12.886009
12.886051
12.886398
12.886883
12.887117
12.887787
12.887846
12.888221
12.888370
12.888738
12.889881
12.889903
12.890022
12.890546
12.891391
12.892089
12.892548
12.892568
12.892687
12.892874
12.893731
12.893785
12.893915
12.894030
12.894425
12.895336
12.895637
12.895748
12.895798
12.895979
12.896025
12.897883
12.897935
12.898078
12.898299
12.899385
12.899449
12.899708
12.899777
12.900659
12.900941
12.901553
12.902385
12.902420
12.904668
12.904733
12.907045
12.907117
12.908092
12.908100
12.908426
12.910332
12.910454
12.911797
12.913481
12.913508
12.913979
12.914470
12.914488
12.914992
12.915283
12.915546
12.916322
12.916374
12.917109
12.918893
12.919790
12.919981
12.920071
12.921082
12.922379
12.922666
12.923100
12.924450
12.924767
12.925798
12.926481
12.926929
12.927089
12.927409
12.927575
12.929364
12.929785
12.930330
12.931751
12.932076
12.932774
12.932827
12.933081
12.933760
12.934432
12.934823
12.935765
12.936185
12.936635
12.936816
12.937105
12.937187
12.937681
12.937691
12.937700
12.939579
12.940030
12.940994
12.942211
12.942253
12.942389
12.942392
12.943314
12.943946
12.943949
12.944873
12.945755
12.946046
12.946204
12.946445
12.946714
12.946892
12.947319
12.947507
12.947648
12.947678
12.947923
12.948272
12.948362
12.948864
12.949206
12.950287
12.950665
12.951249
12.951551
12.951594
12.953334
12.954042
12.954449
12.955359
12.955494
12.955655
12.955797
12.956035
12.956153
12.956284
12.956526
12.956655
12.957292
12.957392
12.957996
12.958161
12.958691
12.958922
12.959581
12.961636
12.961773
12.962253
12.962263
12.962541
12.963671
12.963927
12.964070
12.965115
12.965602
12.966207
12.966488
12.968085
12.969984
12.970192
12.970219
12.970276
12.971204
12.971570
12.971881
12.972080
12.972118
12.972238
12.972386
12.973119
12.973240
12.973799
12.973915
12.974073
12.975285
12.975778
12.976314
12.976574
12.977798
12.978461
12.978780
12.980058
12.980353
12.981397
12.982259
12.982577
12.982876
12.983445
12.983596
12.983755
12.983770
12.984038
12.984081
12.984496
12.984747
12.987068
12.987577
12.988311
12.988364
12.988503
12.989221
12.990205
12.990221
12.990674
12.991740
12.992929
12.993703
12.993709
12.993945
12.994076
12.994383
12.994715
12.994793
12.994952
12.995123
12.995194
12.995248
12.995485
12.996132
12.996411
12.996958
12.998298
12.998712
13.000219
13.000912
13.001724
13.002166
13.002193
13.002523
13.002787
13.003130
13.003794
13.004119
13.005437
13.005816
13.005939
13.005946
13.006268
13.006544
13.007027
13.007994
13.010306
13.010360
13.010550
13.010857
13.011324
13.011760
13.012314
13.013028
13.013243
13.013571
13.013732
13.014010
13.014050
13.014642
13.014655
13.014985
13.015294
13.015882
13.016081
13.016266
13.016839
13.016951
13.018044
13.019084
13.019423
13.019709
13.020096
13.020914
13.020960
13.020966
13.021783
13.022544
13.022825
13.023615
13.023700
13.025783
13.026236
13.026472
13.026937
13.027065
13.027212
13.027269
13.028035
13.028413
13.028448
13.028874
13.028978
13.029196
13.029426
13.030538
13.031076
13.033090
13.033427
13.033805
13.033935
13.033982
13.034479
13.034746
13.035011
13.035333
13.035466
13.035635
13.036187
13.036348
13.036876
13.039255
13.039668
13.039717
13.040553
13.040977
13.042211
13.042579
13.043180
13.043196
13.043651
13.044145
13.045406
13.045475
13.047149
13.047572
13.047655
13.047681
13.047772
13.048111
13.048170
13.048370
13.049121
13.049225
13.049712
13.050992
13.051712
13.051850
13.052102
13.053155
13.053407
13.053439
13.054031
13.054753
13.054843
13.055159
13.055229
13.057782
13.058318
13.059591
13.059649
13.060658
13.060760
13.060907
13.061256
13.062410
13.064062
13.065078
13.065294
13.065692
13.066516
13.067503
13.067923
13.068489
13.068760
13.068787
13.068923
13.069205
13.069893
13.070901
13.074731
13.074861
13.074871
13.074886
13.075819
13.076010
13.076677
13.076927
13.077164
13.077315
13.077374
13.077700
13.078107
13.078346
13.078999
13.079225
13.081225
13.081267
13.081274
13.084460
13.084797
13.086375
13.086432
13.086568
13.087384
13.088563
13.088819
13.089520
13.089622
13.089800
13.090144
13.090716
13.091700
13.091954
13.092368
13.092450
13.092787
13.093046
13.093607
13.094002
13.094568
13.095452
13.095809
13.095945
13.096585
13.097221
13.097598
13.097968
13.098297
13.100850
13.101233
13.101323
13.101751
13.102577
13.102782
13.102878
13.104468
13.104920
13.105179
13.107209
13.108008
13.108976
13.109519
13.110213
13.111677
13.112867
13.112879
13.113135
13.113491
13.114634
13.114846
13.114856
13.115035
13.115596
13.117101
13.117962
13.118622
13.119264
13.119430
13.120005
13.120546
13.121058
13.121724
13.122953
13.123363
13.123419
13.124090
13.124413
13.124650
13.125435
13.125837
13.126994
13.127580
13.128422
13.128480
13.128573
13.128945
13.129276
13.129414
13.130418
13.130633
13.130767
13.131060
13.131722
13.132148
13.132159
13.132721
13.132732
13.133862
13.134171
13.135007
13.135863
13.136717
13.137723
13.137918
13.140158
13.141263
13.141978
13.142197
13.143380
13.143903
13.144024
13.144312
13.144692
13.144776
13.145213
13.145701
13.146161
13.146299
13.146406
13.146791
13.146982
13.147016
13.147055
13.147743
13.148067
13.148689
13.148821
13.149555
13.149860
13.150240
13.150800
13.152828
13.153226
13.153811
13.154138
13.154656
13.155121
13.157674
13.158072
13.158357
13.158577
13.159524
13.160461
13.160769
13.160823
13.161169
13.161542
13.162306
13.162453
13.162474
13.162505
13.162641
13.162726
13.163680
13.163884
13.165182
13.165385
13.165790
13.166032
13.166143
13.166305
13.166646
13.167062
13.168160
13.168327
13.168554
13.168710
13.168928
13.169215
13.169669
13.172336
13.172479
13.173444
13.173445
13.173768
13.174827
13.174925
13.175528
13.176208
13.176296
13.176423
13.176501
13.176764
13.176915
13.176962
13.178506
13.178611
13.179308
13.179388
13.179939
13.180420
13.180542
13.180846
13.181678
13.181845
13.181926
13.182414
13.183765
13.184375
13.184833
13.185326
13.185841
13.186353
13.186468
13.187068
13.188209
13.189332
13.189366
13.190022
13.190265
13.191365
13.191962
13.191999
13.192741
13.192903
13.193198
13.194149
13.194627
13.194774
13.194951
13.194963
13.195954
13.197042
13.197701
13.198023
13.198089
13.198376
13.198903
13.198999
13.199912
13.200985
13.201735
13.203221
13.203467
13.204041
13.204062
13.204714
13.204745
13.205074
13.205351
13.206064
13.206433
13.206796
13.207361
13.207594
13.207893
13.208268
13.209213
13.209882
13.209961
13.209983
13.210012
13.210254
13.211091
13.211173
13.212100
13.212200
13.212394
13.212857
13.213632
13.215305
13.215493
13.216708
13.217350
13.218933
13.219004
13.219070
13.219513
13.219932
13.220566
13.220724
13.221406
13.222152
13.222165
13.222767
13.223261
13.223366
13.223517
13.223846
13.224358
13.224541
13.224544
13.226488
13.226631
13.227106
13.227462
13.227543
13.228131
13.228151
13.228345
13.228819
13.229081
13.229449
13.230115
13.230328
13.230497
13.231339
13.231647
13.231765
13.232054
13.232766
13.232774
13.232941
13.232954
13.233564
13.233788
13.233873
13.235053
13.236120
13.236819
13.236938
13.237350
13.237984
13.238171
13.238364
13.238724
13.239638
13.239742
13.240307
13.240561
13.240892
13.240907
13.241184
13.242033
13.242222
13.242520
13.243190
13.243826
13.243864
13.244385
13.244914
13.245174
13.247551
13.247714
13.247754
13.248695
13.249493
13.250111
13.250211
13.250237
13.250470
13.250835
13.251245
13.251749
13.252135
13.252471
13.252675
13.252940
13.253218
13.253404
13.253770
13.253780
13.253974
13.254228
13.254927
13.255583
13.255775
13.257132
13.257593
13.257692
13.260392
13.261687
13.262849
13.262907
13.263184
13.263327
13.263719
13.264462
13.264799
13.264975
13.265151
13.265162
13.265313
13.265593
13.265984
13.266237
13.266274
13.266455
13.266916
13.267027
13.268212
13.268497
13.268580
13.269452
13.269537
13.269596
13.269654
13.269929
13.269979
13.270221
13.272003
13.272196
13.273609
13.273738
13.274470
13.275478
13.275875
13.275949
13.276093
13.276587
13.278272
13.279091
13.279504
13.279826
13.280258
13.280501
13.280830
13.281660
13.281803
13.282373
13.282707
13.283340
13.284094
13.284782
13.285203
13.285848
13.286740
13.287295
13.287446
13.288361
13.288666
13.288713
13.288848
13.289728
13.291161
13.291406
13.291470
13.291919
13.292302
13.293619
13.293764
13.294422
13.294599
13.295053
13.295253
13.295377
13.295831
13.298237
13.298673
13.299229
13.299275
13.299534
13.299623
13.300663
13.300967
13.301505
13.301623
13.303386
13.303711
13.304714
13.304741
13.305573
13.305854
13.305998
13.306254
13.306561
13.306704
13.307029
13.308102
13.308324
13.308713
13.308913
13.309189
13.309666
13.310164
13.311075
13.311139
13.311245
13.311422
13.311873
13.312241
13.312278
13.312963
13.313100
13.313921
13.313985
13.314089
13.314102
13.314296
13.315584
13.315746
13.315961
13.316514
13.316979
13.317262
13.317481
13.317980
13.319066
13.320472
13.320483
13.320959
13.321280
13.321940
13.322248
13.322396
13.322777
13.322987
13.323030
13.324124
13.324611
13.324788
13.325193
13.327220
13.327815
13.328348
13.328387
13.328808
13.328865
13.328976
13.330162
13.330225
13.330278
13.331559
13.332306
13.332974
13.333570
13.334279
13.334362
13.334612
13.335217
13.335301
13.335450
13.337058
13.337441
13.337631
13.338279
13.339147
13.339336
13.339588
13.339732
13.340491
13.340772
13.341530
13.341738
13.342076
13.343610
13.344468
13.344731
13.344862
13.345124
13.345507
13.345619
13.345923
13.345935
13.345940
13.346248
13.346440
13.346623
13.346638
13.347132
13.347264
13.347373
13.347493
13.347528
13.347820
13.347848
13.348031
13.348565
13.348572
13.348919
13.351334
13.352803
13.353058
13.353395
13.353606
13.353724
13.354066
13.354291
13.354481
13.354648
13.354705
13.354845
13.355598
13.355637
13.356169
13.356829
13.357301
13.358002
13.358360
13.358635
13.358985
13.359841
13.360157
13.360588
13.360669
13.361330
13.363494
13.363906
13.364432
13.364688
13.364903
13.366054
13.366959
13.367054
13.367664
13.367989
13.368047
13.368269
13.368372
13.368396
13.368402
13.368767
13.368903
13.369050
13.369193
13.369238
13.369335
13.370760
13.370843
13.370988
13.371118
13.371201
13.371252
13.371279
13.371776
13.372293
13.373045
13.373050
13.374091
13.374188
13.374244
13.374952
13.375012
13.375022
13.375107
13.375149
13.375179
13.375734
13.375811
13.376101
13.376339
13.376717
13.376891
13.377429
13.377830
13.378437
13.378615
13.378812
13.379014
13.379191
13.379570
13.379917
13.381438
13.382025
13.383065
13.385841
13.387229
13.387890
13.389345
13.389530
13.389745
13.389817
13.389853
13.389879
13.390369
13.391376
13.392603
13.392840
13.393871
13.395388
13.395572
13.395683
13.396420
13.396481
13.397002
13.397118
13.397701
13.397969
13.398314
13.399293
13.399735
13.399748
13.399980
13.400626
13.400636
13.401148
13.401281
13.401576
13.402308
13.402644
13.402781
13.402824
13.403461
13.403495
13.404253
13.405261
13.405432
13.405684
13.406071
13.406653
13.406750
13.406980
13.407260
13.407463
13.407493
13.408030
13.408054
13.408442
13.408674
13.409392
13.410427
13.411744
13.411886
13.412864
13.413255
13.413380
13.413491
13.414144
13.415135
13.415215
13.415651
13.416151
13.416316
13.416801
13.417124
13.417620
13.417630
13.418328
13.418590
13.419124
13.419243
13.420326
13.421232
13.421859
13.422067
13.423460
13.423708
13.423820
13.423982
13.424163
13.424541
13.424621
13.425159
13.425637
13.425847
13.426015
13.426432
13.426448
13.427313
13.427596
13.427613
13.428170
13.428667
13.429127
13.429244
13.429302
13.430680
13.430692
13.432353
13.432781
13.432926
13.433915
13.434073
13.434349
13.435869
13.437089
13.437911
13.438764
13.439361
13.439435
13.439828
13.441025
13.441269
13.442012
13.442191
13.442758
13.443110
13.443701
13.444173
13.444396
13.444420
13.445635
13.445866
13.445870
13.446056
13.446129
13.446232
13.446259
13.446373
13.446467
13.446533
13.446996
13.447035
13.447240
13.447414
13.448848
13.448915
13.450002
13.450059
13.450694
13.450696
13.451190
13.451303
13.451621
13.451663
13.451878
13.452545
13.452663
13.452927
13.453471
13.453536
13.453648
13.454287
13.454601
13.455312
13.455479
13.455933
13.456296
13.456376
13.456554
13.456665
13.456700
13.456890
13.457577
13.459054
13.459361
13.459778
13.459904
13.460846
13.461017
13.461459
13.462249
13.462335
13.462741
13.462937
13.463652
13.463971
13.464570
13.464869
13.465093
13.465611
13.466091
13.467069
13.467171
13.467320
13.467690
13.469481
13.471418
13.471576
13.471645
13.471670
13.471936
13.471960
13.472169
13.472395
13.472744
13.473775
13.473999
13.474351
13.474729
13.476137
13.476369
13.476864
13.477317
13.477811
13.479240
13.479485
13.479644
13.481456
13.481465
13.481503
13.481589
13.481673
13.481870
13.482706
13.482766
13.483159
13.483790
13.484072
13.484271
13.485642
13.485688
13.485993
13.487097
13.487883
13.488203
13.488605
13.489023
13.489570
13.489651
13.489933
13.490406
13.490612
13.491663
13.492064
13.492642
13.492787
13.492887
13.492921
13.493629
13.495073
13.495391
13.495502
13.495506
13.496103
13.497079
13.497203
13.497352
13.497946
13.498455
13.498850
13.499207
13.499547
13.499683
13.501765
13.501896
13.503492
13.503655
13.505384
13.506434
13.507773
13.508249
13.508437
13.508866
13.508924
13.509000
13.509330
13.510129
13.510223
13.511121
13.511236
13.511389
13.511771
13.512545
13.513004
13.513185
13.513713
13.514606
13.514853
13.515108
13.515371
13.515738
13.515997
13.516227
13.516428
13.516540
13.517467
13.517550
13.517569
13.517716
13.518218
13.518471
13.519187
13.519548
13.519577
13.519719
13.520606
13.520851
13.521312
13.522310
13.522401
13.522455
13.522998
13.523232
13.523888
13.524361
13.524373
13.524421
13.524998
13.525051
13.525487
13.525878
13.526285
13.526616
13.527182
13.527820
13.528039
13.528179
13.528270
13.529157
13.529352
13.529765
13.529820
13.531450
13.531524
13.531666
13.531746
13.532727
13.533169
13.533475
13.533478
13.533726
13.534648
13.534663
13.535509
13.536143
13.536707
13.537263
13.538288
13.538896
13.539809
13.539823
13.540987
13.541615
13.542382
13.542531
13.542849
13.544313
13.544559
13.544600
13.545627
13.545822
13.545955
13.546000
13.546599
13.546741
13.546847
13.547202
13.548510
13.548822
13.548828
13.548927
13.549154
13.549358
13.549498
13.550175
13.550374
13.550428
13.550892
13.551005
13.551966
13.552141
13.553032
13.553472
13.553679
13.554128
13.554280
13.554648
13.555076
13.555078
13.555324
13.555834
13.555842
13.556086
13.556182
13.556586
13.557483
13.557980
13.558158
13.558333
13.559022
13.559537
13.559991
13.560013
13.561866
13.562508
13.562696
13.562732
13.563295
13.563353
13.564076
13.564119
13.564155
13.564676
13.566633
13.566810
13.567974
13.568233
13.568234
13.568534
13.568645
13.568694
13.568953
13.569258
13.569294
13.569396
13.571404
13.571853
13.571880
13.572228
13.572259
13.572600
13.572840
13.573114
13.573273
13.573911
13.574304
13.575205
13.575403
13.575930
13.576326
13.576586
13.576634
13.577209
13.577581
13.577957
13.578242
13.578323
13.578471
13.578769
13.579113
13.579138
13.579175
13.579472
13.579541
13.580764
13.581031
13.581059
13.581167
13.581781
13.581964
13.582260
13.582425
13.582778
13.583013
13.583211
13.583679
13.584322
13.584336
13.584538
13.584926
13.585206
13.585281
13.585546
13.585699
13.585910
13.586356
13.586923
13.587135
13.587220
13.587403
13.587991
13.588180
13.588657
13.588919
13.589267
13.589783
13.589986
13.590541
13.590644
13.590788
13.591079
13.591606
13.591872
13.592051
13.592591
13.592753
13.593428
13.593838
13.593950
13.594031
13.594335
13.594657
13.594715
13.595016
13.596128
13.596659
13.597101
13.597154
13.597692
13.597940
13.598054
13.598083
13.598423
13.598648
13.599015
13.599257
13.599505
13.599648
13.599859
13.599980
13.600776
13.601015
13.601507
13.602551
13.603279
13.603389
13.603689
13.603968
13.604774
13.605037
13.605103
13.606501
13.606740
13.607009
13.607361
13.607759
13.608743
13.608744
13.610737
13.611384
13.611606
13.611990
13.612026
13.612209
13.612399
13.612432
13.612652
13.613454
13.613679
13.613745
13.613766
13.613873
13.614534
13.615391
13.615401
13.615734
13.616277
13.616582
13.616954
13.617141
13.617186
13.617349
13.618040
13.618484
13.618668
13.619086
13.619647
13.619722
13.620263
13.620531
13.620901
13.621112
13.621282
13.622119
13.622679
13.622686
13.622755
13.623039
13.623083
13.623159
13.623489
13.623496
13.624281
13.624599
13.624938
13.625107
13.625687
13.625691
13.625831
13.626891
13.627058
13.627150
13.628215
13.628900
13.629069
13.629214
13.629443
13.629610
13.630713
13.630826
13.631374
13.632723
13.632796
13.632883
13.632933
13.633044
13.633307
13.633747
13.634384
13.634655
13.635138
13.635138
13.635422
13.635428
13.635525
13.635660
13.635790
13.635995
13.636561
13.637033
13.637797
13.637994
13.638310
13.638465
13.639187
13.639289
13.639339
13.639380
13.639616
13.639925
13.640527
13.641551
13.642056
13.642150
13.642421
13.642813
13.643064
13.643522
13.643541
13.644123
13.644183
13.644194
13.645396
13.645523
13.645570
13.645774
13.646050
13.646617
13.647012
13.647070
13.647256
13.647969
13.648497
13.648918
13.649014
13.649163
13.649338
13.649745
13.650167
13.650175
13.650876
13.650950
13.651301
13.653964
13.654378
13.654531
13.654545
13.656232
13.657360
13.657385
13.658066
13.658533
13.659332
13.659553
13.659857
13.660017
13.660350
13.660780
13.661028
13.661812
13.662076
13.662468
13.662504
13.662508
13.662795
13.662841
13.663465
13.664461
13.664474
13.665336
13.665919
13.666145
13.666360
13.667286
13.667339
13.667458
13.667521
13.668075
13.668160
13.668178
13.668502
13.668831
13.668906
13.669082
13.669667
13.670611
13.671108
13.671171
13.671184
13.671474
13.671875
13.672003
13.672142
13.672317
13.672553
13.672733
13.672738
13.672855
13.672984
13.673141
13.673326
13.673432
13.673749
13.673897
13.674208
13.674447
13.674625
13.674651
13.674701
13.675448
13.676374
13.676376
13.676793
13.676876
13.676922
13.676956
13.677055
13.677380
13.677797
13.677810
13.677855
13.677965
13.678524
13.678728
13.678769
13.679365
13.680264
13.680470
13.680605
13.680792
13.680914
13.681153
13.681381
13.682030
13.682281
13.682884
13.683827
13.684010
13.685176
13.685258
13.685583
13.685828
13.685909
13.687597
13.687621
13.688107
13.688811
13.689134
13.689757
13.689809
13.690517
13.691098
13.691254
13.691405
13.691480
13.692007
13.692063
13.692401
13.693783
13.693964
13.694662
13.697409
13.697425
13.697580
13.698024
13.698236
13.699039
13.699125
13.699149
13.699361
13.699401
13.699534
13.699537
13.699608
13.700110
13.700151
13.701180
13.701838
13.701986
13.702143
13.702522
13.702776
13.702806
13.703450
13.703727
13.704082
13.704153
13.704162
13.704213
13.704322
13.704418
13.704511
13.705413
13.705467
13.705790
13.706385
13.706397
13.706898
13.706987
13.707295
13.709013
13.709344
13.709562
13.709984
13.710006
13.711136
13.712468
13.712737
13.712911
13.713492
13.713809
13.714862
13.715351
13.715707
13.715981
13.716314
13.716380
13.716396
13.716406
13.717098
13.717603
13.718121
13.718740
13.720345
13.721902
13.722001
13.722247
13.722547
13.722857
13.723614
13.724262
13.724325
13.724647
13.724739
13.724771
13.725738
13.726171
13.726670
13.727262
13.727888
13.728018
13.728045
13.728076
13.728435
13.728693
13.729272
13.729409
13.730002
13.730327
13.730929
13.731219
13.731643
13.731819
13.731998
13.732415
13.732491
13.732868
13.733720
13.734233
13.734327
13.734698
13.734912
13.735668
13.736012
13.736320
13.736403
13.736501
13.736884
13.736929
13.737053
13.737583
13.737965
13.738761
13.739391
13.740232
13.740997
13.741315
13.741400
13.741758
13.742555
13.742799
13.744669
13.744725
13.744988
13.745608
13.746521
13.746964
13.747135
13.748658
13.749216
13.749307
13.750178
13.750198
13.750637
13.751330
13.751498
13.751547
13.751847
13.752313
13.752362
13.752893
13.753789
13.754140
13.754248
13.755518
13.755595
13.755672
13.755764
13.756519
13.757598
13.757646
13.757649
13.757661
13.757697
13.758015
13.758718
13.758770
13.758868
13.760593
13.760641
13.760718
13.760967
13.761346
13.761606
13.761775
13.761790
13.761917
13.762020
13.762347
13.762460
13.762813
13.762903
13.763157
13.763515
13.765209
13.765948
13.766070
13.766656
13.766700
13.766769
13.766778
13.767473
13.767776
13.768407
13.769316
13.769425
13.770040
13.770061
13.771240
13.771622
13.771755
13.772440
13.773399
13.774068
13.774351
13.774549
13.774985
13.775007
13.775571
13.775726
13.776176
13.776715
13.776976
13.777797
13.778479
13.778824
13.779110
13.779216
13.779831
13.779902
13.780049
13.780285
13.780311
13.780980
13.781078
13.781229
13.782010
13.782630
13.782863
13.782899
13.782962
13.783122
13.783597
13.783731
13.784004
13.784559
13.784675
13.784717
13.785607
13.785641
13.786492
13.786949
13.787033
13.787356
13.787591
13.787656
13.787783
13.788269
13.789129
13.789932
13.790024
13.790597
13.790671
13.790918
13.791066
13.791397
13.791404
13.791688
13.791724
13.791734
13.791776
13.791912
13.792542
13.792610
13.793843
13.793880
13.793919
13.793931
13.794443
13.794794
13.796490
13.796514
13.796737
13.797001
13.798304
13.798491
13.798971
13.799557
13.800735
13.801415
13.802899
13.802915
13.802998
13.803177
13.803706
13.804190
13.805803
13.806077
13.806326
13.806732
13.807402
13.807832
13.807956
13.808152
13.808219
13.808367
13.808620
13.808917
13.809108
13.809331
13.809403
13.809443
13.809505
13.809897
13.810219
13.810457
13.810616
13.810727
13.811079
13.811230
13.811537
13.811996
13.812570
13.813241
13.813615
13.813951
13.814058
13.814248
13.814386
13.814454
13.814913
13.815191
13.815287
13.815557
13.816245
13.817015
13.817560
13.818187
13.818264
13.818368
13.818671
13.818949
13.819158
13.819439
13.819447
13.819695
13.820094
13.820394
13.820457
13.820892
13.820951
13.820987
13.821077
13.821136
13.822218
13.822581
13.823525
13.823550
13.823762
13.824212
13.824393
13.824666
13.824969
13.824994
13.825181
13.826430
13.826620
13.827201
13.827754
13.827810
13.828122
13.828345
13.828395
13.828785
13.829252
13.829336
13.829392
13.829731
13.830006
13.830013
13.830016
13.830491
13.830953
13.831081
13.831188
13.832686
13.832858
13.833482
13.833595
13.833613
13.833705
13.833895
13.834415
13.834431
13.834528
13.836788
13.837444
13.837748
13.837896
13.838024
13.838232
13.838537
13.838807
13.838892
13.839028
13.839170
13.840292
13.841542
13.841780
13.842043
13.842360
13.842460
13.842566
13.842687
13.842759
13.843250
13.843386
13.843449
13.844220
13.844974
13.845027
13.845353
13.846453
13.846734
13.847134
13.847577
13.847981
13.848157
13.848278
13.848622
13.849196
13.849426
13.849515
13.849672
13.850258
13.850572
13.850776
13.851011
13.851112
13.851380
13.851460
13.852057
13.852331
13.853024
13.853768
13.853948
13.853996
13.854910
13.855095
13.855334
13.855511
13.855527
13.856176
13.856221
13.856289
13.857122
13.857318
13.858582
13.859226
13.859278
13.859340
13.859538
13.860320
13.860819
13.862029
13.862255
13.862827
13.863217
13.863871
13.864426
13.864726
13.864860
13.865004
13.865150
13.865244
13.865259
13.865667
13.865862
13.866573
13.866662
13.866901
13.867788
13.867865
13.867950
13.868368
13.868571
13.869972
13.869989
13.869994
13.870152
13.870651
13.871006
13.871091
13.871489
13.871958
13.872566
13.872606
13.873013
13.873253
13.874002
13.874577
13.874586
13.875486
13.875572
13.875651
13.876439
13.876644
13.876677
13.877656
13.878089
13.878395
13.878526
13.879075
13.879321
13.879399
13.879474
13.879694
13.880088
13.880398
13.880499
13.880784
13.880878
13.880935
13.880970
13.881116
13.881258
13.881455
13.881665
13.882071
13.882275
13.882522
13.882541
13.882862
13.883226
13.883670
13.884661
13.884679
13.885284
13.885333
13.885601
13.886504
13.887117
13.887949
13.888054
13.888235
13.888450
13.888493
13.888789
13.888870
13.888991
13.889110
13.889485
13.889833
13.890274
13.890551
13.890778
13.891402
13.891686
13.892759
13.892773
13.893099
13.893309
13.894094
13.894337
13.894527
13.894717
13.894737
13.894847
13.894979
13.895916
13.896046
13.896439
13.896816
13.897051
13.897164
13.897612
13.898160
13.898166
13.898196
13.898511
13.899229
13.899494
13.899536
13.899624
13.899877
13.899926
13.900319
13.901079
13.901318
13.901525
13.901986
13.902273
13.902320
13.902725
13.902936
13.903603
13.903650
13.903764
13.904102
13.905465
13.905957
13.906176
13.906431
13.906752
13.906765
13.907675
13.908131
13.908143
13.908217
13.908695
13.909051
13.910449
13.910886
13.911304
13.911922
13.912677
13.912842
13.913588
13.913942
13.914211
13.914440
13.915559
13.916034
13.916050
13.916263
13.916683
13.916970
13.917818
13.917993
13.918344
13.918434
13.920024
13.920671
13.921292
13.921458
13.921594
13.921893
13.922896
13.923021
13.923540
13.924203
13.924400
13.924421
13.924627
13.924889
13.925220
13.926236
13.926280
13.927034
13.927374
13.927567
13.927759
13.927762
13.928179
13.928276
13.928554
13.930118
13.930624
13.930690
13.931878
13.932070
13.932159
13.932240
13.932463
13.932679
13.933129
13.933159
13.933188
13.933414
13.934646
13.935096
13.935708
13.935959
13.936879
13.936887
13.937300
13.937967
13.938169
13.938445
13.938530
13.938607
13.939104
13.939268
13.941385
13.942112
13.942315
13.943581
13.943906
13.943922
13.944046
13.944213
13.944336
13.944431
13.944474
13.944541
13.944624
13.944748
13.945359
13.945554
13.945692
13.945952
13.946105
13.946191
13.946561
13.947345
13.947388
13.947483
13.947614
13.948311
13.948958
13.949695
13.949872
13.950369
13.950794
13.950939
13.951194
13.951631
13.952016
13.953240
13.953977
13.954229
13.955031
13.955943
13.955969
13.956850
13.957148
13.957207
13.957527
13.957682
13.957847
13.958014
13.958172
13.958384
13.958732
13.959382
13.962400
13.962760
13.963469
13.964128
13.964499
13.964565
13.966479
13.967044
13.967284
13.967932
13.968039
13.968256
13.969131
13.969774
13.969887
13.970166
13.970707
13.972198
13.972206
13.972481
13.972919
13.972996
13.973035
13.973293
13.973334
13.974273
13.975630
13.977021
13.977389
13.977501
13.978233
13.978859
13.979067
13.979203
13.979391
13.979506
13.979834
13.979845
13.979944
13.980481
13.980986
13.981006
13.981154
13.981882
13.982648
13.983027
13.983748
13.983908
13.983973
13.984013
13.984312
13.984389
13.985130
13.985297
13.985627
13.985765
13.986524
13.987467
13.987494
13.987719
13.988098
13.988452
13.989993
13.990840
13.990888
13.990930
13.991271
13.991411
13.991782
13.991951
13.992252
13.992260
13.992290
13.992623
13.993188
13.993905
13.993985
13.994731
13.995621
13.996382
13.996541
13.996694
13.996865
13.997293
13.997392
13.997526
13.997574
13.998809
14.000296
14.000631
14.001554
14.002016
14.002301
14.002361
14.003090
14.003157
14.004603
14.005032
14.005250
14.005304
14.005826
14.006016
14.006702
14.007007
14.007082
14.007819
14.007879
14.007936
14.008029
14.008096
14.008117
14.008553
14.008854
14.010193
14.010227
14.011134
14.011291
14.011328
14.012316
14.012663
14.012995
14.013155
14.013885
14.014338
14.014783
14.014863
14.014920
14.015249
14.016543
14.016915
14.017270
14.017600
14.017706
14.018659
14.019076
14.019137
14.019264
14.021129
14.022079
14.022160
14.022692
14.022707
14.022888
14.023653
14.025025
14.026137
14.026187
14.026961
14.027766
14.027992
14.028564
14.028615
14.028654
14.028665
14.028773
14.028891
14.029208
14.029227
14.030180
14.030749
14.031173
14.032176
14.032192
14.032383
14.032420
14.033177
14.033785
14.033885
14.034261
14.035650
14.035960
14.037810
14.037967
14.038196
14.038218
14.038277
14.039342
14.039363
14.039490
14.039671
14.039773
14.042403
14.043456
14.044331
14.044694
14.045271
14.045718
14.045919
14.046212
14.046481
14.046796
14.047121
14.047305
14.047315
14.047542
14.047719
14.050462
14.050828
14.050963
14.051308
14.051325
14.051425
14.051616
14.051680
14.052325
14.052717
14.052992
14.053366
14.054420
14.055222
14.056897
14.057390
14.057639
14.058579
14.058997
14.059031
14.059548
14.059820
14.061749
14.062147
14.062187
14.062753
14.063095
14.063976
14.064061
14.064616
14.064758
14.064836
14.065151
14.065648
14.066452
14.066553
14.066648
14.066649
14.067307
14.067313
14.067539
14.067564
14.068274
14.068574
14.068959
14.070140
14.070330
14.070418
14.071222
14.071638
14.072304
14.073305
14.073688
14.073914
14.075387
14.075441
14.075667
14.076222
14.076355
14.077146
14.077302
14.077895
14.078792
14.078865
14.080300
14.080585
14.080590
14.080930
14.080961
14.081560
14.081576
14.082115
14.083964
14.084003
14.084554
14.085122
14.085459
14.085462
14.085927
14.085936
14.086156
14.086233
14.086384
14.087699
14.088474
14.088682
14.089548
14.090260
14.090479
14.090558
14.090939
14.091122
14.092329
14.092449
14.093833
14.094176
14.094205
14.095680
14.095733
14.096585
14.097713
14.097945
14.098365
14.098934
14.100242
14.101007
14.101362
14.101849
14.101912
14.102316
14.102805
14.103381
14.103399
14.104831
14.105168
14.105674
14.108162
14.108251
14.108702
14.109332
14.109724
14.110426
14.111293
14.112306
14.112773
14.112906
14.113884
14.114169
14.115200
14.115274
14.115310
14.116670
14.116730
14.116763
14.117141
14.117990
14.118230
14.118376
14.118510
14.119218
14.119373
14.120343
14.120584
14.120991
14.121036
14.121188
14.121494
14.121502
14.121924
14.121971
14.122546
14.122671
14.123137
14.123191
14.123437
14.123466
14.123714
14.123735
14.124129
14.124191
14.124853
14.125317
14.127014
14.127338
14.127908
14.127915
14.128224
14.128620
14.128817
14.129113
14.129836
14.130386
14.130727
14.131242
14.131568
14.132192
14.132540
14.133003
14.133055
14.133648
14.133922
14.134800
14.135530
14.135653
14.135888
14.135898
14.136649
14.136696
14.137305
14.137967
14.139085
14.139374
14.139911
14.139971
14.140271
14.140370
14.140786
14.141044
14.141729
14.142958
14.144251
14.145638
14.146070
14.146153
14.146476
14.147212
14.147270
14.147871
14.148035
14.148835
14.149432
14.149587
14.150229
14.150736
14.150826
14.150881
14.150928
14.150988
14.152881
14.153026
14.153523
14.154222
14.154304
14.154881
14.155049
14.155058
14.155211
14.155931
14.156365
14.156486
14.157008
14.157168
14.157322
14.157650
14.157725
14.158035
14.158606
14.158774
14.160698
14.160928
14.161046
14.161569
14.161756
14.162976
14.163264
14.163309
14.163620
14.164429
14.164454
14.164751
14.164927
14.165130
14.165357
14.165677
14.165912
14.165956
14.166193
14.166236
14.166438
14.166599
14.167330
14.168241
14.168399
14.168468
14.169096
14.169331
14.169394
14.169805
14.170539
14.170717
14.171228
14.171332
14.171351
14.172165
14.172920
14.173056
14.173684
14.173962
14.174644
14.175037
14.175473
14.175871
14.175872
14.176484
14.176894
14.177314
14.177853
14.178387
14.179143
14.179357
14.180016
14.181190
14.181813
14.182887
14.182895
14.183218
14.183428
14.184200
14.184247
14.184294
14.184360
14.185745
14.186084
14.186319
14.186763
14.188093
14.189258
14.190006
14.190087
14.191597
14.192116
14.192955
14.193147
14.193181
14.194914
14.195122
14.195216
14.195360
14.195651
14.195803
14.195824
14.196217
14.196293
14.196492
14.196672
14.196819
14.197241
14.197604
14.198003
14.199060
14.199415
14.199553
14.199636
14.200075
14.201152
14.201292
14.202018
14.202783
14.202826
14.202970
14.203616
14.203977
14.204628
14.204721
14.204914
14.205390
14.205508
14.206509
14.207426
14.207837
14.208128
14.208529
14.209309
14.209450
14.210150
14.210314
14.210329
14.210989
14.211168
14.211800
14.211848
14.212344
14.212584
14.213912
14.213973
14.214809
14.215696
14.216330
14.216585
14.218091
14.218326
14.218413
14.218443
14.218689
14.219007
14.219121
14.219396
14.219585
14.220180
14.220223
14.220230
14.220560
14.220746
14.222246
14.222295
14.223737
14.224029
14.225231
14.225245
14.225875
14.226089
14.226550
14.227144
14.227722
14.228336
14.229052
14.230267
14.230385
14.230694
14.231098
14.231547
14.232010
14.232201
14.232246
14.233406
14.233890
14.234600
14.234822
14.236976
14.237088
14.237181
14.237296
14.237649
14.239416
14.239557
14.239798
14.240284
14.240596
14.241937
14.242702
14.242703
14.243274
14.244163
14.245991
14.246231
14.247158
14.247925
14.248364
14.248367
14.248438
14.248440
14.249737
14.250935
14.251306
14.251474
14.252158
14.252315
14.252464
14.252629
14.254189
14.254316
14.255273
14.255942
14.257229
14.257476
14.257498
14.258824
14.259146
14.259497
14.259879
14.260036
14.260174
14.260628
14.261349
14.261952
14.262011
14.262943
14.263228
14.263545
14.263585
14.264096
14.264567
14.264709
14.264986
14.265658
14.265837
14.267370
14.267419
14.267736
14.267742
14.268026
14.268358
14.268523
14.268528
14.268951
14.269067
14.270291
14.271012
14.271748
14.272051
14.272166
14.273547
14.273771
14.274061
14.274734
14.274838
14.275190
14.276491
14.276503
14.276978
14.277531
14.277864
14.277922
14.278300
14.279585
14.279988
14.280033
14.280425
14.280457
14.280763
14.281111
14.283092
14.283358
14.284125
14.284291
14.284496
14.285019
14.285274
14.285282
14.285448
14.285666
14.286476
14.286675
14.286739
14.287564
14.288044
14.288433
14.288860
14.289205
14.289694
14.289832
14.289967
14.290251
14.291018
14.291866
14.292134
14.292288
14.293484
14.293606
14.293969
14.294027
14.294067
14.294231
14.296030
14.296493
14.296532
14.296620
14.296794
14.297682
14.298210
14.298224
14.299522
14.299652
14.299953
14.300658
14.300691
14.300714
14.300982
14.301688
14.302496
14.303231
14.304455
14.304473
14.304936
14.305072
14.305107
14.305369
14.305815
14.306099
14.306109
14.308066
14.308119
14.308573
14.308657
14.311168
14.311620
14.312360
14.313429
14.313515
14.315193
14.315436
14.315442
14.315824
14.316193
14.316768
14.316991
14.317256
14.317885
14.318681
14.319571
14.320940
14.321533
14.321759
14.321989
14.322238
14.323118
14.323280
14.323491
14.323498
14.323613
14.323682
14.324166
14.325267
14.325458
14.325949
14.326464
14.327120
14.327476
14.328269
14.328484
14.329612
14.329640
14.329678
14.329737
14.330070
14.330124
14.330157
14.330202
14.330794
14.331429
14.331974
14.332492
14.333205
14.333812
14.334011
14.334141
14.334210
14.334377
14.334711
14.335402
14.336027
14.336103
14.336667
14.337047
14.337740
14.338606
14.339058
14.339194
14.339197
14.339340
14.339579
14.339604
14.339704
14.339787
14.340014
14.340217
14.340263
14.340313
14.340543
14.340678
14.341318
14.341365
14.341558
14.342680
14.343300
14.344124
14.344168
14.344765
14.344891
14.344969
14.344997
14.345355
14.345687
14.346839
14.347119
14.347375
14.347537
14.347701
14.348386
14.349353
14.349479
14.350041
14.350468
14.350572
14.351282
14.351423
14.351499
14.352443
14.352501
14.353785
14.354191
14.355287
14.356162
14.356220
14.356275
14.357378
14.357906
14.358534
14.358684
14.358957
14.359128
14.359172
14.359384
14.359402
14.360354
14.360724
14.361309
14.361734
14.362269
14.362493
14.362547
14.363768
14.364785
14.365132
14.365682
14.366239
14.366319
14.367222
14.367600
14.368372
14.368802
14.369077
14.369387
14.369604
14.369952
14.370068
14.370177
14.370831
14.371015
14.371281
14.372694
14.374291
14.374305
14.374456
14.374840
14.375271
14.375684
14.375723
14.376039
14.376680
14.377434
14.377499
14.377745
14.378403
14.378589
14.380277
14.380615
14.380995
14.382298
14.382504
14.383231
14.383275
14.384566
14.384884
14.384944
14.385839
14.386739
14.386841
14.387345
14.387402
14.387463
14.389217
14.390473
14.390739
14.390921
14.391245
14.391882
14.392366
14.392589
14.393377
14.393984
14.394084
14.394435
14.394922
14.395144
14.395675
14.395872
14.396605
14.396611
14.397392
14.397551
14.399657
14.399934
14.400660
14.401267
14.401353
14.401422
14.402016
14.402274
14.402899
14.403187
14.404302
14.404303
14.404350
14.404989
14.405278
14.405730
14.406291
14.406631
14.406910
14.406960
14.407119
14.407269
14.407383
14.407440
14.408162
14.409083
14.409111
14.409886
14.410188
14.411130
14.411438
14.412191
14.412264
14.412318
14.412708
14.413165
14.413854
14.415089
14.415487
14.415673
14.416599
14.416983
14.417089
14.417353
14.417422
14.417464
14.417820
14.417830
14.417900
14.419672
14.419748
14.419806
14.423139
14.423540
14.423870
14.424278
14.425277
14.426288
14.426442
14.426826
14.427075
14.427162
14.428461
14.428592
14.428851
14.428897
14.428898
14.428912
14.429252
14.430273
14.430637
14.430664
14.431325
14.432638
14.432769
14.433324
14.434162
14.434324
14.434855
14.434872
14.435584
14.436352
14.437159
14.438852
14.441561
14.441803
14.442139
14.442445
14.442549
14.442646
14.442701
14.443241
14.443531
14.443932
14.444016
14.444077
14.444429
14.445839
14.446819
14.447002
14.447321
14.447428
14.447549
14.447678
14.447920
14.447986
14.448104
14.448442
14.448582
14.449495
14.449612
14.449898
14.450302
14.451049
14.451162
14.451655
14.453274
14.453772
14.454215
14.454277
14.454363
14.454885
14.455645
14.456469
14.456817
14.457650
14.458020
14.458605
14.459700
14.459848
14.460010
14.460747
14.461052
14.461088
14.461457
14.462090
14.463530
14.463972
14.464187
14.464667
14.464756
14.464774
14.465328
14.466407
14.467531
14.467584
14.467941
14.469277
14.469328
14.469416
14.471796
14.471996
14.472120
14.472255
14.472822
14.473158
14.473465
14.474315
14.474574
14.474659
14.474660
14.474890
14.476055
14.476438
14.476644
14.476690
14.476740
14.477528
14.477699
14.478124
14.480269
14.480309
14.481094
14.481391
14.481504
14.481740
14.481897
14.482273
14.482731
14.483268
14.483381
14.483847
14.484211
14.484213
14.484286
14.484388
14.485912
14.485990
14.486118
14.486845
14.487010
14.487079
14.487260
14.487880
14.488420
14.491449
14.492472
14.492504
14.493455
14.493619
14.493640
14.493768
14.494211
14.494220
14.495394
14.495894
14.496449
14.496497
14.496719
14.496924
14.498358
14.499057
14.499401
14.499604
14.502462
14.502519
14.503155
14.503964
14.504849
14.505373
14.506228
14.506499
14.508333
14.509944
14.509976
14.510819
14.511234
14.511253
14.511634
14.511671
14.511744
14.512174
14.512500
14.513486
14.513697
14.514567
14.515194
14.515593
14.516113
14.516553
14.517192
14.517233
14.517350
14.517893
14.518151
14.518289
14.518469
14.518772
14.519389
14.519992
14.520195
14.520590
14.520795
14.520903
14.521076
14.521147
14.521539
14.521688
14.521964
14.522555
14.522799
14.523317
14.524059
14.524180
14.524916
14.526299
14.526484
14.526892
14.527245
14.527293
14.527799
14.528080
14.528402
14.528798
14.528917
14.529156
14.529604
14.529872
14.529893
14.529925
14.530261
14.532501
14.532873
14.532985
14.533096
14.533414
14.534278
14.534443
14.535197
14.536979
14.537724
14.538895
14.538895
14.539163
14.539518
14.539762
14.540240
14.541087
14.541917
14.542324
14.543133
14.543590
14.544416
14.545022
14.545719
14.545975
14.546040
14.548308
14.548761
14.549577
14.549682
14.549861
14.552828
14.553363
14.553873
14.553908
14.553977
14.555415
14.555719
14.556089
14.556480
14.558221
14.559684
14.559742
14.560120
14.561080
14.561613
14.563163
14.563604
14.564281
14.565064
14.565408
14.566847
14.567492
14.567640
14.567809
14.568742
14.569622
14.569943
14.570099
14.570914
14.571747
14.572257
14.572417
14.572803
14.573183
14.573461
14.574244
14.574601
14.575439
14.575793
14.576076
14.576706
14.577426
14.577499
14.577505
14.578054
14.578134
14.578321
14.578511
14.579045
14.579710
14.580140
14.580775
14.582022
14.582862
14.583123
14.583219
14.584804
14.585649
14.586149
14.586404
14.586623
14.586729
14.587226
14.587660
14.587673
14.587770
14.588577
14.589275
14.589383
14.590431
14.590694
14.591350
14.591427
14.592589
14.592774
14.593159
14.594305
14.594594
14.595610
14.596235
14.596309
14.596465
14.596638
14.596999
14.597371
14.597561
14.598793
14.599009
14.599174
14.601201
14.602994
14.603571
14.604342
14.605250
14.605283
14.606732
14.607677
14.607849
14.608106
14.608166
14.608670
14.609174
14.609361
14.609514
14.609661
14.610014
14.610662
14.610689
14.611058
14.611302
14.611437
14.611542
14.615097
14.615621
14.615918
14.616654
14.616982
14.617922
14.618916
14.619269
14.620286
14.620416
14.621232
14.621325
14.621443
14.621450
14.621595
14.622638
14.623836
14.624751
14.624788
14.624810
14.626495
14.627018
14.627683
14.627896
14.628840
14.629626
14.629771
14.629842
14.630230
14.630393
14.631494
14.632702
14.632737
14.633615
14.634035
14.634141
14.634499
14.634538
14.634780
14.634853
14.635135
14.635180
14.635402
14.637048
14.637400
14.638373
14.639496
14.639599
14.639669
14.640195
14.640595
14.640962
14.641150
14.642914
14.643275
14.645035
14.645295
14.645512
14.645892
14.646982
14.647603
14.648162
14.648966
14.651634
14.652359
14.652595
14.652809
14.652964
14.653049
14.653218
14.653507
14.654080
14.654600
14.654783
14.655054
14.655119
14.655195
14.655951
14.656299
14.656316
14.656411
14.656618
14.658473
14.658916
14.659431
14.660755
14.661282
14.661546
14.661833
14.662042
14.662162
14.662655
14.662952
14.665076
14.665709
14.666239
14.666786
14.668070
14.669064
14.670176
14.670246
14.671562
14.672236
14.672334
14.673291
14.673732
14.675776
14.678345
14.678803
14.679019
14.679418
14.679836
14.680026
14.680488
14.680577
14.680641
14.680651
14.681171
14.681406
14.682300
14.682369
14.683008
14.683700
14.684948
14.685004
14.685019
14.686036
14.686302
14.686770
14.686917
14.687866
14.689149
14.691587
14.691755
14.692969
14.693437
14.693492
14.693690
14.695712
14.696041
14.696088
14.697913
14.698783
14.699549
14.700184
14.700258
14.700270
14.700379
14.701101
14.701287
14.701615
14.702543
14.703192
14.703799
14.705049
14.705957
14.706635
14.707768
14.707975
14.708098
14.708254
14.708510
14.708583
14.709041
14.709044
14.709061
14.709265
14.709542
14.709853
14.709895
14.710566
14.711320
14.711391
14.712015
14.712156
14.712206
14.712343
14.712920
14.712925
14.713859
14.713926
14.714688
14.714754
14.714965
14.715223
14.717944
14.718082
14.718568
14.719747
14.720425
14.720592
14.721026
14.721333
14.721656
14.721728
14.722079
14.722864
14.723344
14.723909
14.724142
14.724250
14.724936
14.725259
14.725350
14.726435
14.726467
14.727049
14.727784
14.728844
14.729718
14.730411
14.730869
14.731459
14.731941
14.732745
14.732828
14.733503
14.734381
14.736012
14.736885
14.736891
14.737941
14.739170
14.739470
14.740246
14.740416
14.741146
14.741368
14.741711
14.742195
14.742289
14.742477
14.744712
14.745881
14.746394
14.747392
14.747423
14.747635
14.748494
14.749775
14.752776
14.752850
14.753007
14.753126
14.753188
14.753983
14.754066
14.754705
14.755149
14.757467
14.757524
14.757714
14.759376
14.759684
14.759968
14.760490
14.761990
14.762134
14.762774
14.764735
14.765325
14.765678
14.766691
14.766737
14.766976
14.767373
14.768174
14.768904
14.769404
14.769604
14.771852
14.772729
14.774873
14.775050
14.775342
14.775493
14.775721
14.778739
14.778921
14.780901
14.781318
14.782665
14.784826
14.785296
14.786173
14.786385
14.786937
14.787337
14.788823
14.789224
14.789403
14.789597
14.789804
14.789968
14.791752
14.791842
14.792152
14.792289
14.793596
14.794961
14.795988
14.796454
14.797035
14.797605
14.798308
14.798622
14.801350
14.802312
14.803068
14.804518
14.805478
14.806049
14.807827
14.808602
14.809152
14.809421
14.810892
14.812066
14.812129
14.813918
14.814317
14.814422
14.815498
14.815821
14.816500
14.816966
14.817454
14.819626
14.820916
14.822767
14.822975
14.824735
14.830154
14.830564
14.831247
14.831652
14.832345
14.833299
14.833461
14.833891
14.835139
14.835633
14.837681
14.838921
14.839807
14.840486
14.840771
14.843914
14.843958
14.846038
14.850952
14.851933
14.852127
14.852135
14.852305
14.853592
14.855223
14.855852
14.856199
14.856964
14.857010
14.859534
14.860019
14.861712
14.861813
14.863590
14.863605
14.863628
14.865357
14.865520
14.865632
14.865799
14.867353
14.867560
14.867930
14.868464
14.869060
14.869349
14.869697
14.870735
14.872141
14.873099
14.874118
14.874739
14.875926
14.876371
14.876728
14.877172
14.878249
14.878294
14.878481
14.878842
14.880013
14.884469
14.889370
14.890341
14.894517
14.894561
14.896214
14.896643
14.900034
14.900351
14.900499
14.900928
14.903725
14.904737
14.907436
14.908901
14.909287
14.909489
14.914681
14.916641
14.925660
14.926558
14.929343
14.930405
14.930449
14.931334
14.932356
14.934563
14.935241
14.936171
14.936703
14.938328
14.939461
14.941683
14.941962
14.942407
14.946378
14.946655
14.951827
14.952645
14.953904
14.955663
14.955935
14.957111
14.958588
14.958759
14.964633
14.964900
14.965466
14.966053
14.967419
14.969199
14.970931
14.972324
14.972974
14.975532
14.976393
14.986365
14.986820
14.990486
14.991766
14.992592
14.992978
