1.000000
1.145667
1.149198
1.153083
1.182004
1.231254
1.257592
1.282074
1.289766
1.308027
1.308142
1.317332
1.373344
1.385702
1.388128
1.390278
1.395869
1.412890
1.414586
1.431096
1.467239
1.471323
1.478505
1.482162
1.509104
1.516076
1.527423
1.532768
1.560585
1.563959
1.567313
1.572465
1.594144
1.609125
1.632256
1.633847
1.644938
1.655386
1.657266
1.687298
1.691773
1.692120
1.711029
1.715918
1.725846
1.750546
1.754440
1.763064
1.785615
1.796234
1.801058
1.807328
1.814066
1.817839
1.820125
1.820340
1.826389
1.829721
1.830217
1.832241
1.836873
1.839308
1.839991
1.840155
1.840234
1.840277
1.847411
1.852847
1.854721
1.855881
1.869395
1.871320
1.875200
1.877853
1.877961
1.884770
1.887577
1.892278
1.897171
1.901481
1.903901
1.908297
1.913011
1.916378
1.933039
1.933388
1.934021
1.937238
1.941648
1.944365
1.950464
1.951078
1.951416
1.954410
1.954848
1.956877
1.960934
1.961026
1.961159
1.967029
1.968922
1.971185
1.971744
1.973377
1.974964
1.976043
1.980694
1.982584
1.982771
1.983648
1.985716
1.991147
1.991495
1.992580
1.993162
2.003153
2.004016
2.005489
2.013851
2.014024
2.016014
2.016230
2.017107
2.017269
2.017468
2.019637
2.020916
2.021069
2.021229
2.022722
2.022883
2.022962
2.024569
2.025104
2.025841
2.027087
2.029244
2.030320
2.032429
2.033670
2.035085
2.035230
2.041530
2.045173
2.050755
2.051145
2.051959
2.052409
2.055238
2.064267
2.064489
2.066641
2.067448
2.071409
2.072709
2.074094
2.075716
2.078283
2.079822
2.080618
2.081125
2.084953
2.085750
2.087666
2.089967
2.090320
2.094469
2.094721
2.097388
2.097392
2.098697
2.100750
2.103746
2.104451
2.104581
2.106046
2.106537
2.106995
2.113880
2.114286
2.116367
2.116979
2.117060
2.117122
2.119440
2.119888
2.124251
2.124939
2.125926
2.128735
2.134485
2.136689
2.137164
2.141396
2.141593
2.142205
2.142640
2.143658
2.146683
2.147906
2.150325
2.153727
2.155333
2.157074
2.157171
2.159364
2.168146
2.168193
2.170421
2.173982
2.176862
2.177905
2.183042
2.183339
2.183482
2.184995
2.189167
2.189235
2.190262
2.190537
2.195493
2.196472
2.196997
2.198277
2.203485
2.203739
2.204216
2.205145
2.207406
2.207635
2.210828
2.211484
2.211588
2.212012
2.212844
2.218676
2.219092
2.226387
2.226417
2.226423
2.227577
2.227835
2.235884
2.236204
2.236519
2.236522
2.237317
2.237322
2.237479
2.239893
2.240824
2.241433
2.243871
2.246069
2.248337
2.249081
2.250180
2.250266
2.251954
2.254212
2.256213
2.257854
2.259489
2.261099
2.266607
2.268912
2.269664
2.272551
2.274162
2.280315
2.280629
2.283536
2.285146
2.285383
2.288896
2.290915
2.294783
2.296126
2.298424
2.299626
2.300142
2.300991
2.301004
2.302115
2.302576
2.302877
2.303141
2.304194
2.306595
2.309626
2.310378
2.310955
2.311866
2.312001
2.312780
2.313362
2.313449
2.313678
2.314609
2.319795
2.321155
2.321874
2.322994
2.323126
2.324421
2.325922
2.327087
2.327792
2.328994
2.329136
2.329493
2.331658
2.331942
2.333019
2.333944
2.334002
2.334636
2.335545
2.335801
2.335881
2.337076
2.337816
2.339197
2.342503
2.343165
2.343350
2.343460
2.344105
2.345182
2.345204
2.345417
2.346650
2.347425
2.348308
2.351075
2.351120
2.351365
2.351609
2.353252
2.353397
2.356040
2.359235
2.359367
2.360717
2.362051
2.362360
2.362698
2.363209
2.364053
2.364635
2.364959
2.366124
2.367256
2.372608
2.372951
2.375222
2.377540
2.377543
2.378138
2.379419
2.382330
2.382471
2.384464
2.385380
2.387534
2.388167
2.388516
2.388735
2.389063
2.389599
2.390093
2.393620
2.394852
2.395524
2.395980
2.398173
2.402398
2.404641
2.405056
2.406599
2.407166
2.408782
2.410863
2.410959
2.415372
2.415476
2.415741
2.416199
2.416218
2.416574
2.417050
2.418090
2.418360
2.419237
2.421117
2.421290
2.421301
2.422019
2.422561
2.423276
2.425011
2.426246
2.426925
2.427333
2.427571
2.427603
2.429027
2.429346
2.429873
2.430256
2.431033
2.431433
2.432421
2.434834
2.434855
2.435086
2.435123
2.437059
2.437485
2.438272
2.441135
2.441460
2.441607
2.443283
2.445284
2.446807
2.447164
2.447430
2.448044
2.448844
2.448858
2.448941
2.450882
2.452281
2.452281
2.452686
2.452998
2.453054
2.453563
2.453571
2.455149
2.456645
2.457226
2.457313
2.457572
2.458905
2.460480
2.461495
2.462788
2.462941
2.463555
2.463670
2.465155
2.465331
2.465388
2.466405
2.467214
2.467230
2.468892
2.468993
2.469471
2.469846
2.470229
2.470428
2.471226
2.472913
2.472973
2.474239
2.474329
2.474411
2.474828
2.475352
2.476046
2.476646
2.477587
2.478364
2.478426
2.478503
2.480197
2.480614
2.482427
2.482440
2.483124
2.484163
2.484592
2.485117
2.485833
2.485927
2.485975
2.486747
2.487014
2.488189
2.489526
2.489971
2.490750
2.491022
2.492055
2.492680
2.493508
2.494231
2.494536
2.495056
2.495600
2.496089
2.496953
2.497165
2.497456
2.497507
2.498944
2.499007
2.500328
2.500839
2.501651
2.502005
2.502477
2.502568
2.503481
2.503769
2.506133
2.506219
2.506455
2.507134
2.507412
2.507604
2.509080
2.510214
2.510728
2.513055
2.514825
2.514846
2.515298
2.515373
2.516937
2.517206
2.517707
2.518389
2.518464
2.518757
2.519034
2.519092
2.519151
2.519383
2.520658
2.521004
2.521100
2.521294
2.522684
2.523058
2.524124
2.524163
2.524798
2.524977
2.525286
2.526628
2.528580
2.528596
2.529121
2.530976
2.532090
2.533656
2.534041
2.537648
2.537742
2.538368
2.539293
2.539297
2.540383
2.542207
2.543100
2.544192
2.544244
2.546409
2.546797
2.547396
2.547778
2.548446
2.548713
2.549002
2.549521
2.551234
2.551853
2.552026
2.552848
2.553477
2.554039
2.554770
2.555336
2.555818
2.556962
2.558877
2.559664
2.560155
2.560359
2.560469
2.560594
2.562758
2.562829
2.563201
2.564194
2.564373
2.564933
2.565257
2.567357
2.567429
2.569517
2.569997
2.570143
2.570397
2.570445
2.570508
2.571687
2.572232
2.572241
2.572469
2.572836
2.574653
2.574712
2.575541
2.575577
2.580488
2.582203
2.583645
2.585065
2.586409
2.586821
2.586930
2.587263
2.588099
2.588877
2.588896
2.590366
2.591003
2.592103
2.592234
2.594877
2.595315
2.597441
2.597514
2.598656
2.599324
2.600251
2.600392
2.600644
2.603746
2.603818
2.603833
2.603986
2.604026
2.604111
2.606882
2.606964
2.606995
2.608669
2.609202
2.609407
2.609900
2.610913
2.612027
2.612212
2.614790
2.615247
2.615658
2.616324
2.616989
2.617423
2.617920
2.618889
2.620893
2.622824
2.625843
2.626318
2.628436
2.628712
2.628802
2.629537
2.629920
2.631356
2.632474
2.632716
2.632734
2.632920
2.634021
2.634163
2.634240
2.634436
2.634916
2.635144
2.636195
2.636237
2.636475
2.636598
2.636781
2.637607
2.637607
2.640022
2.640311
2.641170
2.641573
2.642222
2.642432
2.642594
2.642823
2.643366
2.645040
2.645484
2.645641
2.647320
2.647426
2.647774
2.647939
2.648571
2.649968
2.650934
2.651353
2.651960
2.654556
2.656504
2.657244
2.657379
2.658897
2.660269
2.660271
2.660489
2.660981
2.660996
2.661099
2.662120
2.662462
2.662728
2.663912
2.664310
2.664669
2.665121
2.665142
2.665315
2.667774
2.670687
2.672215
2.672837
2.673186
2.673862
2.674036
2.675403
2.675831
2.675835
2.675866
2.677717
2.678265
2.678282
2.678395
2.678422
2.678984
2.679636
2.679826
2.679858
2.680286
2.682018
2.682021
2.682616
2.683188
2.683802
2.684131
2.686455
2.688153
2.688474
2.688708
2.690243
2.690251
2.690403
2.690855
2.690939
2.691812
2.693235
2.693276
2.693717
2.695201
2.695555
2.695720
2.696049
2.696247
2.696589
2.700828
2.701833
2.703282
2.704947
2.704993
2.705149
2.705849
2.706856
2.708106
2.712311
2.713209
2.713272
2.713347
2.713361
2.713846
2.714109
2.714134
2.714415
2.715772
2.716145
2.716240
2.719980
2.720767
2.721456
2.722181
2.722250
2.723717
2.725950
2.726976
2.728401
2.728589
2.728768
2.731989
2.733435
2.733664
2.733804
2.734907
2.735475
2.735794
2.736140
2.736697
2.737910
2.737947
2.738333
2.741347
2.743721
2.743890
2.745349
2.746180
2.746445
2.747824
2.748956
2.749634
2.750463
2.750488
2.752639
2.754199
2.755187
2.755850
2.757172
2.759123
2.761562
2.762371
2.762420
2.763611
2.764544
2.764637
2.764997
2.765512
2.767569
2.768267
2.768363
2.769223
2.770341
2.770653
2.773848
2.773947
2.774416
2.775432
2.776554
