1.000000
1.210654
1.432908
1.870365
1.918678
2.147715
2.283316
2.300234
2.325534
2.386122
2.422091
2.679615
2.694638
2.705482
2.760753
2.768509
2.791725
2.827091
2.869509
2.877779
2.933709
2.966192
2.997775
3.203977
3.266760
3.457962
3.616606
3.650884
3.682032
3.911083
3.922109
3.971423
4.041955
4.057400
4.064358
4.066774
4.088090
4.104327
4.139611
4.221830
4.227678
4.267495
4.279707
4.299318
4.304402
4.309969
4.314398
4.388161
4.408685
4.412780
4.420378
4.440892
4.457656
4.505159
4.551117
4.568088
4.570947
4.623843
4.646578
4.668675
4.685837
4.708686
4.710029
4.741593
4.748019
4.753975
4.774906
4.787654
4.796220
4.844687
4.846152
4.850613
4.868856
4.890025
4.901033
4.905908
4.909725
4.914889
4.952843
4.962952
4.964778
4.974709
5.049979
5.058442
5.067793
5.076365
5.081526
5.096575
5.104454
5.123980
5.132120
5.149173
5.211987
5.218375
5.248081
5.251519
5.252032
5.258193
5.269421
5.272888
5.280754
5.288336
5.302529
5.305827
5.319966
5.323818
5.332833
5.339604
5.342166
5.367737
5.395833
5.399891
5.401145
5.405205
5.407973
5.411455
5.421651
5.429405
5.430489
5.439676
5.440305
5.449907
5.467345
5.483408
5.490829
5.495414
5.499137
5.499221
5.504669
5.513557
5.520001
5.523024
5.525141
5.528022
5.529523
5.534979
5.545559
5.547242
5.554013
5.574116
5.578196
5.625796
5.635852
5.640810
5.652319
5.662850
5.670539
5.675616
5.678006
5.680898
5.696719
5.701214
5.713937
5.717789
5.720078
5.728995
5.730062
5.734020
5.734639
5.749059
5.751225
5.754889
5.768350
5.771796
5.782002
5.783138
5.784000
5.789971
5.791148
5.791885
5.807733
5.816626
5.823458
5.826259
5.831515
5.831714
5.831972
5.833077
5.833464
5.835607
5.845936
5.850922
5.853528
5.853645
5.854039
5.861344
5.864850
5.868042
5.874843
5.883171
5.893529
5.904097
5.907938
5.911065
5.911160
5.917993
5.920516
5.920651
5.921348
5.921458
5.928426
5.929485
5.932866
5.934099
5.935304
5.937996
5.938340
5.940314
5.941949
5.958096
5.961955
5.963604
5.975916
5.984035
5.991123
5.994562
5.995567
5.998354
6.006775
6.021317
6.023064
6.025375
6.025562
6.025774
6.026520
6.032090
6.045736
6.054204
6.059094
6.062646
6.066197
6.067442
6.067750
6.070524
6.080113
6.085776
6.086589
6.087926
6.088699
6.096263
6.105559
6.105653
6.109342
6.111479
6.112613
6.114439
6.118201
6.126468
6.135969
6.141746
6.145555
6.151320
6.153944
6.160645
6.162795
6.163485
6.173125
6.174141
6.176537
6.179094
6.183680
6.189127
6.190814
6.191326
6.191392
6.194044
6.194456
6.194691
6.210691
6.212777
6.213332
6.215960
6.221989
6.224151
6.231587
6.235488
6.239635
6.243132
6.246078
6.270129
6.300192
6.304130
6.309669
6.354348
6.368717
6.374610
6.380136
6.405116
6.407040
6.415412
6.421616
6.448776
6.458257
6.464919
6.469357
6.473481
6.476748
6.480505
6.480866
6.481672
6.482254
6.485592
6.495805
6.499175
6.500714
6.500778
6.502104
6.502619
6.506035
6.508220
6.510188
6.510844
6.513741
6.515691
6.515752
6.515896
6.521892
6.522564
6.524171
6.531212
6.531619
6.532125
6.532356
6.532614
6.537608
6.541102
6.542322
6.543106
6.544719
6.546016
6.546783
6.550580
6.555631
6.555696
6.556478
6.560396
6.561051
6.561487
6.562353
6.564018
6.564808
6.565148
6.565460
6.567595
6.567627
6.567714
6.567781
6.567888
6.567894
6.569215
6.569269
