1.000000
1.317173
1.495130
1.505538
1.647791
1.723725
1.732410
1.992333
2.076385
2.250938
2.409616
2.499057
2.611904
2.693918
2.740243
2.763090
2.805445
2.881657
2.887022
2.894491
2.975933
3.012837
3.067101
3.077036
3.139992
3.150205
3.162146
3.207227
3.382490
3.411559
3.488590
3.488662
3.495990
3.530276
3.537456
3.581765
3.700933
3.724896
3.745745
3.771942
3.785500
3.806145
3.870685
3.938518
4.034848
4.068158
4.124932
4.128767
4.129542
4.180649
4.330187
4.355207
4.366377
4.370580
4.384087
4.400640
4.424008
4.449733
4.457191
4.479942
4.540980
4.574348
4.576786
4.589031
4.604923
4.634187
4.636315
4.637693
4.650280
4.694230
4.730505
4.732518
4.745245
4.772093
4.774949
4.783713
4.809718
4.811880
4.838753
4.839926
4.849329
4.849689
4.857475
4.857492
4.858103
4.862702
4.866199
4.875097
4.902380
4.902823
4.910394
4.938748
4.947651
4.968989
4.983638
4.983688
5.003219
5.004471
5.017375
5.019847
5.022613
5.025153
5.029480
5.030310
5.038816
5.047622
5.052540
5.058818
5.063203
5.077383
5.084706
5.088659
5.090087
5.091168
5.107806
5.118992
5.125601
5.131252
5.136553
5.136633
5.139235
5.140424
5.150367
5.159381
5.161043
5.164320
5.169270
5.170651
5.177138
5.177276
5.178521
5.181102
5.183470
5.193846
5.210413
5.218454
5.225684
5.230154
5.234828
5.238356
5.241567
5.241799
5.248363
5.253754
5.254328
5.254367
5.260235
5.275789
5.277539
5.296182
5.296897
5.301845
5.304128
5.307228
5.321257
5.335934
5.337742
5.341561
5.346056
5.354238
5.358235
5.358575
5.361521
5.365642
5.370636
5.370932
5.373138
5.375586
5.381253
5.386049
5.386609
5.387734
5.398027
5.400110
5.400408
5.400702
5.401423
5.406362
5.407164
5.413211
5.418475
5.422365
5.430629
5.433036
5.435891
5.442173
5.455982
5.470622
5.476005
5.476693
5.481132
5.484942
5.494830
5.498476
5.498510
5.501874
5.509573
5.515629
5.525156
5.525839
5.531416
5.533771
5.535399
5.540457
5.542093
5.545834
5.548679
5.553743
5.555728
5.560970
5.580252
5.584386
5.589252
5.593000
5.593847
5.605853
5.608914
5.618351
5.626024
5.631208
5.632638
5.637468
5.638660
5.640985
5.644277
5.644945
5.655996
5.661530
5.664775
5.671152
5.674431
5.686247
5.689665
5.690414
5.696935
5.698913
5.702141
5.704884
5.707722
5.710275
5.712246
5.718015
5.721907
5.722455
5.741385
5.741475
5.742921
5.743085
5.748643
5.762317
5.791126
5.791683
5.797599
5.806516
5.807154
5.819997
5.823823
5.837628
5.846800
5.849160
5.851058
5.870818
5.877627
5.884306
5.888075
5.889968
5.892054
5.896452
5.904906
5.909258
5.919400
5.920019
5.920648
5.921079
5.924350
5.925132
5.925653
5.932288
5.939962
5.941141
5.942616
5.943265
5.947412
5.949787
5.950257
5.957197
5.958662
5.963878
5.967555
5.968899
5.973067
5.974551
5.974674
5.978470
5.981824
5.986419
5.987037
5.989658
5.993628
5.994306
5.994664
5.994805
5.995466
5.996311
5.998271
5.998542
6.002969
6.003772
6.007657
6.008033
6.010383
6.010478
6.012226
6.013435
6.015134
6.016464
6.017128
6.017427
6.017590
6.018925
6.019372
6.020123
6.020308
6.020364
6.021586
