1.000000
1.052314
1.074656
1.189820
1.408565
1.523787
1.615553
1.677436
1.802128
1.863162
1.877300
1.893586
1.898775
1.902048
1.902081
1.905009
1.918179
1.953958
1.955705
1.972382
1.973908
2.016698
2.020327
2.033008
2.047612
2.050379
2.051574
2.051858
2.059132
2.062815
2.069972
2.070786
2.078686
2.089668
2.093443
2.097419
2.101282
2.111246
2.119387
2.136270
2.138995
2.141557
2.144056
2.146059
2.147286
2.163320
2.177346
2.201864
2.204643
2.213255
2.221165
2.221931
2.236376
2.236773
2.240192
2.241657
2.242366
2.243729
2.245485
2.246656
2.248524
2.251700
2.257904
2.274781
2.296529
2.296954
2.299847
2.306497
2.316023
2.320112
2.322661
2.322913
2.326683
2.329011
2.333913
2.338162
2.338898
2.347745
2.364608
2.364763
2.366671
2.369947
2.387453
2.387957
2.388832
2.392620
2.394025
2.397258
2.400511
2.407696
2.421205
2.421589
2.425305
2.430091
2.435225
2.435716
2.447074
2.448195
2.449097
2.449252
2.449793
2.452966
2.454576
2.454627
2.454888
2.456789
2.458095
2.460276
2.462779
2.469771
2.471680
2.473650
2.473747
2.475099
2.477452
2.479465
2.484862
2.487334
2.487709
2.487768
2.488406
2.488491
2.491450
2.492121
2.494653
2.495687
2.499238
2.501847
2.503882
2.506266
2.506888
2.507112
2.508338
2.509929
2.511264
2.512476
2.515347
2.520002
2.524622
2.524680
2.528500
2.528693
2.531696
2.533207
2.534284
2.536676
2.538847
2.542269
2.546257
2.549297
2.549318
2.549468
2.550092
2.550916
2.552788
2.556671
2.556753
2.556834
2.558671
2.559747
2.559838
2.570276
2.572427
2.574999
2.576322
2.579236
2.580763
2.581312
2.581914
2.582911
2.583099
2.583736
2.585381
2.587777
2.592021
2.593754
2.596977
2.598314
2.602810
2.604860
2.607942
2.609708
2.610728
2.612609
2.615812
2.615896
2.616356
2.617518
2.617670
2.619222
2.626768
2.626862
2.627512
2.636502
2.640111
2.641330
2.644252
2.650789
2.651171
2.652438
2.652728
2.654814
2.656549
2.657167
2.661325
2.664428
2.665293
2.666290
2.666605
2.667810
2.669327
2.670558
2.671119
2.671690
2.673056
2.673570
2.676288
2.676572
2.681591
2.683395
2.683792
2.687119
2.689734
2.689955
2.690729
2.692441
2.693780
2.694949
2.695741
2.696190
2.697065
2.697120
2.698841
2.700169
2.700733
2.701559
2.702012
2.702902
2.705260
2.705271
2.705553
2.707846
2.708519
2.710252
2.711026
2.711860
2.712072
2.716300
2.718028
2.719483
2.720828
2.721108
2.721224
2.721269
2.721975
2.724346
2.726049
2.726180
2.727471
2.731625
2.732699
2.733353
2.738180
2.739966
2.740699
2.744530
2.744686
2.744994
2.746361
2.746754
2.748796
2.749414
2.749437
2.749908
2.750217
2.750735
2.750765
2.752124
2.753301
2.753838
2.754747
2.755371
2.756638
2.757759
2.759038
2.759686
2.761974
2.762233
2.763227
2.764439
2.765201
2.766752
2.767302
2.770040
2.771016
2.771150
2.771975
2.774097
2.774693
2.776340
2.776534
2.776953
2.777599
2.779119
2.779949
2.780031
2.780783
2.785508
2.786483
2.786616
2.789218
2.789298
2.789420
2.789461
2.790146
2.790164
2.790227
2.790364
2.790898
2.791084
2.791320
2.791823
2.792721
2.794693
2.795421
2.796449
2.796626
2.799158
2.801134
2.803897
2.805928
2.805961
2.807645
2.807864
2.808015
2.809208
2.810361
2.811122
2.811324
2.811920
2.813394
2.814470
2.815046
2.817531
2.819132
2.819703
2.820197
2.821608
2.822148
2.824096
2.826379
2.829434
2.829980
2.830278
2.830660
2.831092
2.831305
2.839159
2.839297
2.839955
2.840961
2.841455
2.844347
2.844837
2.845647
2.848603
2.850162
2.851166
2.851284
2.851769
2.852225
2.854067
2.857190
2.857366
2.858864
2.860876
2.861907
2.863222
2.863616
2.863722
2.866168
2.866221
2.869226
2.869311
2.870828
2.871007
2.871263
2.872594
2.873906
2.875509
2.876047
2.879237
2.879733
2.880522
2.881516
2.882606
2.883825
2.884241
2.884648
2.886278
2.887087
2.887395
2.887471
2.889054
2.889757
2.890599
2.890929
2.891313
2.892129
2.893111
2.894896
2.895619
2.895691
2.896480
2.897084
2.897110
2.898335
2.900633
2.901911
2.902376
2.902690
2.903096
2.903819
2.903821
2.904066
2.905174
2.905568
2.905971
2.908752
2.910045
2.913233
2.915864
2.918550
2.920367
2.921602
2.926316
2.929745
2.930715
2.931952
2.932550
2.934395
2.935953
2.938685
2.940358
2.941853
2.945657
2.946196
2.946932
2.947410
2.948572
2.949067
2.951203
2.951999
2.952169
2.952603
2.952873
2.955053
2.956542
2.956576
2.956744
2.957004
2.957865
2.958648
2.959191
2.960117
