1.000000
1.071818
1.358763
1.665104
1.787662
1.957402
2.041716
2.065813
2.069684
2.081478
2.160891
2.177993
2.254333
2.284981
2.404457
2.410377
2.443125
2.545581
2.600163
2.610765
2.617299
2.706881
2.761514
2.785513
2.880948
3.130451
3.208694
3.210748
3.221241
3.236214
3.244280
3.307011
3.504867
3.570803
3.593933
3.747001
3.787385
3.796042
3.833122
3.953517
4.120427
4.143047
4.346578
4.347036
4.391750
4.476151
4.492855
4.526991
4.568149
4.571603
4.583922
4.605563
4.639704
4.651147
4.755958
4.811140
4.850776
4.864998
4.869038
4.886639
4.913083
4.913150
4.923098
4.924064
4.930541
4.965593
5.004406
5.070209
5.088511
5.189444
5.303052
5.311060
5.337941
5.358674
5.369157
5.429296
5.444928
5.458022
5.458220
5.482917
5.494879
5.534965
5.570851
5.605141
5.652504
5.671298
5.675420
5.677075
5.680952
5.688514
5.735534
5.765651
5.819064
5.841104
5.923682
5.940398
5.957574
5.986747
6.015839
6.022058
6.089926
6.093690
6.138956
6.153343
6.268729
6.271943
6.278474
6.316291
6.334175
6.346347
6.370978
6.379494
6.395242
6.421082
6.500286
6.522467
6.525657
6.584547
6.595488
6.628915
6.634984
6.645786
6.679481
6.680780
6.701029
6.704244
6.707505
6.774709
6.784545
6.885883
6.927892
6.952245
6.979331
7.000696
7.004573
7.024920
7.030760
7.035577
7.058583
7.079457
7.087865
7.151449
7.188431
7.190725
7.203371
7.255027
7.277106
7.285566
7.302721
7.305673
7.306362
7.313358
7.318264
7.338076
7.352077
7.370827
7.372843
7.394201
7.403666
7.462280
7.467334
7.473802
7.478556
7.550240
7.553674
7.612666
7.653664
7.733228
7.800857
7.803080
7.858634
7.872067
7.872371
7.927965
7.977322
7.979745
7.980773
7.990738
7.996150
8.040571
8.046047
8.084898
8.097472
8.109987
8.155758
8.212805
8.234103
8.289389
8.370575
8.401300
8.421822
8.425630
8.433839
8.462774
8.470109
8.496552
8.532036
8.547702
8.613932
8.629450
8.663379
8.670296
8.687151
8.687408
8.718280
8.753276
8.768476
8.780919
8.794696
8.801514
8.835960
8.901249
8.910057
8.996627
9.045974
9.060407
9.085053
9.085887
9.118620
9.139142
9.197186
9.225357
9.226402
9.247960
9.276155
9.438581
9.498035
9.584469
9.707094
9.712873
9.719785
9.777241
9.829440
9.842593
9.853574
9.854520
10.028754
10.096156
10.100189
10.103839
10.110556
10.129105
10.179687
10.229285
10.329286
10.332112
10.346481
10.380545
10.415607
10.428416
10.506270
10.585886
10.592847
10.622886
10.641605
10.651934
10.676053
10.718753
10.731813
10.741226
10.744940
10.752087
10.755817
10.761600
10.775171
10.853433
10.859933
10.875886
10.881047
10.889958
10.891212
10.892140
10.964046
10.974833
10.978823
10.988325
10.989979
10.998478
11.006618
11.024933
11.066742
11.067883
11.075420
11.091639
11.093209
11.093560
11.095991
11.108126
11.111148
11.121443
11.161318
11.165744
11.176153
11.184722
11.197084
11.226111
11.235496
11.254477
11.276359
11.295813
11.297709
11.299053
11.299980
11.307677
11.309753
11.311090
11.314229
11.322295
11.335047
11.337198
11.340351
11.344659
11.346699
11.347404
11.354821
11.372190
11.390259
11.395245
11.399151
11.400955
11.404455
11.406086
11.407343
11.412684
11.419854
11.430674
11.437982
11.441533
11.448539
11.453659
11.464260
11.471450
11.481176
11.482298
11.485222
11.497792
11.499366
11.513650
11.532815
11.537395
11.548931
11.549212
11.553365
11.566128
11.568389
11.569391
11.575233
11.577359
11.577575
11.588502
11.588744
11.610173
11.612972
11.615772
11.616163
11.620559
11.626929
11.642579
11.650684
11.659402
11.661906
11.670818
11.673450
11.673704
11.674496
11.674770
11.675243
11.678056
11.681879
11.693164
11.693884
11.710051
11.710331
11.748266
11.749594
11.757904
11.764951
11.765856
11.766183
11.766504
11.779208
11.797655
11.811951
11.813146
11.825803
11.840848
11.850430
11.851504
11.854983
11.861398
11.864742
11.867695
11.876772
11.882092
11.883691
11.885618
11.887771
11.899432
11.902164
11.905771
11.914517
11.921202
11.926913
11.929184
11.937485
11.940573
11.947896
11.948540
11.955380
11.972239
11.989099
11.991621
11.992676
11.999193
12.004766
12.007382
12.008427
12.009914
12.010497
12.013532
12.020276
12.024842
12.030490
12.033399
12.048461
12.064210
12.066312
12.068210
12.073449
12.076723
12.083505
12.091518
12.094574
12.096954
12.098495
12.104183
12.108433
12.112375
12.114534
12.122229
12.132269
12.143803
12.150935
12.155183
12.162867
12.173615
12.177321
12.177411
12.179417
12.179963
12.184700
12.201456
12.202173
12.203470
12.207218
12.228971
12.229037
12.231409
12.231930
12.232545
12.233136
12.238566
12.245419
12.254703
12.255298
12.256041
12.260464
12.260601
12.279952
12.285975
12.297455
12.299696
12.312021
12.313191
12.318937
12.323191
12.326291
12.330483
12.330867
12.331538
12.332247
12.338317
12.341823
12.346672
12.349619
12.357033
12.359122
12.368185
12.376781
12.380153
12.381289
12.397787
12.417073
12.421242
12.422286
12.422996
12.428001
12.431689
12.433640
12.441274
12.446412
12.461906
12.464102
12.464503
12.464801
12.468798
12.469823
12.473585
12.474483
12.483130
12.486867
12.489981
12.491024
12.500284
12.500689
12.508085
12.512072
12.513773
12.516136
12.518674
12.519151
12.519235
12.524814
12.524864
12.535836
12.541501
12.544337
12.547791
12.549024
12.557631
12.558836
12.559817
12.559912
12.566323
12.568804
12.570097
12.577204
12.589659
12.595304
12.595478
12.596438
12.598773
12.602822
12.605124
12.607120
12.613027
12.613031
12.621612
12.623430
12.629560
12.641541
12.642820
12.643477
12.645719
12.653050
12.658031
12.663933
12.673687
12.679030
12.684380
12.688559
12.689069
12.690392
12.695886
12.701654
12.703794
12.706341
12.706766
12.707248
12.710175
12.711056
12.711431
12.711506
12.722267
12.722744
12.730683
12.735990
12.736748
12.737035
12.747828
12.756397
12.757258
12.759078
12.761632
12.763988
12.764306
12.765176
12.766569
12.769835
12.772355
12.778604
12.793749
12.794021
12.795101
12.795213
12.797370
12.805579
12.806286
12.811054
12.814958
12.817588
12.820921
12.821736
12.834544
12.836031
12.837499
12.841753
12.844428
12.844766
12.845269
12.849736
12.852571
12.853275
12.854516
12.859242
12.860200
12.862781
12.871007
12.874082
12.883497
12.885904
12.886027
12.894776
12.896997
12.907640
12.909716
12.910424
12.917791
12.918441
12.920016
12.920318
12.920906
12.921227
12.925769
12.927830
12.932759
12.934942
12.944245
12.952112
12.958840
12.964913
12.967550
12.980920
12.988352
12.990565
12.993464
12.994693
12.996301
13.005646
13.006756
13.030101
13.031844
13.033460
13.037877
13.042704
13.049094
13.052608
13.053160
13.059901
13.062148
13.073399
13.078919
13.089802
13.097475
13.099487
13.104156
13.108222
13.110332
13.111540
13.112787
13.114203
13.116100
13.118026
13.134947
13.135085
13.143044
13.146640
13.148361
13.155629
13.160537
13.162737
13.166952
13.170139
13.177065
13.179750
13.181857
13.182171
13.185746
13.186859
13.192554
13.199163
13.200659
13.201866
13.206226
13.212241
13.221671
13.224573
13.226812
13.233216
13.235209
13.236980
13.237041
13.237944
13.240127
13.241652
13.246130
13.246472
13.253728
13.254847
13.258709
13.261163
13.264627
13.266068
13.268872
13.270864
13.275270
13.277195
13.278885
13.283575
13.287047
13.288033
13.291200
13.292294
13.294975
13.298150
13.298185
13.299293
13.302953
13.305733
13.305846
13.307548
13.309977
13.311160
13.311399
13.312431
13.312790
13.315394
13.321732
13.327937
13.328755
13.330033
13.330414
13.334935
13.335426
13.343400
13.345204
13.348157
13.354583
13.355034
13.355829
13.357820
13.358970
13.359358
13.362020
13.362043
13.365414
13.366386
13.368305
13.374130
13.376876
13.378779
13.381700
13.383431
13.386127
13.388236
13.396560
13.400223
13.402328
13.402506
13.402937
13.403793
13.404502
13.411008
13.413805
13.423604
13.426478
13.431274
13.431313
13.432114
13.440372
13.444831
13.444956
13.446487
13.446628
13.447576
13.448279
13.448473
13.449177
13.454991
13.455113
13.456971
13.459359
13.461185
13.465769
13.468173
13.468765
13.472381
13.479488
13.481447
13.484126
13.484177
13.486658
13.493786
13.497945
13.499625
13.499889
13.503309
13.506718
13.508001
13.509354
13.520823
13.521927
13.522977
13.524256
13.530146
13.533962
13.539498
13.545675
13.548878
13.550135
13.550172
13.556249
13.559139
13.562766
13.563733
13.566661
13.566738
13.571181
13.574235
13.580797
13.582136
13.586177
13.587189
13.588782
13.590523
13.592021
13.593694
13.596197
13.599703
13.604474
13.606653
13.607194
13.608407
13.611432
13.617350
13.618108
13.618292
13.618867
13.619475
13.620667
13.620865
13.624486
13.625818
13.626043
13.626841
13.628112
13.628205
13.629037
13.631933
13.632128
13.633372
13.636368
13.638050
13.643472
13.646025
13.648050
13.650543
13.652410
13.652957
13.653563
13.660219
13.671069
13.676036
13.678901
13.679816
13.680661
13.681194
13.682001
13.684356
13.686267
13.687055
13.691754
13.692366
13.693295
13.696347
13.696383
13.698512
13.702974
13.706279
13.709563
13.717828
13.718045
13.718488
13.719832
13.724537
13.724862
13.726944
13.728203
13.729198
13.729254
13.729544
13.734734
13.735612
13.735758
13.742017
13.744911
13.744993
13.746292
13.750045
13.750733
13.751871
13.754670
13.754887
13.755857
13.756689
13.756982
13.761576
13.762222
13.764297
13.765595
13.766819
13.767256
13.768974
13.772553
13.773507
13.773841
13.773969
13.776297
13.777740
13.780170
13.780207
13.780728
13.780855
13.788158
13.789031
13.791263
13.793358
13.793805
13.796427
13.802440
13.803429
13.803647
13.803822
13.804283
13.804345
13.806612
13.807881
13.808825
13.811749
13.816022
13.819092
13.819211
13.822758
13.825830
13.826362
13.827072
13.828048
13.828699
13.832306
13.833852
13.835260
13.837752
13.839865
13.843230
13.844183
13.845729
13.845912
13.848645
13.848813
13.849669
13.850189
13.856282
13.857283
13.858412
13.862719
13.864972
13.865738
13.865867
13.866569
13.866974
13.869873
13.872187
13.872470
13.873594
13.877825
13.877895
13.878571
13.878720
13.878895
13.879309
13.882073
13.887615
13.889460
13.890572
13.890989
13.891964
13.893988
13.897665
13.899825
13.900645
13.902711
13.904520
13.905879
13.906543
13.907676
13.908426
13.909401
13.909470
13.913230
13.918515
13.922405
13.924062
13.928188
13.929392
13.932728
13.936291
13.936514
13.938929
13.946762
13.947744
13.949993
13.950138
13.957820
13.957861
13.958029
13.958307
13.959114
13.959596
13.962507
13.963554
13.967019
13.968537
13.970575
13.971945
13.974509
13.977599
13.979749
13.981806
13.983101
13.983172
13.986392
13.987159
13.987581
13.991634
13.993002
13.993887
13.993959
13.994020
13.995689
13.998556
13.998968
13.999705
14.000824
14.004062
14.005510
14.006688
14.008755
14.010345
14.013376
14.013579
14.019185
14.033408
14.033969
14.036411
14.036654
14.038087
14.039933
14.041495
14.041526
14.042974
14.045496
14.047550
14.047577
14.048637
14.049123
14.049178
14.049793
14.053462
14.059049
14.060122
14.063150
14.066424
14.072404
14.072657
14.074079
14.075959
14.076919
14.079046
14.079204
14.079582
14.080578
14.080906
14.085532
14.087224
14.090515
14.094495
14.095277
14.096393
14.096665
14.097312
14.097399
14.099888
14.100779
14.103964
14.108754
14.109312
14.113026
14.114061
14.114738
14.116683
14.117186
14.117814
14.117872
14.118078
14.118727
14.119184
14.120475
14.122321
14.122344
14.123347
14.124140
14.124647
14.125929
14.126998
14.130484
14.132234
14.132797
14.137725
14.137877
14.138385
14.139427
14.140014
14.140950
14.141888
14.143994
14.144581
14.146328
14.146833
14.148612
14.148949
14.150204
14.150536
14.150716
14.155649
14.156530
14.156888
14.157175
14.160395
14.162074
14.162382
14.162835
14.167580
14.169420
14.170054
14.170900
14.172611
14.173010
14.174149
14.175200
14.175665
14.175674
14.179140
14.180008
14.180751
14.181149
14.181228
14.185740
14.185903
14.185973
14.186252
14.187181
14.187648
14.188678
14.188868
14.188952
14.190155
14.191855
14.192013
14.192080
14.194307
14.195749
14.196074
14.196218
14.200288
14.201118
14.201634
14.202837
14.203737
14.205237
14.205430
14.205465
14.206204
14.206390
14.208071
14.212016
14.212288
14.213179
14.214041
14.214404
14.217378
14.220124
14.222913
14.224936
14.229424
14.230310
14.233232
14.233328
14.234987
14.237982
14.238158
14.238938
14.238975
14.239153
14.241809
14.243700
14.248161
14.250088
14.250221
14.257648
14.260049
14.262322
14.264364
14.265862
14.266068
14.266843
14.267657
14.267661
14.268289
14.268519
14.269675
14.270097
14.270742
14.270925
14.270988
14.271109
14.271305
14.271320
14.272716
14.274902
14.274981
14.278985
14.279424
14.279497
14.282769
14.283868
14.284253
14.284539
14.284589
14.285416
14.288284
14.291039
14.291561
14.291596
14.291818
14.291956
14.292559
14.293071
14.293861
14.294289
14.295660
14.296742
14.297088
14.299655
14.301199
14.302005
14.303458
14.304410
14.305338
14.310526
14.312708
14.313527
14.314066
14.314769
14.315178
14.316308
14.316676
14.318447
14.319983
14.320700
14.322938
14.324649
14.327495
14.328243
14.333293
14.335129
14.335425
14.336455
14.336987
14.337021
14.339623
14.340245
14.340525
14.342816
14.342922
14.345668
14.347270
14.347878
14.348251
14.350732
14.355053
14.355658
14.356273
14.361201
14.362041
14.364039
14.364668
14.365823
14.366817
14.367601
14.368200
14.368258
14.368345
14.368435
14.368473
14.373628
14.374928
14.377518
14.378296
14.381605
14.382091
14.387969
14.388309
14.388661
14.389300
14.389946
14.391171
14.391308
14.394274
14.394552
14.397126
14.397314
14.400145
14.400444
14.400593
14.401028
14.401083
14.401366
14.401453
14.402780
14.403495
14.403627
14.405382
14.406006
14.407271
14.408603
14.410314
14.410393
14.411060
14.411791
14.413136
14.413362
14.414218
14.414558
14.416296
14.417331
14.423078
14.425318
14.425488
14.425790
14.425977
14.426700
14.426825
14.427208
14.427878
14.428468
14.429347
14.430074
14.430608
14.431818
14.433056
14.433389
14.434106
14.434205
14.438311
14.441210
14.441726
14.443089
14.443982
14.443991
14.444514
14.445874
14.447056
14.447114
14.447302
14.448626
14.449103
14.449374
14.449668
14.449946
14.450477
14.451068
14.451131
14.451434
14.452201
14.454642
14.457946
14.458381
14.458958
14.461679
14.462814
14.463455
14.464466
14.466186
14.467102
14.468424
14.470775
14.472441
14.472859
14.473017
14.474731
14.475228
14.475661
14.477549
14.478072
14.480180
14.482797
14.483345
14.483438
14.483759
14.484707
14.486477
14.486724
14.487235
14.487982
14.489060
14.490988
14.492324
14.492644
14.493865
14.494034
14.494682
14.496169
14.496991
14.497308
14.498601
14.498766
14.499493
14.499947
14.500390
14.500780
14.500798
14.501678
14.501882
14.502345
14.502688
14.503795
14.503805
14.505414
14.507368
14.508703
14.510403
14.510465
14.512408
14.514335
14.514687
14.514761
14.515155
14.516214
14.516214
14.517218
14.517622
14.518447
14.519806
14.520222
14.520532
14.521547
14.522661
14.523601
14.526176
14.527349
14.528214
14.528344
14.528834
14.530913
14.531444
14.533911
14.534063
14.534274
14.535173
14.535426
14.536387
14.537395
14.538252
14.539402
14.539433
14.539604
14.539713
14.541069
14.541357
14.541378
14.542182
14.546898
14.547112
14.547280
14.548252
14.549101
14.549922
14.549993
14.550076
14.550455
14.558157
14.559122
14.559241
14.560913
14.561256
14.561714
14.562749
14.563501
14.565735
14.566064
14.567829
14.568036
14.568667
14.568911
14.570269
14.570919
14.570977
14.571346
14.571802
14.572153
14.572879
14.573229
14.573403
14.574756
14.575190
14.575336
14.575811
14.576078
14.577762
14.578303
14.578364
14.579852
14.581171
14.581717
14.581744
14.585155
14.585714
14.585763
14.586499
14.586719
14.586830
14.587994
14.589455
14.591189
14.592028
14.593259
14.593377
14.594493
14.595908
14.596501
14.597868
14.599162
14.599546
14.600082
14.602981
14.602981
14.603220
14.604247
14.604865
14.604944
14.605007
14.605268
14.607525
14.607553
14.607598
14.608371
14.609600
14.609929
14.610925
14.611051
14.612289
14.612783
14.613310
14.613768
14.613839
14.614946
14.615355
14.615868
14.615944
14.616987
14.617394
14.617412
14.617435
14.618518
14.618588
14.619125
14.619331
14.620317
14.620889
14.621111
14.621706
14.622077
14.622268
14.623480
14.623763
14.624303
14.624417
14.624442
14.625613
14.626345
14.626552
14.626931
14.627877
14.628696
14.629077
14.629140
14.629576
14.630178
14.631619
14.633208
14.633231
14.633348
14.634184
14.634308
14.634539
14.634607
14.634734
14.634903
14.635934
14.636030
14.637932
14.637981
14.640801
14.642990
14.645262
14.645916
14.647321
14.647706
14.647917
14.648742
14.649920
14.650070
14.651863
14.654251
14.656784
14.657203
14.658362
14.658764
14.660897
14.661515
14.663969
14.665118
14.667358
14.667868
14.668715
14.669798
14.670300
14.671805
14.672685
14.673429
14.674170
14.675489
14.676150
14.676824
14.677421
14.678069
14.678674
14.680134
14.680727
14.683308
14.683743
14.683961
14.685231
14.688735
14.688762
14.689303
14.689435
14.689627
14.689900
14.691051
14.691471
14.692928
14.692999
14.693357
14.693436
14.694659
14.695872
14.696935
14.697652
14.698730
14.699065
14.700577
14.701489
14.702979
14.703456
14.704853
14.704954
14.705070
14.705709
14.706480
14.706500
14.706894
14.707430
14.708468
14.709459
14.710019
14.711747
14.711884
14.712148
14.712267
14.714128
14.716120
14.717136
14.717308
14.718423
14.718612
14.719428
14.719429
14.719995
14.721360
14.721767
14.721967
14.722194
14.723159
14.723429
14.725550
14.725924
14.726233
14.726632
14.726970
14.727130
14.728172
14.728520
14.728530
14.729542
14.730555
14.731256
14.732756
14.732823
14.732883
14.733627
14.734224
14.736083
14.736938
14.736962
14.737169
14.737658
14.738194
14.738930
14.739058
14.739070
14.741283
14.741726
14.741786
14.741884
14.741931
14.744951
14.745057
14.746049
14.746051
14.746267
14.746916
14.747126
14.747400
14.748625
14.748743
14.749734
14.749895
14.749898
14.750349
14.751563
14.753930
14.754581
14.755977
14.758226
14.758245
14.760504
14.761949
14.762365
14.763216
14.763775
14.764168
14.764559
14.765603
14.767144
14.767702
14.767889
14.769130
14.769450
14.771074
14.772170
14.773344
14.773932
14.774344
14.774699
14.775826
14.776581
14.777238
14.778424
14.779260
14.779355
14.780801
14.780846
14.784866
14.785946
14.785963
14.787759
14.787844
14.788505
14.789920
14.790363
14.791514
14.791711
14.792152
14.792485
14.792768
14.793764
14.793980
14.794305
14.794789
14.796402
14.796783
14.797082
14.797455
14.797477
14.798248
14.798441
14.798693
14.799718
14.800084
14.800580
14.801224
14.801931
14.802665
14.802966
14.803195
14.804730
14.804969
14.805201
14.805496
14.805624
14.805758
14.806940
14.807956
14.809302
14.810984
14.811049
14.811450
14.811587
14.812520
14.813720
14.814525
14.815106
14.815524
14.815771
14.816589
14.817728
14.818607
14.819091
14.819722
14.821675
14.821684
14.822224
14.822491
14.822939
14.823298
14.823833
14.824577
14.824901
14.826126
14.826335
14.826600
14.827402
14.828249
14.828817
14.828845
14.829630
14.830587
14.830688
14.834799
14.835870
14.837567
14.838557
14.838835
14.838956
14.839820
14.839978
14.841475
14.841786
14.842440
14.845224
14.845320
14.845811
14.848111
14.849339
14.849452
14.849554
14.849991
14.851093
14.851238
14.851322
14.851702
14.853779
14.854579
14.854691
14.855854
14.855866
14.857368
14.858765
14.858829
14.859009
14.861559
14.863858
14.863918
14.864441
14.864871
14.865172
14.865354
14.865639
14.865940
14.866914
14.867393
14.867723
14.869610
14.869698
14.870293
14.870386
14.871481
14.874209
14.874325
14.875209
14.875414
14.876010
14.877031
14.878066
14.878407
14.880174
14.880788
14.881079
14.881612
14.882265
14.883016
14.883090
14.884032
14.884192
14.884405
14.885480
14.886219
14.886509
14.886621
14.886722
14.886926
14.887750
14.889163
14.889287
14.889291
14.890442
14.891108
14.891539
14.893924
14.894088
14.894998
14.895592
14.896511
14.896953
14.899813
14.899964
14.902848
14.904019
14.905197
14.905216
14.905294
14.905990
14.906961
14.907820
14.907866
14.909929
14.910601
14.911376
14.911387
14.912734
14.912938
14.913715
14.914332
14.916492
14.916581
14.916954
14.917027
14.917868
14.920295
14.920897
14.920994
14.921925
14.921970
14.922617
14.922758
14.923216
14.923288
14.923367
14.923909
14.924665
14.925012
14.925369
14.925718
14.927779
14.927809
14.928142
14.928712
14.929317
14.930017
14.931022
14.931132
14.931203
14.931485
14.934191
14.935449
14.935850
14.935884
14.935940
14.937048
14.938334
14.938764
14.941182
14.943007
14.943851
14.943935
14.945997
14.946700
14.947280
14.947309
14.947647
14.947939
14.949593
14.950341
14.952634
14.952724
14.953448
14.953520
14.953616
14.953862
14.955034
14.955634
14.956110
14.956310
14.957309
14.957868
14.958226
14.962229
14.962437
14.963143
14.963522
14.963590
14.963766
14.964263
14.964725
14.965139
14.965177
14.965480
14.966055
14.966754
14.967047
14.967282
14.967347
14.967986
14.968016
14.968975
14.969246
14.969766
14.970016
14.971318
14.971560
14.972821
14.974498
14.975186
14.975480
14.975531
14.975558
14.976312
14.976454
14.977943
14.978177
14.978711
14.979234
14.979762
14.980621
14.981286
14.982845
14.983068
14.984947
14.986109
14.986403
14.987432
14.988380
14.988550
14.988560
14.990957
14.991250
14.991321
14.991445
14.992735
14.993043
14.993151
14.993422
14.993423
14.995302
14.996353
14.997213
14.997695
14.999802
15.001185
15.001688
15.001989
15.002996
15.006061
15.006826
15.007011
15.007421
15.007452
15.007742
15.008976
15.011498
15.011659
15.011794
15.012883
15.012999
15.013434
15.013587
15.013722
15.014536
15.015688
15.015690
15.016120
15.017143
15.017305
15.017519
15.017527
15.017962
15.018392
15.018438
15.018913
15.021881
15.022088
15.022850
15.025008
15.025529
15.026567
15.027158
15.028633
15.028729
15.029568
15.030816
15.031287
15.031322
15.031540
15.032928
15.033664
15.033705
15.034688
15.034986
15.036611
15.037309
15.037574
15.038601
15.038706
15.038714
15.040417
15.040952
15.041900
15.042053
15.042311
15.043068
15.044703
15.044854
15.045417
15.046156
15.046896
15.046970
15.047158
15.047243
15.047945
15.050726
15.051277
15.051373
15.052767
15.052863
15.053298
15.054366
15.055092
15.055292
15.055401
15.055456
15.055514
15.056402
15.057680
15.059102
15.060541
15.060784
15.061537
15.062960
15.063073
15.064051
15.064536
15.065873
15.066615
15.069786
15.070120
15.070175
15.072066
15.072417
15.072839
15.074039
15.074937
15.075090
15.076702
15.076990
15.077478
15.077602
15.078176
15.079677
15.080849
15.081090
15.082195
15.083896
15.086834
15.087019
15.087303
15.088819
15.089142
15.089970
15.090548
15.091759
15.092211
15.092600
15.093601
15.093726
15.094176
15.095434
15.095446
15.095690
15.095965
15.096346
15.096381
15.096474
15.096489
15.096732
15.097101
15.097147
15.097474
15.097873
15.098235
15.098868
15.099105
15.099788
15.099928
15.099944
15.100783
15.102477
15.102593
15.103272
15.103607
15.104300
15.105345
15.105715
15.106398
15.106588
15.107270
15.107306
15.108178
15.108411
15.108870
15.108962
15.109771
15.109823
15.111261
15.111398
15.111663
15.111671
15.112004
15.112512
15.112586
15.113563
15.113869
15.114460
15.115512
15.115669
15.116064
15.116493
15.116842
15.117417
15.117929
15.117989
15.118192
15.120696
15.121140
15.121778
15.123195
15.123223
15.124086
15.124350
15.124391
15.125931
15.127539
15.129742
15.131514
15.132167
15.132840
15.134853
15.135025
15.135029
15.135538
15.136245
15.136304
15.136530
15.137118
15.138790
15.139539
15.140301
15.140684
15.140768
15.140797
15.142229
15.142664
15.144151
15.144680
15.145003
15.145641
15.146609
15.146837
15.147265
15.147664
15.147882
15.147956
15.148696
15.150261
15.151676
15.152062
15.152245
15.152370
15.152925
15.153195
15.153377
15.153503
15.153683
15.153901
15.154170
15.156260
15.159403
15.159436
15.162283
15.162838
15.162876
15.163076
15.164490
15.166045
15.166410
15.166512
15.167364
15.167450
15.167561
15.167670
15.167853
15.168124
15.168264
15.169444
15.169729
15.169898
15.169986
15.170176
15.170886
15.170944
15.171579
15.172185
15.175555
15.176171
15.177024
15.177043
15.178784
15.178969
15.179113
15.179642
15.180670
15.180951
15.183478
15.183528
15.183537
15.184772
15.184887
15.185555
15.186130
15.186528
15.186738
15.187499
15.188338
15.189304
15.189734
15.189738
15.190498
15.190580
15.190997
15.191044
15.191092
15.191792
15.192891
15.193434
15.193924
15.194736
15.198116
15.198466
15.198807
15.199528
15.199595
15.200023
15.200154
15.200720
15.200972
15.201083
15.202024
15.202415
15.202753
15.202917
15.203966
15.204011
15.204122
15.204751
15.205956
15.206291
15.206893
15.207491
15.209126
15.209538
15.209688
15.210138
15.210325
15.210344
15.210748
15.211453
15.212608
15.213111
15.214323
15.215018
15.216023
15.216432
15.217453
15.217645
15.217981
15.218029
15.221695
15.221985
15.222282
15.222798
15.224411
15.225028
15.225117
15.226182
15.226478
15.226622
15.226671
15.226920
15.227514
15.227922
15.228395
15.229337
15.229422
15.229644
15.230114
15.232184
15.232327
15.232673
15.232674
15.232815
15.233970
15.234086
15.234933
15.235100
15.235703
15.235902
15.236058
15.236398
15.236690
15.236970
15.238168
15.240969
15.241117
15.241292
15.241505
15.241867
15.242664
15.243387
15.246247
15.246424
15.247180
15.247350
15.248305
15.248491
15.249372
15.249554
15.249625
15.251172
15.253752
15.254321
15.254672
15.255018
15.255068
15.256186
15.256496
15.257525
15.257686
15.258083
15.258522
15.260138
15.260446
15.260460
15.260498
15.260626
15.261187
15.261449
15.262941
15.264682
15.265110
15.265251
15.265391
15.265502
15.265655
15.267040
15.267077
15.267446
15.267661
15.268104
15.268158
15.269047
15.269108
15.269744
15.269858
15.269980
15.270431
15.270495
15.270602
15.271238
15.271994
15.273164
15.273582
15.274486
15.276210
15.277077
15.277339
15.278629
15.279186
15.280092
15.280684
15.281687
15.281693
15.282188
15.282830
15.284218
15.284903
15.285366
15.285578
15.286427
15.286997
15.287107
15.288478
15.288815
15.289294
15.289636
15.289654
15.290627
15.290754
15.291393
15.291438
15.291627
15.291749
15.293759
15.293991
15.293991
15.294044
15.294705
15.294872
15.296477
15.296546
15.297724
15.299164
15.299165
15.299412
15.299736
15.301183
15.301183
15.301224
15.303357
15.304230
15.304273
15.304441
15.304597
15.304640
15.306064
15.306098
15.306751
15.307378
15.308387
15.308479
15.308700
15.308755
15.309309
15.309541
15.309966
15.310928
15.311361
15.312153
15.312732
15.314051
15.314530
15.315605
15.315951
15.316136
15.316281
15.316726
15.317057
15.317480
15.317579
15.317713
15.317961
15.318213
15.318567
15.320848
15.321326
15.321524
15.321922
15.322946
15.323259
15.323534
15.323770
15.323837
15.324132
15.324557
15.325817
15.325842
15.325989
15.326291
15.326779
15.326850
15.326880
15.327644
15.327838
15.329577
15.329818
15.330243
15.331063
15.331370
15.331504
15.333655
15.334044
15.334195
15.334270
15.334723
15.335055
15.335994
15.336375
15.336921
15.337173
15.337196
15.337774
15.338498
15.338613
15.339637
15.340382
15.340469
15.340528
15.340637
15.340676
15.340765
15.341767
15.343797
15.344183
15.344585
15.344622
15.344836
15.345166
15.345291
15.345838
15.345980
15.346349
15.346383
15.347141
15.348717
15.349243
15.350026
15.350445
15.353251
15.353616
15.354711
15.354912
15.355084
15.355206
15.355778
15.356664
15.356850
15.357494
15.358364
15.358887
15.359200
15.359872
15.360101
15.360185
15.360189
15.360332
15.360377
15.361045
15.361364
15.361846
15.361912
15.362186
15.362494
15.363048
15.363278
15.363449
15.363856
15.365149
15.365251
15.365740
15.365957
15.365999
15.366261
15.367916
15.368164
15.368382
15.368756
15.369190
15.369608
15.369627
15.370760
15.370841
15.371695
15.371987
15.372604
15.372783
15.373055
15.374163
15.374229
15.374479
15.374519
15.374619
15.375747
15.375764
15.375812
15.376043
15.376421
15.376878
15.377032
15.377909
15.378126
15.378680
15.378989
15.379182
15.379283
15.379810
15.380880
15.381401
15.381639
15.381992
15.382292
15.382654
15.383509
15.384076
15.384475
15.386156
15.387573
15.387575
15.387720
15.387721
15.388296
15.388434
15.390011
15.390121
15.390471
15.390651
15.391307
15.391942
15.392145
15.392477
15.392715
15.393602
15.394149
15.394330
15.394346
15.395418
15.396171
15.396399
15.397311
15.397672
15.397791
15.397922
15.398244
15.399007
15.399631
15.399660
15.399781
15.399980
15.400404
15.402674
15.402837
15.403998
15.405218
15.405657
15.405912
15.406340
15.406920
15.407262
15.407470
15.408252
15.408678
15.408781
15.410501
15.410527
15.412144
15.412181
15.413102
15.413198
15.413312
15.413321
15.413507
15.415258
15.415376
15.415471
15.415926
15.417155
15.417548
15.417789
15.418153
15.418219
15.418374
15.418447
15.418618
15.418859
15.419280
15.419742
15.420587
15.420832
15.421007
15.421329
15.421544
15.421782
15.421862
15.422298
15.422310
15.422560
15.422990
15.423047
15.423326
15.424514
15.425503
15.425995
15.427309
15.427413
15.427493
15.428057
15.428197
15.428506
15.428685
15.429514
15.429545
15.429744
15.430056
15.430074
15.430264
15.430866
15.431902
15.432916
15.433763
15.433908
15.433991
15.434246
15.435676
15.435922
15.436128
15.436225
15.436332
15.438059
15.438899
15.439302
15.439924
15.440173
15.440686
15.441785
15.442442
15.442669
15.443093
15.444078
15.444309
15.444572
15.445967
15.446195
15.446954
15.448032
15.448421
15.448533
15.449322
15.449940
15.450088
15.450522
15.450802
15.450982
15.452147
15.452402
15.452686
15.452903
15.452972
15.453707
15.454047
15.454583
15.454642
15.455860
15.457333
15.457650
15.458223
15.459422
15.460667
15.460933
15.461415
15.461884
15.462336
15.463378
15.463534
15.464160
15.465751
15.466464
15.466936
15.467599
15.468410
15.468533
15.469255
15.469410
15.469903
15.470479
15.470991
15.471773
15.472163
15.472380
15.473034
15.473842
15.474631
15.477011
15.477030
15.477048
15.477612
15.477786
15.478214
15.479338
15.480221
15.480376
15.480816
15.480981
15.481833
15.483001
15.483314
15.483758
15.486300
15.487217
15.487326
15.487445
15.488642
15.488895
15.490109
15.491303
15.491344
15.491419
15.491822
15.492249
15.492610
15.492828
15.493111
15.493584
15.493637
15.494612
15.496108
15.496258
15.497437
15.497784
15.499254
15.499298
15.501115
15.501380
15.501658
15.502472
15.502728
15.503144
15.503839
15.504952
15.505195
15.505764
15.506318
15.509760
15.510077
15.511025
15.512300
15.513035
15.513474
15.513712
15.515234
15.516012
15.516225
15.517390
15.518236
15.518262
15.519085
15.519422
15.519780
15.519946
15.519966
15.520922
15.521166
15.522026
15.522214
15.522221
15.522779
15.523606
15.524653
15.524873
15.525360
15.526669
15.527141
15.527201
15.527511
15.527522
15.527884
15.528572
15.529493
15.530411
15.530897
15.531014
15.531429
15.531665
15.532691
15.533114
15.534751
15.535394
15.535509
15.535705
15.537119
15.537169
15.538190
15.539137
15.539265
15.539355
15.539971
15.540231
15.540824
15.541105
15.541349
15.541953
15.542093
15.542242
15.542484
15.543329
15.544449
15.545076
15.547141
15.547227
15.548475
15.548553
15.548556
15.548892
15.549063
15.549212
15.549914
15.550151
15.550766
15.555305
15.555938
15.557822
15.558009
15.558219
15.558252
15.558291
15.558312
15.558521
15.560672
15.561345
15.562122
15.563142
15.563212
15.563281
15.564562
15.564793
15.564862
15.566508
15.566780
15.566784
15.567017
15.567415
15.569548
15.571122
15.571353
15.571416
15.572228
15.572453
15.573446
15.576446
15.576541
15.576761
15.576853
15.577383
15.577794
15.578055
15.578073
15.578135
15.578691
15.579503
15.579881
15.580695
15.582006
15.582031
15.582446
15.582905
15.583920
15.584263
15.584446
15.584605
15.585195
15.585339
15.585453
15.585943
15.586368
15.586679
15.587290
15.587315
15.587541
15.588093
15.588548
15.588689
15.588776
15.589513
15.590175
15.590240
15.592443
15.592672
15.592772
15.592835
15.592987
15.593575
15.594426
15.594595
15.594704
15.594908
15.595138
15.595591
15.596263
15.596915
15.597416
15.597725
15.598248
15.598356
15.598535
15.598560
15.598572
15.598937
15.600143
15.600313
15.601961
15.602151
15.603038
15.603389
15.605083
15.605297
15.606095
15.606150
15.606166
15.606996
15.607021
15.607613
15.608256
15.609932
15.610292
15.612279
15.613167
15.613240
15.613275
15.613361
15.613618
15.614430
15.614597
15.615386
15.615529
15.615924
15.616117
15.617024
15.618052
15.619762
15.620068
15.620105
15.620871
15.621551
15.622241
15.622478
15.622729
15.624077
15.624843
15.624943
15.625484
15.625758
15.626224
15.626406
15.626606
15.627121
15.627631
15.627671
15.627783
15.628252
15.628286
15.628974
15.629060
15.631089
15.631724
15.632114
15.632211
15.632223
15.632425
15.632524
15.632662
15.632750
15.633537
15.633765
15.634195
15.635275
15.635522
15.636189
15.636595
15.636730
15.637714
15.637774
15.638371
15.639032
15.639194
15.639385
15.639437
15.639717
15.640383
15.640538
15.640560
15.640685
15.641180
15.642497
15.644052
15.644818
15.645253
15.645376
15.645642
15.645796
15.646608
15.647128
15.647526
15.648170
15.649027
15.649614
15.650816
15.651018
15.651561
15.651763
15.652423
15.652759
15.652806
15.653353
15.653366
15.653996
15.655192
15.655409
15.656344
15.656430
15.657021
15.659461
15.659721
15.659775
15.660059
15.661023
15.661726
15.661858
15.662265
15.662510
15.663855
15.664224
15.664395
15.664437
15.664654
15.665030
15.665224
15.666134
15.666137
15.666209
15.667456
15.668335
15.668508
15.668633
15.668839
15.669182
15.669621
15.669750
15.670407
15.670547
15.671708
15.672347
15.672494
15.672511
15.672670
15.672966
15.673342
15.673379
15.673839
15.674060
15.675311
15.676763
15.676816
15.677558
15.678856
15.678968
15.679063
15.679689
15.679908
15.680221
15.681026
15.682098
15.682376
15.682690
15.682894
15.682920
15.682945
15.685265
15.686433
15.687071
15.687167
15.687187
15.687320
15.687872
15.688646
15.688709
15.688738
15.689021
15.689479
15.689757
15.689812
15.690303
15.690590
15.691541
15.693012
15.694060
15.694076
15.694196
15.694202
15.694937
15.695116
15.695862
15.696540
15.696775
15.696839
15.697025
15.697066
15.697783
15.698197
15.699938
15.700868
15.700880
15.702074
15.702115
15.702268
15.702342
15.702526
15.702543
15.703671
15.703914
15.704034
15.704153
15.704404
15.704823
15.705149
15.705264
15.706186
15.706797
15.707191
15.707260
15.707268
15.707532
15.707783
15.708239
15.709002
15.709052
15.709189
15.709464
15.710360
15.710445
15.710510
15.712099
15.712141
15.712205
15.712555
15.712737
15.713172
15.713553
15.714103
15.716069
15.716166
15.716412
15.716463
15.716534
15.717052
15.717635
15.717740
15.719352
15.719718
15.719743
15.720134
15.720166
15.720860
15.720990
15.721690
15.721879
15.722350
15.722605
15.724120
15.725539
15.726232
15.727338
15.727973
15.728511
15.729097
15.729424
15.729586
15.729650
15.730177
15.730260
15.731879
15.732185
15.732977
15.734025
15.734751
15.735384
15.735874
15.735949
15.737616
15.737656
15.737683
15.738533
15.738641
15.738694
15.739378
15.739708
15.739995
15.740015
15.741505
15.742190
15.742728
15.743214
15.744829
15.744926
15.745335
15.745859
15.747127
15.749880
15.750151
15.750977
15.751316
15.751409
15.751496
15.751496
15.751593
15.751925
15.752013
15.752125
15.752933
15.753137
15.753155
15.753411
15.753493
15.753759
15.753785
15.754373
15.755201
15.755797
15.756291
15.756826
15.757510
15.758420
15.758885
15.759057
15.759844
15.760221
15.762161
15.762298
15.762320
15.764130
15.764318
15.764850
15.765085
15.765647
15.766587
15.766609
15.767557
15.768055
15.769069
15.769231
15.769314
15.769897
15.770046
15.770403
15.770505
15.770564
15.771562
15.771692
15.771805
15.771856
15.772664
15.774233
15.774595
15.774673
15.774856
15.775012
15.775016
15.775968
15.776074
15.776138
15.776263
15.776557
15.777751
15.778707
15.779933
15.780823
15.780893
15.780901
15.781097
15.781202
15.781492
15.781710
15.781838
15.781862
15.783009
15.783209
15.783551
15.784290
15.784312
15.784474
15.784955
15.785502
15.785623
15.785731
15.786853
15.787169
15.787762
15.787808
15.787934
15.788380
15.788566
15.788661
15.788665
15.789146
15.789297
15.790284
15.790290
15.791036
15.791040
15.791043
15.791101
15.791425
15.791958
15.792502
15.792840
15.793610
15.793734
15.793991
15.794965
15.795196
15.795307
15.795827
15.796310
15.796391
15.797013
15.797306
15.797987
15.798174
15.799759
15.800041
15.800634
15.800645
15.800963
15.801258
15.801504
15.802532
15.802623
15.802738
15.803140
15.803390
15.803614
15.804111
15.804768
15.805824
15.805967
15.806852
15.807456
15.807594
15.808320
15.809053
15.809150
15.809594
15.809770
15.809931
15.810140
15.810316
15.810508
15.811312
15.811923
15.812088
15.812655
15.813046
15.815140
15.815198
15.815210
15.815632
15.816080
15.817943
15.817972
15.818969
15.819485
15.820529
15.820650
15.821226
15.821261
15.821812
15.822495
15.822872
15.822989
15.823094
15.823454
15.823469
15.823706
15.825493
15.825618
15.826590
15.826976
15.827962
15.828050
15.828386
15.828552
15.829040
15.830187
15.832390
15.832418
15.832583
15.832880
15.833008
15.833236
15.833251
15.833522
15.833745
15.834095
15.834750
15.834892
15.835463
15.835880
15.836445
15.837239
15.837343
15.838773
15.838895
15.839094
15.839255
15.841113
15.841167
15.841921
15.842246
15.843189
15.843641
15.843976
15.844993
15.845369
15.846163
15.846739
15.848215
15.848702
15.849539
15.849989
15.850374
15.850917
15.851753
15.851959
15.852082
15.852330
15.852932
15.853067
15.853951
15.855738
15.855853
15.856287
15.856558
15.856904
15.857270
15.857286
15.857607
15.857777
15.857818
15.858541
15.859962
15.860062
15.860432
15.860452
15.861143
15.861771
15.862465
15.862574
15.864144
15.864466
15.864606
15.865272
15.865547
15.866514
15.867511
15.869052
15.869431
15.870228
15.870561
15.871014
15.871680
15.872531
15.872708
15.873144
15.873307
15.873409
15.873827
15.874139
15.875002
15.875030
15.875342
15.876084
15.876239
15.876275
15.876348
15.876834
15.877503
15.877711
15.877795
15.878310
15.878453
15.878920
15.879408
15.880070
15.880272
15.880471
15.880490
15.880727
15.881477
15.882418
15.883601
15.883951
15.883964
15.884109
15.884291
15.884297
15.885970
15.886450
15.886662
15.886727
15.886757
15.886829
15.887230
15.887551
15.887650
15.888153
15.888297
15.888406
15.889636
15.891475
15.891800
15.891910
15.892097
15.893550
15.893588
15.895468
15.896214
15.896611
15.897206
15.898074
15.899765
15.899839
15.900050
15.900295
15.900375
15.901429
15.902033
15.902637
15.902921
15.902987
15.903337
15.903927
15.904515
15.904659
15.905186
15.907251
15.907526
15.907627
15.907799
15.908431
15.908612
15.909139
15.909200
15.909314
15.909328
15.909730
15.909833
15.911110
15.911384
15.911386
15.911572
15.911924
15.911962
15.912338
15.913007
15.913329
15.913373
15.913808
15.913820
15.913968
15.914330
15.914819
15.915246
15.916174
15.916241
15.917207
15.917869
15.918189
15.918192
15.918593
15.918650
15.919045
15.919106
15.919423
15.919587
15.919828
15.919884
15.921053
15.921096
15.921999
15.922412
15.922841
15.923010
15.923269
15.923637
15.923656
15.924187
15.925789
15.926311
15.927011
15.927297
15.927369
15.927514
15.928223
15.928766
15.929115
15.929216
15.929229
15.929811
15.929880
15.930032
15.930204
15.930403
15.930823
15.931657
15.931812
15.932607
15.933674
15.934064
15.935533
15.935605
15.936110
15.936111
15.936757
15.937467
15.938104
15.938165
15.938952
15.939043
15.939516
15.939861
15.940550
15.940796
15.941553
15.941751
15.942709
15.942773
15.943395
15.943705
15.943766
15.944125
15.944204
15.944499
15.945006
15.945559
15.946121
15.946157
15.946820
15.947131
15.947343
15.947529
15.947733
15.948006
15.948087
15.949284
15.950153
15.951409
15.951504
15.951828
15.952193
15.952472
15.953729
15.954226
15.955117
15.955529
15.956120
15.956123
15.957076
15.957402
15.957524
15.957653
15.957900
15.958320
15.958686
15.960474
15.960789
15.960838
15.960843
15.961106
15.961255
15.961802
15.962294
15.962876
15.963078
15.963596
15.963669
15.963822
15.964012
15.964102
15.964121
15.964641
15.965242
15.965871
15.966115
15.966844
15.966923
15.967422
15.967901
15.968858
15.969075
15.970637
15.970737
15.971278
15.971299
15.971479
15.972622
15.972894
15.973027
15.973336
15.974733
15.975814
15.976555
15.976862
15.977942
15.978404
15.978655
15.980246
15.980334
15.981009
15.982030
15.982694
15.984706
15.984853
15.985030
15.985514
15.985709
15.985981
15.986125
15.986236
15.986451
15.986568
15.986599
15.986659
15.986662
15.986923
15.987774
15.988254
15.988544
15.989059
15.992810
15.992825
15.992829
15.992836
15.993522
15.994889
15.994995
15.995901
15.997463
15.997526
15.997600
15.998060
15.998105
15.998218
15.998660
15.999117
15.999650
15.999655
15.999861
16.000259
16.000568
16.000980
16.001066
16.001394
16.001930
16.002005
16.002487
16.002636
16.002974
16.003193
16.004568
16.006096
16.006332
16.007326
16.007496
16.007832
16.008087
16.008896
16.009663
16.010460
16.010700
16.010702
16.010788
16.010998
16.011465
16.011698
16.012098
16.012190
16.012989
16.012999
16.013874
16.013874
16.014109
16.014450
16.014687
16.014742
16.015039
16.017181
16.018312
16.019966
16.020800
16.021338
16.021776
16.021847
16.022213
16.022543
16.022787
16.022882
16.024487
16.024757
16.025095
16.026907
16.027447
16.027718
16.027748
16.029472
16.029516
16.029724
16.030550
16.030867
16.031096
16.031977
16.032379
16.032425
16.032534
16.032721
16.033108
16.033169
16.035982
16.036230
16.037794
16.038490
16.038710
16.038794
16.040241
16.041162
16.041214
16.041275
16.042099
16.042555
16.042694
16.044193
16.044914
16.044933
16.045446
16.046055
16.046211
16.047882
16.048065
16.048328
16.049702
16.049732
16.050522
16.051046
16.051464
16.052883
16.053009
16.053629
16.053909
16.054083
16.055161
16.055372
16.055912
16.058176
16.058784
16.059422
16.060566
16.060909
16.061113
16.061621
16.061804
16.062719
16.063046
16.063108
16.063540
16.063595
16.064070
16.064445
16.065222
16.066092
16.066227
16.066381
16.066448
16.066961
16.068531
16.069128
16.069239
16.069376
16.069563
16.069586
16.069588
16.069643
16.070698
16.070812
16.071144
16.071236
16.071762
16.073704
16.073809
16.073875
16.074453
16.075674
16.075764
16.076012
16.076151
16.076178
16.078810
16.079420
16.079716
16.080408
16.081219
16.081402
16.082396
16.082565
16.082693
16.082706
16.082726
16.082834
16.083450
16.083582
16.083588
16.083607
16.084469
16.084478
16.084797
16.085068
16.085295
16.085567
16.086201
16.086296
16.086298
16.086525
16.086967
16.087030
16.087658
16.087763
16.088123
16.088396
16.088541
16.089609
16.090265
16.090702
16.090853
16.091326
16.092463
16.092579
16.093273
16.093445
16.093685
16.093695
16.093863
16.094044
16.094240
16.094423
16.094582
16.094904
16.095133
16.095680
16.095860
16.096247
16.096777
16.096889
16.096920
16.096937
16.096998
16.097162
16.097471
16.098087
16.098402
16.098793
16.098963
16.099396
16.100319
16.100395
16.101189
16.101604
16.101627
16.102261
16.103092
16.103519
16.103836
16.104008
16.104429
16.104752
16.105091
16.105413
16.105463
16.105789
16.106607
16.107969
16.108265
16.108543
16.108864
16.109026
16.110392
16.110477
16.110828
16.110954
16.111864
16.111982
16.112934
16.113163
16.113932
16.114187
16.114443
16.114475
16.114887
16.115255
16.115410
16.116631
16.117434
16.118568
16.118578
16.119329
16.119818
16.119928
16.119974
16.120188
16.120304
16.120966
16.120983
16.121021
16.121479
16.122990
16.123917
16.124685
16.125874
16.126068
16.126572
16.127016
16.127258
16.127642
16.128794
16.129080
16.129265
16.129267
16.129883
16.129921
16.130976
16.131359
16.132767
16.133032
16.133896
16.134508
16.135239
16.136229
16.136980
16.138247
16.138750
16.139004
16.139969
16.140123
16.140371
16.140476
16.140591
16.140974
16.142012
16.142223
16.142616
16.142994
16.143290
16.143360
16.143599
16.143923
16.144676
16.144901
16.145346
16.145498
16.145765
16.146124
16.146774
16.146828
16.147602
16.148367
16.149645
16.150248
16.150881
16.150932
16.151287
16.152452
16.152601
16.152893
16.152985
16.153353
16.153784
16.154932
16.155434
16.156130
16.156252
16.156538
16.156610
16.156746
16.156902
16.156904
16.157215
16.157331
16.157587
16.157652
16.157789
16.157986
16.158012
16.158016
16.158062
16.158665
16.159599
16.159615
16.160116
16.161530
16.161615
16.161997
16.164293
16.165031
16.165966
16.166031
16.166471
16.167807
16.169960
16.170456
16.171883
16.172531
16.173456
16.173847
16.174004
16.174915
16.175112
16.175322
16.177139
16.177172
16.177185
16.177437
16.177828
16.178295
16.178320
16.178551
16.178806
16.178907
16.179089
16.179283
16.179426
16.179522
16.179882
16.180441
16.180468
16.180489
16.181311
16.181631
16.182430
16.182531
16.182896
16.182920
16.183651
16.184429
16.184700
16.185083
16.185102
16.185534
16.185593
16.186081
16.186199
16.186510
16.186876
16.187353
16.187794
16.188637
16.189362
16.189581
16.189964
16.190048
16.190056
16.190308
16.190981
16.193043
16.193270
16.193476
16.194500
16.194635
16.195341
16.196148
16.197018
16.198078
16.198929
16.200350
16.200447
16.200823
16.201283
16.201454
16.201702
16.201828
16.202978
16.202995
16.203156
16.203753
16.204693
16.204865
16.205616
16.206619
16.206768
16.207098
16.207394
16.207703
16.207863
16.208469
16.208696
16.209293
16.209894
16.209946
16.210199
16.210642
16.211292
16.212988
16.213688
16.214703
16.214840
16.214994
16.215288
16.215906
16.216734
16.217289
16.217869
16.217880
16.218317
16.218592
16.218603
16.218636
16.218859
16.218929
16.219477
16.219883
16.220003
16.220039
16.220112
16.220190
16.220648
16.220684
16.220905
16.221643
16.221937
16.222286
16.222746
16.223566
16.223890
16.224787
16.224825
16.226053
16.226053
16.227262
16.227287
16.227894
16.228575
16.228594
16.228670
16.229496
16.229643
16.229729
16.230043
16.231453
16.232016
16.232725
16.232780
16.232841
16.233404
16.233900
16.234034
16.234409
16.234423
16.234995
16.235018
16.235237
16.235695
16.236242
16.236469
16.237101
16.237959
16.238132
16.238455
16.238853
16.238895
16.239174
16.239458
16.240349
16.240885
16.241463
16.241522
16.241596
16.242050
16.242876
16.243237
16.243916
16.243950
16.244974
16.245270
16.245306
16.245464
16.245541
16.246914
16.247345
16.248932
16.249548
16.249636
16.249865
16.250170
16.250414
16.251476
16.251516
16.251654
16.252342
16.252716
16.252869
16.253294
16.253614
16.253834
16.254442
16.254889
16.254961
16.255203
16.255816
16.256495
16.257404
16.257658
16.258463
16.259077
16.259748
16.259876
16.259983
16.260921
16.261797
16.262077
16.262621
16.262735
16.263399
16.263784
16.264328
16.264652
16.265369
16.266150
16.267023
16.268669
16.268835
16.270262
16.270296
16.270651
16.270863
16.270937
16.272013
16.272251
16.272291
16.272337
16.273499
16.273691
16.273903
16.273977
16.274014
16.274057
16.274082
16.274141
16.274773
16.275455
16.275692
16.277378
16.277624
16.278450
16.278568
16.279694
16.279747
16.279812
16.279898
16.281366
16.281771
16.281794
16.281858
16.282633
16.282772
16.283489
16.283772
16.284264
16.285803
16.286404
16.287334
16.287811
16.288059
16.288088
16.289078
16.289207
16.289492
16.290182
16.290489
16.290611
16.290697
16.291599
16.291777
16.291985
16.292852
16.293076
16.293123
16.294048
16.295530
16.296175
16.296272
16.296364
16.297209
16.297323
16.297451
16.297537
16.297842
16.298122
16.299229
16.300032
16.300272
16.300627
16.300838
16.300863
16.302202
16.302443
16.302881
16.302916
16.303295
16.303413
16.304243
16.305576
16.306446
16.306498
16.307055
16.307199
16.307222
16.307467
16.308176
16.308470
16.308937
16.308945
16.308985
16.309946
16.310369
16.310606
16.310614
16.310774
16.310898
16.311535
16.312340
16.312855
16.313036
16.313107
16.313639
16.313650
16.313864
16.316298
16.316324
16.316378
16.316502
16.316683
16.317158
16.317192
16.317295
16.317799
16.318865
16.321695
16.322378
16.322502
16.322855
16.322956
16.323412
16.324158
16.324623
16.327290
16.328505
16.328564
16.328915
16.330135
16.330154
16.330376
16.330618
16.331694
16.332163
16.333347
16.333780
16.334707
16.334717
16.334764
16.334938
16.335382
16.335989
16.336868
16.337109
16.337156
16.337185
16.337301
16.337872
16.338272
16.338383
16.338617
16.338985
16.339211
16.339575
16.339804
16.340097
16.340521
16.340900
16.341042
16.341181
16.341223
16.341583
16.341944
16.343042
16.343809
16.344814
16.345255
16.346577
16.346621
16.346767
16.347380
16.347923
16.347971
16.348871
16.349991
16.350071
16.350410
16.352196
16.352427
16.352793
16.353146
16.353157
16.353344
16.353416
16.353725
16.353973
16.354681
16.355209
16.355452
16.355623
16.356409
16.356466
16.358414
16.359236
16.360497
16.360851
16.360991
16.361027
16.361778
16.363157
16.363630
16.363939
16.364109
16.364470
16.364748
16.365498
16.365543
16.365690
16.366070
16.366556
16.367159
16.368025
16.368748
16.369177
16.370564
16.370808
16.371275
16.371275
16.371588
16.371841
16.372528
16.373037
16.373400
16.374544
16.374668
16.374893
16.375790
16.378035
16.378325
16.378401
16.378843
16.379517
16.379929
16.381390
16.381395
16.381556
16.382742
16.382853
16.384813
16.385458
16.385551
16.385586
16.386791
16.386822
16.387253
16.387774
16.387821
16.388908
16.389536
16.389612
16.389629
16.389711
16.389954
16.390079
16.390282
16.391981
16.392488
16.392937
16.393154
16.393623
16.393948
16.394009
16.394173
16.394415
16.394579
16.394823
16.395494
16.395584
16.395765
16.395844
16.396770
16.396790
16.396841
16.397371
16.397823
16.398863
16.400698
16.401134
16.401508
16.402044
16.402569
16.403297
16.403469
16.403664
16.404671
16.404684
16.405163
16.406622
16.407175
16.407368
16.407597
16.407724
16.407999
16.410257
16.410879
16.410999
16.411440
16.411901
16.412230
16.412552
16.412907
16.412941
16.413385
16.413410
16.413851
16.414339
16.414408
16.414597
16.414753
16.415003
16.415842
16.416473
16.416615
16.418156
16.418402
16.418644
16.419220
16.419266
16.419748
16.419851
16.420040
16.420620
16.420670
16.421591
16.421955
16.422035
16.422375
16.423298
16.423944
16.424288
16.424307
16.424383
16.424450
16.425726
16.425825
16.425924
16.426338
16.426434
16.427534
16.427616
16.427662
16.428740
16.428818
16.430004
16.430298
16.430332
16.430344
16.430601
16.431093
16.431679
16.432255
16.432428
16.432678
16.432762
16.432890
16.432926
16.433079
16.433367
16.433531
16.434608
16.435953
16.437407
16.437620
16.437675
16.437744
16.437803
16.438038
16.441217
16.441612
16.441641
16.441757
16.441790
16.441793
16.442177
16.443813
16.444490
16.444700
16.444878
16.445314
16.445360
16.445398
16.445433
16.445717
16.445877
16.445925
16.446129
16.446753
16.446785
16.448763
16.451307
16.451469
16.451599
16.452398
16.453947
16.455601
16.456430
16.456711
16.456951
16.457924
16.458221
16.458773
16.458912
16.459076
16.459356
16.459604
16.459631
16.459980
16.460205
16.461199
16.462132
16.462479
16.462540
16.463381
16.463478
16.463495
16.464121
16.464289
16.464725
16.464840
16.465942
16.466145
16.466503
16.466921
16.467346
16.468636
16.468658
16.468739
16.468763
16.469040
16.469166
16.469341
16.469765
16.469799
16.469952
16.470785
16.470997
16.471212
16.471439
16.471649
16.471678
16.471865
16.471928
16.471949
16.473555
16.474070
16.474123
16.474646
16.474985
16.475145
16.475708
16.475824
16.476458
16.476707
16.476845
16.477922
16.477982
16.478151
16.478470
16.478813
16.479069
16.480228
16.480433
16.481598
16.482010
16.482538
16.482952
16.483175
16.483286
16.483454
16.484083
16.484106
16.484430
16.484655
16.485235
16.485235
16.486437
16.486559
16.486958
16.487099
16.487324
16.487907
16.489450
16.489506
16.489536
16.489588
16.490435
16.490875
16.491917
16.492279
16.492926
16.493103
16.493141
16.493778
16.493820
16.494295
16.494761
16.495012
16.496035
16.496271
16.496355
16.496523
16.496655
16.497124
16.497581
16.497931
16.498535
16.498634
16.498661
16.498676
16.498732
16.499891
16.500532
16.500689
16.501217
16.501841
16.503462
16.503517
16.503633
16.503721
16.503773
16.504292
16.505274
16.505983
16.506313
16.506910
16.507263
16.507397
16.507639
16.507906
16.507935
16.507990
16.508413
16.508631
16.508718
16.508987
16.509295
16.509798
16.510042
16.510336
16.510744
16.511885
16.512430
16.512529
16.513023
16.513504
16.513777
16.514044
16.515362
16.515545
16.515671
16.515850
16.516737
16.516901
16.517223
16.517559
16.517870
16.518318
16.518431
16.518726
16.519062
16.519842
16.519869
16.520142
16.521126
16.521345
16.521400
16.521948
16.523167
16.523710
16.524744
16.524801
16.525148
16.525320
16.525423
16.526617
16.527306
16.527403
16.528927
16.529095
16.529530
16.529787
16.529942
16.530142
16.530346
16.530396
16.530426
16.530596
16.530663
16.530760
16.532612
16.532837
16.533567
16.534281
16.534784
16.535292
16.535383
16.535385
16.535484
16.536018
16.536638
16.537611
16.538038
16.538851
16.538853
16.538963
16.539274
16.539394
16.539551
16.540709
16.541510
16.541929
16.541952
16.543314
16.543451
16.544262
16.544359
16.545258
16.545769
16.545931
16.546923
16.547972
16.548740
16.549561
16.549953
16.550039
16.550535
16.550930
16.551527
16.551580
16.553684
16.553789
16.555710
16.556463
16.556843
16.557064
16.557554
16.558313
16.558571
16.559046
16.559370
16.559401
16.559778
16.560568
16.561487
16.562492
16.563044
16.563215
16.563393
16.564690
16.565285
16.565777
16.566185
16.567537
16.567644
16.568939
16.569298
16.570768
16.571175
16.571554
16.572029
16.572199
16.572546
16.573282
16.573429
16.574442
16.574617
16.575089
16.576609
16.577055
16.577642
16.578323
16.578350
16.578821
16.578995
16.579748
16.580290
16.580561
16.581215
16.581861
16.582169
16.582216
16.582417
16.582964
16.583359
16.583464
16.583529
16.583981
16.585314
16.585590
16.586840
16.587093
16.588528
16.588850
16.588928
16.589191
16.589331
16.589630
16.589865
16.590679
16.591396
16.591433
16.592035
16.592274
16.593477
16.593784
16.593927
16.594175
16.594290
16.595375
16.596228
16.597406
16.597736
16.599117
16.599289
16.599525
16.599632
16.600283
16.601025
16.601124
16.601482
16.601568
16.601574
16.602222
16.602802
16.603621
16.604435
16.604507
16.605167
16.605213
16.605536
16.605968
16.606657
16.607344
16.608017
16.609135
16.609163
16.609945
16.610153
16.610189
16.611629
16.611954
16.612019
16.612251
16.612576
16.612709
16.613691
16.614752
16.615105
16.615868
16.615986
16.616236
16.616337
16.616398
16.617325
16.617785
16.618073
16.619207
16.619652
16.620163
16.620342
16.621481
16.621971
16.622282
16.622437
16.622952
16.624784
16.624954
16.625854
16.625860
16.626242
16.626625
16.626978
16.627382
16.627947
16.628653
16.628752
16.630030
16.630194
16.630610
16.630819
16.631519
16.632624
16.633032
16.633198
16.633446
16.633520
16.633669
16.634150
16.634418
16.634710
16.635035
16.635193
16.635288
16.635538
16.635622
16.635767
16.635771
16.636551
16.637383
16.637617
16.637808
16.638298
16.639858
16.640131
16.640144
16.640350
16.641005
16.641306
16.641741
16.641771
16.641951
16.642097
16.642611
16.644815
16.645252
16.645275
16.645432
16.647924
16.649174
16.649199
16.649748
16.650074
16.651754
16.652048
16.652096
16.653105
16.653397
16.654181
16.655319
16.655397
16.655882
16.656366
16.656384
16.656769
16.656885
16.656891
16.657570
16.658001
16.658278
16.658401
16.658701
16.658813
16.659138
16.661108
16.661152
16.662943
16.663073
16.663496
16.663816
16.664831
16.664930
16.665373
16.665483
16.665962
16.666174
16.666443
16.666893
16.667446
16.667513
16.667818
16.667885
16.668058
16.668110
16.669312
16.670418
16.670671
16.670790
16.670828
16.671406
16.671551
16.672375
16.672697
16.673695
16.673935
16.674208
16.675428
16.676363
16.676622
16.676685
16.676701
16.676750
16.677935
16.678429
16.678524
16.679470
16.679518
16.679592
16.679985
16.680059
16.680511
16.681051
16.683353
16.684633
16.684710
16.685030
16.685642
16.685644
16.685759
16.687677
16.688381
16.689157
16.689568
16.689892
16.691973
16.692307
16.692434
16.692663
16.693449
16.693901
16.693953
16.694202
16.694603
16.694624
16.695732
16.695951
16.696024
16.696432
16.696455
16.696796
16.697029
16.697428
16.698008
16.698191
16.698675
16.698915
16.698950
16.699205
16.699530
16.699547
16.700312
16.700506
16.700550
16.700672
16.701311
16.701323
16.701944
16.702074
16.702576
16.703613
16.703854
16.705074
16.705555
16.705774
16.706047
16.707088
16.707533
16.707535
16.707876
16.708212
16.708773
16.709015
16.709551
16.710558
16.710922
16.711729
16.711895
16.712072
16.712107
16.713148
16.713219
16.713512
16.713894
16.713936
16.713945
16.714022
16.714338
16.714489
16.714510
16.714575
16.715425
16.715551
16.715595
16.715652
16.718382
16.720314
16.721558
16.722174
16.722773
16.723230
16.723261
16.723742
16.724165
16.725414
16.725899
16.726728
16.727936
16.728041
16.728168
16.729635
16.729895
16.730209
16.730455
16.730808
16.730940
16.731646
16.731943
16.734982
16.736122
16.736429
16.736494
16.736532
16.736731
16.736811
16.738243
16.738382
16.738384
16.740353
16.740421
16.741049
16.741188
16.741413
16.741692
16.741879
16.742140
16.743382
16.743870
16.744226
16.744595
16.744848
16.744877
16.745312
16.745636
16.745857
16.745937
16.746565
16.746674
16.747011
16.747158
16.747334
16.747379
16.748539
16.749893
16.750128
16.750496
16.750689
16.750710
16.750772
16.750832
16.750858
16.751875
16.752344
16.752455
16.752613
16.753185
16.753191
16.754257
16.754257
16.754322
16.754827
16.755632
16.755882
16.757185
16.757484
16.757736
16.757910
16.758066
16.758156
16.758389
16.758787
16.759165
16.759436
16.759468
16.759626
16.760080
16.760256
16.760408
16.760460
16.760906
16.761829
16.762747
16.763302
16.763420
16.763580
16.763725
16.764029
16.765169
16.765188
16.765396
16.765411
16.765913
16.765915
16.766455
16.767237
16.767338
16.767588
16.767683
16.768293
16.768980
16.769039
16.769411
16.769562
16.769615
16.770096
16.770622
16.771025
16.771992
16.771994
16.772139
16.773024
16.773441
16.773697
16.774214
16.774416
16.774496
16.774569
16.774727
16.775257
16.775803
16.777361
16.777763
16.778036
16.778126
16.778139
16.778183
16.778570
16.778744
16.778816
16.778837
16.779713
16.780079
16.780409
16.780676
16.780876
16.781748
16.782085
16.782537
16.782892
16.783241
16.783476
16.783764
16.783792
16.784058
16.784122
16.784163
16.785019
16.785126
16.785318
16.785601
16.786303
16.787510
16.787706
16.787844
16.788141
16.789040
16.790281
16.790411
16.790533
16.790577
16.790739
16.791161
16.791334
16.792143
16.792152
16.793837
16.794239
16.794645
16.794884
16.796072
16.796318
16.796741
16.796915
16.797073
16.797453
16.797903
16.798164
16.798243
16.799349
16.799665
16.800480
16.801088
16.801208
16.801310
16.801519
16.801748
16.802568
16.802738
16.803194
16.804022
16.804190
16.804396
16.804867
16.805178
16.805267
16.805691
16.805769
16.805786
16.806299
16.806398
16.806448
16.806879
16.808037
16.808559
16.809109
16.809349
16.809549
16.809984
16.810043
16.810255
16.810301
16.810465
16.810499
16.810764
16.811159
16.811314
16.811710
16.811865
16.811920
16.812191
16.812258
16.813896
16.814135
16.814808
16.816187
16.816427
16.816584
16.816628
16.816988
16.817667
16.818682
16.819178
16.819260
16.819632
16.819721
16.819921
16.820351
16.820395
16.820568
16.820644
16.821974
16.822178
16.822620
16.822620
16.823372
16.823994
16.824150
16.824383
16.824524
16.824743
16.825783
16.825878
16.825901
16.826958
16.828730
16.830465
16.830711
16.831083
16.831539
16.831694
16.832216
16.833736
16.833885
16.834225
16.834896
16.835117
16.835457
16.835499
16.835665
16.837488
16.837587
16.838329
16.838873
16.839285
16.840086
16.840408
16.840595
16.841055
16.841215
16.842209
16.842695
16.843147
16.843273
16.843584
16.844973
16.845507
16.845650
16.848135
16.850000
16.850796
16.850914
16.851448
16.852264
16.853476
16.854836
16.855225
16.855890
16.856134
16.856361
16.856718
16.857332
16.858112
16.858669
16.858982
16.859333
16.860073
16.860159
16.860741
16.861748
16.862541
16.863369
16.863413
16.863880
16.864346
16.864403
16.864620
16.865076
16.865303
16.865849
16.866499
16.866598
16.866627
16.867132
16.867706
16.867813
16.867876
16.868040
16.868216
16.868973
16.869524
16.870367
16.870794
16.871534
16.873125
16.873198
16.873478
16.874571
16.875998
16.876017
16.876072
16.876207
16.876316
16.876537
16.876715
16.877270
16.877373
16.877470
16.877573
16.877838
16.879677
16.880724
16.881521
16.881680
16.881756
16.882292
16.883497
16.885164
16.885330
16.886354
16.887083
16.887106
16.887539
16.888161
16.889330
16.889708
16.889757
16.890484
16.891052
16.891232
16.891893
16.892540
16.892717
16.892941
16.893690
16.893831
16.894787
16.895224
16.895313
16.895950
16.896387
16.896431
16.896532
16.896690
16.897356
16.897785
16.898695
16.898777
16.899063
16.899687
16.899704
16.899767
16.899923
16.900141
16.900141
16.900494
16.901011
16.902151
16.902206
16.902283
16.902319
16.902721
16.903145
16.904661
16.906122
16.906610
16.906622
16.907795
16.907890
16.907906
16.907949
16.908110
16.908531
16.909122
16.909616
16.909752
16.909849
16.910492
16.910555
16.911016
16.911329
16.911621
16.911907
16.912668
16.912691
16.913223
16.913651
16.914375
16.914831
16.915392
16.915506
16.916155
16.916439
16.916565
16.916613
16.916986
16.917036
16.917263
16.917608
16.919537
16.919897
16.920252
16.920412
16.921732
16.921833
16.922003
16.922054
16.922615
16.924112
16.924700
16.925070
16.925287
16.925377
16.926523
16.926771
16.927830
16.928476
16.929085
16.929489
16.929600
16.929667
16.929808
16.929947
16.930435
16.930775
16.930817
16.932327
16.932785
16.933046
16.933321
16.934546
16.934631
16.934961
16.935410
16.936192
16.936476
16.937195
16.938038
16.938942
16.940191
16.941008
16.941090
16.941275
16.941662
16.941839
16.942734
16.943766
16.943878
16.943977
16.944626
16.944756
16.945152
16.945257
16.945425
16.946085
16.946245
16.946442
16.946926
16.946964
16.947643
16.948196
16.948280
16.948557
16.948702
16.949850
16.950068
16.950565
16.950766
16.950836
16.951063
16.951111
16.951418
16.951502
16.951792
16.952393
16.952904
16.953598
16.953686
16.953819
16.953911
16.954361
16.954454
16.954741
16.955309
16.955540
16.955841
16.956102
16.956177
16.956289
16.956861
16.957207
16.957417
16.957434
16.958632
16.959454
16.959738
16.959791
16.959972
16.960180
16.960636
16.961283
16.962084
16.962103
16.962372
16.964964
16.965202
16.966709
16.967186
16.967354
16.967714
16.968248
16.968407
16.968485
16.969053
16.969753
16.969877
16.971058
16.971626
16.973288
16.974388
16.975126
16.975561
16.975746
16.976858
16.977341
16.977451
16.978235
16.978645
16.978666
16.979345
16.979855
16.980370
16.980827
16.981234
16.981604
16.981621
16.982410
16.983074
16.983335
16.983347
16.983734
16.983799
16.983822
16.984043
16.984207
16.984480
16.985302
16.985590
16.985794
16.986319
16.986504
16.986530
16.986555
16.987665
16.988054
16.988293
16.988913
16.989521
16.990973
16.991014
16.991329
16.991508
16.992882
16.993734
16.993841
16.995163
16.995211
16.995676
16.996586
16.998554
16.998819
16.998833
16.999592
17.000141
17.000467
17.000706
17.002687
17.003004
17.003782
17.003963
17.004410
17.004696
17.004705
17.005302
17.006058
17.008287
17.008699
17.009020
17.010267
17.010614
17.011156
17.011900
17.013039
17.013437
17.015646
17.016029
17.016672
17.018621
17.018805
17.019817
17.020132
17.022432
17.022552
17.023462
17.025057
17.025095
17.025105
17.025347
17.026194
17.026234
17.026405
17.026407
17.026691
17.027128
17.027674
17.028221
17.028791
17.029108
17.029724
17.030748
17.031290
17.031336
17.032179
17.032883
17.033108
17.033234
17.033432
17.033514
17.033567
17.033623
17.033680
17.034136
17.034140
17.034290
17.034414
17.034573
17.034647
17.035501
17.035801
17.036051
17.036686
17.036703
17.036795
17.037413
17.037479
17.038486
17.038515
17.039515
17.039562
17.039865
17.041880
17.041885
17.042253
17.042679
17.044712
17.045740
17.046070
17.046329
17.046335
17.047104
17.047171
17.047348
17.048239
17.049318
17.049675
17.050016
17.050177
17.050314
17.051241
17.051386
17.052227
17.053261
17.054043
17.054991
17.055252
17.055601
17.056040
17.056387
17.056799
17.057165
17.057499
17.057541
17.057585
17.058186
17.058380
17.058960
17.059464
17.062069
17.062828
17.063684
17.065004
17.065525
17.065657
17.065994
17.066675
17.066738
17.067163
17.068174
17.069494
17.069736
17.069962
17.069986
17.070763
17.071201
17.072060
17.072651
17.075710
17.076374
17.076790
17.079273
17.080406
17.080778
17.082277
17.082907
17.083244
17.084093
17.084204
17.085531
17.085619
17.088497
17.089132
17.089317
17.089504
17.089994
17.090460
17.091160
17.092060
17.092289
17.092497
17.092535
17.092810
17.093557
17.093847
17.095474
17.096331
17.099319
17.100380
17.100399
17.100687
17.101130
17.101135
17.101234
17.101500
17.102562
17.102907
17.103083
17.103371
17.104458
17.104990
17.105717
17.106525
17.106794
17.106796
17.106819
17.107967
17.108198
17.108992
17.110374
17.110455
17.111618
17.111647
17.111914
17.112583
17.112597
17.113224
17.113544
17.113596
17.115564
17.115601
17.118227
17.119844
17.120369
17.121567
17.121714
17.122232
17.122385
17.122873
17.123466
17.124109
17.125126
17.125986
17.126385
17.130007
17.130638
17.132246
17.132483
17.134157
17.135714
17.136892
17.137629
17.137665
17.139057
17.140808
17.140903
17.141535
17.141596
17.141602
17.141718
17.142151
17.142403
17.143101
17.143688
17.143950
17.145151
17.146061
17.147127
17.147850
17.148138
17.149559
17.149561
17.149693
17.150709
17.150709
17.151613
17.152048
17.153107
17.156200
17.159124
17.160904
17.162498
17.162550
17.163019
17.163303
17.163628
17.166645
17.167149
17.168344
17.168674
17.169271
17.169781
17.170279
17.172554
17.174131
17.175997
17.179228
17.180927
17.180958
17.181496
17.181652
17.183323
17.186552
17.187191
17.188328
17.189074
17.189154
17.191399
17.191559
17.191561
17.191866
17.191929
17.192080
17.193714
17.193743
17.194176
17.194399
17.194504
17.195150
17.195158
17.195578
17.195965
17.196989
17.197784
17.197809
17.198282
17.199165
17.200499
17.200588
17.200764
17.202560
17.202833
17.203405
17.203701
17.203833
17.204897
17.206182
17.207216
17.209953
17.210596
17.211670
17.211874
17.212833
17.213110
17.214485
17.214697
17.215322
17.215759
17.216356
17.216614
17.216887
17.217197
17.217901
17.218477
17.218754
17.218769
17.219055
17.219461
17.220116
17.220409
17.220745
17.220926
17.221189
17.222969
17.223286
17.223288
17.226065
17.228100
17.228905
17.231043
17.231144
17.231487
17.231510
17.232164
17.232199
17.232231
17.232798
17.233101
17.233204
17.233543
17.235277
17.235918
17.236132
17.236324
17.237198
17.237921
17.238129
17.238243
17.239092
17.239450
17.240612
17.242167
17.242773
17.244787
17.244787
17.244825
17.245321
17.249792
17.250555
17.251204
17.251360
17.252243
17.253111
17.253464
17.253601
17.255892
17.256174
17.256546
17.256668
17.260611
17.261517
17.261665
17.266607
17.268202
17.269487
17.270214
17.270241
17.270689
17.271732
17.273790
17.274355
17.275684
17.276588
17.278500
17.279942
17.281172
17.281372
17.281553
17.281895
17.282167
17.284325
17.284508
17.287733
17.288946
17.289095
17.290407
17.290583
17.290920
17.292807
17.293285
17.293615
17.294430
17.294683
17.294985
17.297104
17.298016
17.299231
17.301710
17.302036
17.302053
17.302711
17.303160
17.305384
17.307648
17.308735
17.308743
17.308990
17.312231
17.313072
17.314871
17.315523
17.315742
17.317816
17.321573
17.323370
17.323580
17.324923
17.325401
17.325628
17.326906
17.326982
17.329151
17.331148
17.331566
17.332880
17.333443
17.334387
17.335369
17.336037
17.336578
17.336697
17.336800
17.337061
17.337332
17.344833
17.344887
17.345964
17.346405
17.347404
17.347511
17.348289
17.350866
17.351013
17.351442
17.352816
17.355301
17.355921
17.356802
17.358183
17.359478
17.359856
17.360823
17.361135
17.361488
17.362146
17.362408
17.364426
17.364567
17.364616
17.367119
17.367250
17.368237
17.368557
17.369707
17.369743
17.373657
17.373749
17.376860
17.378792
17.382254
17.383419
17.389925
17.391411
17.393343
17.395267
17.396391
17.398947
17.399462
17.400265
17.400915
17.401009
17.401945
17.402683
17.402863
17.403517
17.403835
17.404116
17.404718
17.405491
17.410549
17.410877
17.411711
17.412586
17.412949
17.413208
17.414392
17.418358
17.419849
17.421820
17.422392
17.423117
17.423607
17.424793
17.424917
17.425655
17.429390
17.429508
17.430496
17.430498
17.430622
17.432798
17.433113
17.435520
17.438232
17.438923
17.439201
17.439325
17.440310
17.441311
17.441561
17.442642
17.443007
17.444038
17.444262
17.446524
17.447525
17.447691
17.450500
17.450647
17.451546
17.452299
17.452524
17.453405
17.453438
17.453850
17.454300
17.454712
17.455370
17.457668
17.459282
17.460796
17.461466
17.461651
17.461731
17.462610
17.465010
17.465172
17.466450
17.467842
17.467890
17.468016
17.470036
17.471151
17.471317
17.472488
17.472965
17.473413
17.473665
17.473915
17.474300
17.477886
17.478958
17.479378
17.479980
17.483337
17.483536
17.483582
17.484570
17.485825
17.487333
17.488213
17.488638
17.488647
17.489027
17.489489
17.490269
17.491018
17.491493
17.492384
17.492405
17.492441
17.493496
17.493696
17.494099
17.494333
17.494505
17.496143
17.498299
17.498421
17.500515
17.501040
17.501394
17.502752
17.505718
17.506622
17.507027
17.507389
17.507519
17.508965
17.509272
17.511608
17.512083
17.512175
17.513269
17.514538
17.515514
17.516142
17.517155
17.518118
17.518454
17.519411
17.520697
17.521200
17.522015
17.522930
17.523647
17.524042
17.524494
17.525070
17.528296
17.528633
17.529091
17.529507
17.530020
17.530294
17.530371
17.530880
17.530975
17.531176
17.532183
17.532778
17.532885
17.532907
17.533146
17.533716
17.536129
17.536343
17.536421
17.536715
17.536873
17.537523
17.538528
17.538570
17.539116
17.541260
17.541691
17.542322
17.542479
17.543819
17.544508
17.545076
17.545774
17.546589
17.547497
17.548004
17.548874
17.550131
17.550209
17.553864
17.555069
17.556431
17.558687
17.559444
17.561018
17.562746
17.563046
17.563467
17.572931
17.573214
17.575033
17.578167
17.579067
17.579561
17.580996
17.581131
17.581930
17.582870
17.583302
17.584129
17.584940
17.585543
17.592863
17.593866
17.594433
17.595142
17.597219
17.600750
17.604771
17.606640
17.607800
17.608334
17.612881
17.615839
17.616848
17.623508
17.625841
17.627241
17.629028
17.637724
17.638521
17.639158
17.641827
17.645544
17.649422
17.657024
17.657024
17.657511
17.660229
17.662222
17.662294
17.665382
17.665581
17.665817
17.667128
17.667141
17.667147
