1.000000
1.234018
2.112974
2.230422
2.347483
2.358574
2.368315
2.444238
2.575324
2.745242
2.797437
2.846019
2.968733
2.999397
3.058085
3.086728
3.130547
3.236338
3.248323
3.269379
3.353719
3.359202
3.382298
3.424639
3.477946
3.491088
3.515559
3.610945
3.634276
3.636241
3.652243
3.705858
3.768571
3.774839
3.791028
3.863292
3.869740
3.884488
3.904931
3.917871
3.950543
3.980726
4.016990
4.027139
4.070293
4.075747
4.082003
4.089613
4.095800
4.119872
4.167103
4.169814
4.187114
4.201342
4.223509
4.224569
4.232591
4.239840
4.248049
4.265162
4.276636
4.365844
4.369016
4.383397
4.394824
4.406074
4.408952
4.417636
4.437289
4.444109
4.453735
4.466490
4.467367
4.486589
4.496871
4.498230
4.498421
4.499360
4.503792
4.521013
4.522441
4.526680
4.534447
4.548954
4.549932
4.550433
4.565049
4.568895
4.570248
4.577077
4.598495
4.604319
4.608808
4.609622
4.624451
4.639136
4.639983
4.642270
4.649254
4.650282
4.655140
4.659866
4.669820
4.681355
4.694791
4.704638
4.713464
4.721049
4.724474
4.728942
4.744533
4.748505
4.752301
4.756745
4.758914
4.766150
4.777538
4.784647
4.793508
4.794926
4.798211
4.805827
4.806474
4.809208
4.817174
4.818617
4.827265
4.828841
4.829103
4.835925
4.836174
4.837268
4.845506
4.846055
4.849489
4.852580
4.852870
4.854842
4.858694
4.866833
4.869922
4.870860
4.881143
4.883163
4.884496
4.885465
4.887283
4.893363
4.894256
4.900456
4.900986
4.908484
4.911375
4.921968
4.922713
4.930735
4.931517
4.934501
4.938214
4.943229
4.956156
4.956592
4.957443
4.959187
4.966041
4.967121
4.969166
4.972708
4.981462
4.994892
5.001913
5.002983
5.003025
5.004148
5.009770
5.011928
5.014183
5.014346
5.014971
5.018029
5.028983
5.034469
5.040257
5.045577
5.048614
5.048933
5.050450
5.051325
5.051340
5.051857
5.055531
5.057713
5.058623
5.062518
5.063087
5.064572
5.066331
5.067241
5.072815
5.072949
5.075521
5.078227
5.080399
5.081043
5.081939
5.082404
5.082639
5.083438
5.083543
5.088232
5.088314
5.089027
5.089849
5.090504
5.095383
5.095614
5.096142
5.098121
5.098986
5.099125
5.105351
5.108333
5.109251
5.111083
5.111982
5.114700
5.119954
5.120150
5.121749
5.126156
5.126377
5.131262
5.131831
5.134943
5.135704
5.143874
5.144098
5.144375
5.145609
5.147817
5.150388
5.154903
5.158411
5.159149
5.159281
5.167643
5.168411
5.171858
5.172381
5.177985
5.178956
5.184690
5.190472
5.190684
5.190911
5.193918
5.194119
5.195567
5.195614
5.199332
5.199499
5.199616
5.203409
5.206898
5.207935
5.211298
5.218613
5.225305
5.225782
5.226956
5.229662
5.230033
5.230207
5.233263
5.239727
5.242117
5.245400
5.246337
5.246498
5.247342
5.248743
5.249424
5.250682
5.252872
5.254736
5.259263
5.262986
5.265385
5.267236
5.267591
5.268279
5.270370
5.270673
5.271839
5.272254
5.272638
5.273913
5.274896
5.275149
5.275748
5.275927
5.277413
5.283078
5.284398
5.284761
5.287465
5.288033
5.290824
5.291347
5.291713
5.291940
5.291952
5.295813
5.296051
5.298313
5.299062
5.299148
5.300777
5.302172
5.303785
5.305523
5.307743
5.307958
5.308175
5.312935
5.313510
5.318618
5.320449
5.322403
5.322404
5.322659
5.327137
5.327554
5.329700
5.329808
5.330668
5.330822
5.332368
5.332448
5.332923
5.334487
5.334592
5.336672
5.341448
5.341961
5.342773
5.343250
5.343738
5.345077
5.346081
5.346878
5.348236
5.349746
5.357076
5.357446
5.358811
5.359771
5.361359
5.363297
5.365521
5.365925
5.367718
5.367781
5.370203
5.371004
5.372287
5.372625
5.375492
5.376394
5.379126
5.384098
5.385476
5.386994
5.389393
5.392171
5.393642
5.394166
5.394537
5.396035
5.397066
5.397405
5.398197
5.402209
5.402361
5.403848
5.405315
5.408080
5.409457
5.410186
5.414924
5.415062
5.415137
5.416344
5.416720
5.417842
5.421772
5.422258
5.422459
5.423032
5.425138
5.425213
5.425281
5.428966
5.429414
5.430730
5.430850
5.432875
5.434818
5.437164
5.437957
5.441599
5.444034
5.445457
5.445799
5.448185
5.450017
5.450456
5.450514
5.452791
5.455545
5.457093
5.466032
5.466761
5.467873
5.471559
5.471909
5.472495
5.473795
5.474972
5.476762
5.479272
5.479714
5.480549
5.480818
5.481010
5.484914
5.486690
5.487144
5.487175
5.488125
5.488253
5.489480
5.493109
5.493716
5.494137
5.495538
5.497172
5.501056
5.504004
5.504180
5.505237
5.507303
5.510871
5.512758
5.513554
5.519976
5.520263
5.523713
5.524995
5.526148
5.526300
5.526657
5.528402
5.529527
5.530346
5.530739
5.533423
5.534002
5.534988
5.535848
5.538017
5.542909
5.546371
5.546714
5.547209
5.549336
5.554378
5.560184
5.560626
5.560708
5.561349
5.564720
5.565606
5.567527
5.568150
5.569615
5.570332
5.570849
5.570996
5.574409
5.576872
5.577231
5.578326
5.578865
5.579473
5.581441
5.582420
5.583470
5.585372
5.585628
5.587156
5.592609
5.597589
5.598855
5.599412
5.601324
5.601685
5.603255
5.604154
5.604495
5.607144
5.613067
5.615519
5.616127
5.616487
5.616948
5.617251
5.617443
5.621047
5.624760
5.624891
5.626993
5.630589
5.632366
5.632644
5.634979
5.635919
5.638048
5.638064
5.640168
5.640340
5.640727
5.642142
5.643802
5.646243
5.647024
5.648504
5.649553
5.650288
5.651968
5.652312
5.653684
5.654536
5.656554
5.656826
5.657282
5.657359
5.659050
5.660150
5.660599
5.664129
5.670316
5.670630
5.673477
5.675455
5.675657
5.677601
5.678978
5.679630
5.681180
5.682645
5.682736
5.682853
5.684937
5.686544
5.690921
5.691163
5.693645
5.693968
5.696358
5.696663
5.698461
5.698530
5.701515
5.701663
5.702787
5.704225
5.704868
5.705285
5.705894
5.709329
5.711757
5.713310
5.713482
5.714365
5.715117
5.715840
5.719786
5.720239
5.720723
5.721135
5.724154
5.724227
5.725082
5.725712
5.726022
5.728187
5.728839
5.730548
5.730758
5.731192
5.732815
5.733771
5.733919
5.737310
5.738589
5.738633
5.739435
5.739451
5.740840
5.741265
5.742965
5.747291
5.748842
5.749853
5.752217
5.753801
5.754156
5.756727
5.757398
5.758465
5.759256
5.759658
5.760483
5.761660
5.763985
5.764323
5.764379
5.767664
5.769774
5.771173
5.772018
5.772122
5.772847
5.772873
5.772933
5.773283
5.776466
5.778177
5.780087
5.781628
5.781995
5.783462
5.784403
5.785403
5.785530
5.787077
5.789337
5.790500
5.791717
5.792840
5.793135
5.793483
5.795979
5.798248
5.799320
5.803575
5.804153
5.804851
5.804951
5.805429
5.807243
5.808228
5.809545
5.809878
5.810476
5.811749
5.812314
5.812692
5.814031
5.814105
5.815207
5.815264
5.815532
5.816914
5.817482
5.817677
5.817960
5.818806
5.818815
5.821462
5.822420
5.823198
5.824194
5.825057
5.825584
5.825589
5.827377
5.829749
5.831421
5.835422
5.836069
5.837643
5.846247
5.847095
5.847240
5.848871
5.850178
5.854352
5.862273
5.862637
5.863328
5.863567
5.864254
5.866472
5.866606
5.868183
5.869489
5.870886
5.871695
5.874630
5.877184
5.877764
5.878593
5.878813
5.878930
5.881263
5.882871
5.883098
5.884717
5.887579
5.889185
5.891881
5.894596
5.895356
5.896806
5.896976
5.898814
5.903331
5.906050
5.906763
5.908500
5.909031
5.910200
5.911035
5.912489
5.913315
5.913829
5.914198
5.914528
5.914782
5.916101
5.916443
5.917260
5.917855
5.920124
5.922087
5.922728
5.923775
5.923924
5.924679
5.926059
5.928759
5.930654
5.932106
5.932252
5.934038
5.935060
5.935406
5.941850
5.942636
5.943603
5.943696
5.947707
5.951408
5.952565
5.953556
5.954998
5.956676
5.957114
5.957932
5.961560
5.962826
5.966430
5.968187
5.969390
5.969528
5.969550
5.970358
5.970406
5.971417
5.973625
5.974715
5.976426
5.977184
5.977969
5.979404
5.981379
5.981572
5.984146
5.985345
5.985839
5.986814
5.986970
5.986992
5.989892
5.995311
5.996213
5.996459
5.997284
6.000980
6.001619
6.001761
6.004010
6.004304
6.004806
6.005863
6.006585
6.008356
6.008556
6.009290
6.010878
6.011918
6.011963
6.012146
6.015924
6.017512
6.018029
6.019280
6.020622
6.021161
6.027968
6.029039
6.029869
6.029983
6.030178
6.033792
6.036996
6.037610
6.037825
6.038270
6.038668
6.040657
6.040916
6.041445
6.043552
6.044116
6.045064
6.045866
6.046669
6.047565
6.047659
6.047784
6.049214
6.049462
6.049643
6.050001
6.051122
6.052007
6.053889
6.055904
6.059736
6.061617
6.063309
6.065367
6.065943
6.068141
6.068585
6.068617
6.070196
6.070691
6.074393
6.075438
6.076422
6.077349
6.078430
6.078577
6.078725
6.079604
6.080681
6.080706
6.080887
6.084728
6.086742
6.088004
6.089573
6.091166
6.092581
6.094558
6.094593
6.094685
6.095742
6.097763
6.101009
6.101721
6.102402
6.103405
6.104086
6.104541
6.104564
6.104982
6.106401
6.106639
6.106654
6.108625
6.109712
6.111030
6.111044
6.111329
6.111455
6.112747
6.112794
6.115443
6.115873
6.117637
6.118266
6.119594
6.122182
6.122442
6.122453
6.122458
6.122587
6.123301
6.124682
6.125917
6.125984
6.126667
6.128370
6.128483
6.128768
6.130393
6.131573
6.133980
6.134086
6.134579
6.135060
6.135634
6.137485
6.139065
6.139935
6.140077
6.140232
6.141760
6.141767
6.141853
6.142582
6.144121
6.144442
6.145748
6.146156
6.146179
6.146332
6.146806
6.146887
6.147738
6.147865
6.147887
6.148927
6.149335
6.149438
6.152989
6.153461
6.154051
6.154545
6.155535
6.157134
6.157334
6.157776
6.158090
6.158273
6.158499
6.158634
6.159138
6.160132
6.160149
6.160727
6.161577
6.166551
6.167071
6.167127
6.170514
6.171547
6.171954
6.172136
6.172762
6.173608
6.176173
6.177421
6.177720
6.178784
6.178810
6.179874
6.180216
6.180275
6.181628
6.181757
6.182865
6.183039
6.183674
6.184209
6.185429
6.185480
6.185895
6.187234
6.188022
6.188252
6.188401
6.189235
6.189563
6.189640
6.190456
6.191982
6.193819
6.194113
6.195319
6.198097
6.198930
6.199738
6.202122
6.202321
6.202372
6.202486
6.202967
6.204479
6.204682
6.204752
6.204902
6.207427
6.210538
6.210885
6.211235
6.213553
6.214941
6.219614
6.219662
6.219700
6.220574
6.220968
6.221193
6.221712
6.222414
6.226342
6.227279
6.228678
6.233989
6.234558
6.235510
6.238915
6.239324
6.240352
6.240667
6.240698
6.241369
6.241555
6.242305
6.243138
6.244107
6.245132
6.246556
6.246963
6.247527
6.248711
6.248735
6.250952
6.251012
6.251650
6.253584
6.254673
6.255394
6.257284
6.257780
6.257945
6.258714
6.259131
6.260186
6.261275
6.262308
6.262394
6.262431
6.263191
6.264926
6.265571
6.266901
6.269009
6.270639
6.271068
6.272107
6.272813
6.273999
6.274324
6.274364
6.275102
6.277174
6.277413
6.277585
6.279966
6.280675
6.282157
6.282322
6.282362
6.282571
6.283421
6.283797
6.284207
6.285140
6.285240
6.286911
6.287327
6.289244
6.289542
6.289597
6.289867
6.290486
6.291053
6.291128
6.292542
6.292943
6.292996
6.293070
6.293900
6.294193
6.295200
6.295326
6.295886
6.297359
6.298477
6.298819
6.299575
6.299752
6.299927
6.300235
6.301054
6.301685
6.302199
6.302444
6.302716
6.304052
6.305297
6.305740
6.305770
6.306005
6.306390
6.307100
6.308012
6.308821
6.309094
6.310336
6.310396
6.310414
6.310727
6.310868
6.311195
6.311557
6.311642
6.313794
6.313795
6.315742
6.316179
6.316251
6.318362
6.318598
6.318646
6.318805
6.318911
6.320279
6.320497
6.322582
6.322717
6.323152
6.323435
6.324660
6.325358
6.326951
6.327289
6.328300
6.331801
6.332293
6.333200
6.333850
6.333860
6.337558
6.339796
6.342271
6.344594
6.345566
6.345871
6.346577
6.347980
6.348080
6.348349
6.349480
6.349635
6.351422
6.353036
6.355003
6.357232
6.358220
6.358778
6.359487
6.360219
6.362436
6.362769
6.363217
6.363664
6.363929
6.365008
6.365195
6.365785
6.366126
6.366617
6.366737
6.367575
6.369047
6.369307
6.371155
6.372041
6.372409
6.374938
6.375146
6.376338
6.376934
6.378067
6.378653
6.379410
6.379931
6.380563
6.381073
6.383222
6.383332
6.383604
6.385357
6.385530
6.387024
6.387513
6.388983
6.390698
6.393204
6.394044
6.394549
6.395071
6.396703
6.399126
6.399149
6.400331
6.401181
6.401712
6.401957
6.403242
6.404754
6.406380
6.406479
6.407475
6.407615
6.408059
6.408562
6.409106
6.409507
6.409568
6.409865
6.410305
6.411579
6.413032
6.413358
6.415209
6.415398
6.415827
6.415910
6.416700
6.418637
6.418833
6.420786
6.421081
6.421739
6.422357
6.422872
6.423861
6.424914
6.425104
6.426744
6.427266
6.428059
6.429895
6.432878
6.433158
6.433541
6.433989
6.435324
6.435447
6.435877
6.436008
6.436852
6.437847
6.437891
6.438057
6.438859
6.438911
6.439019
6.439251
6.439514
6.441203
6.441595
6.442253
6.442933
6.443137
6.444184
6.447278
6.447308
6.447310
6.447419
6.448016
6.449392
6.449739
6.449859
6.451900
6.452013
6.452303
6.453024
6.453358
6.453598
6.454031
6.454530
6.454977
6.455469
6.456729
6.456997
6.457028
6.457051
6.457382
6.458340
6.460218
6.460776
6.460990
6.464214
6.464244
6.464414
6.464603
6.464842
6.465205
6.465878
6.466588
6.466711
6.467459
6.467621
6.467875
6.468013
6.468052
6.468944
6.472963
6.472981
6.473809
6.475567
6.476292
6.477522
6.478125
6.478508
6.478878
6.478886
6.479468
6.479623
6.479803
6.481260
6.482617
6.482898
6.483559
6.484921
6.486478
6.486976
6.487478
6.488177
6.488355
6.489061
6.489391
6.489477
6.490513
6.491656
6.491898
6.492043
6.493124
6.493647
6.496784
6.497789
6.498352
6.498633
6.498834
6.500401
6.501818
6.502407
6.502631
6.503468
6.503787
6.504449
6.504917
6.504941
6.505881
6.506365
6.506789
6.506979
6.507093
6.508514
6.509731
6.510735
6.510995
6.511199
6.511448
6.511979
6.512520
6.512564
6.512649
6.512746
6.512853
6.515370
6.515417
6.515558
6.517045
6.517117
6.518559
6.519712
6.519775
6.519837
6.519868
6.519996
6.520367
6.520998
6.521539
6.522115
6.522917
6.523374
6.523502
6.523534
6.523675
6.523830
6.524113
6.524867
6.525218
6.525474
6.525730
6.525776
6.526508
6.526572
6.526790
6.526861
6.527110
6.527571
6.527671
6.527964
6.528229
6.528699
6.529308
6.529319
6.530395
6.530646
6.530957
6.531062
6.531603
6.531771
6.532423
6.533352
6.534206
6.535585
6.535606
6.535967
6.536578
6.537276
6.538242
6.538809
6.539226
6.540174
6.540727
6.541203
6.542273
6.542777
6.542921
6.543269
6.543375
6.543638
6.543726
6.544086
6.544867
6.545083
6.546690
6.546725
6.546808
6.547023
6.548368
6.549166
6.550062
6.551101
6.551564
6.552644
6.553028
6.553656
6.555489
6.555657
6.556162
6.556538
6.556817
6.556943
6.557109
6.557673
6.558019
6.558521
6.559833
6.560092
6.561715
6.561915
6.562137
6.562196
6.564234
6.564299
6.564665
6.565418
6.566850
6.567102
6.567481
6.567568
6.568586
6.568943
6.569231
6.569273
6.569737
6.570605
6.571189
6.571259
6.571271
6.572002
6.572924
6.573344
6.573859
6.574117
6.574450
6.574513
6.574774
6.575306
6.575995
6.576155
6.576341
6.576918
6.577389
6.577860
6.578413
6.578528
6.579573
6.579843
6.580846
6.581510
6.582022
6.582822
6.582896
6.582946
6.583588
6.584084
6.584152
6.584167
6.585692
6.585765
6.586223
6.586586
6.586588
6.587017
6.588163
6.588533
6.589273
6.589914
6.590494
6.591863
6.591890
6.592001
6.592505
6.593236
6.594904
6.594978
6.596545
6.596770
6.596872
6.597816
6.597895
6.598419
6.599628
6.600005
6.600267
6.600746
6.601817
6.602051
6.602622
6.603192
6.603493
6.604541
6.604743
6.605356
6.605717
6.606633
6.606755
6.608097
6.608387
6.608604
6.608662
6.608978
6.609154
6.609298
6.609329
6.609786
6.609957
6.610055
6.610279
6.610426
6.610472
6.611707
6.611712
6.611771
6.611876
6.614177
6.614189
6.614882
6.615105
6.616074
6.616165
6.616630
6.616988
6.617053
6.617224
6.617360
6.617475
6.617552
6.617582
6.618752
6.618973
6.619261
6.619381
6.619437
6.620108
6.621543
6.621623
6.621832
6.622200
6.622882
6.623115
6.623179
6.623193
6.623208
6.623755
6.624062
6.624707
6.624970
6.624994
6.625843
6.626293
6.626301
6.626454
6.626572
6.626657
6.626988
6.627048
6.627147
6.627760
6.628227
6.628277
6.628836
6.628950
6.629377
6.629431
6.629632
6.629834
6.629954
6.630033
6.631396
6.631833
6.631850
6.632006
6.632217
6.632300
6.632732
6.632963
6.633772
6.634376
6.634459
6.634725
6.634778
6.635124
6.635809
6.636232
6.636614
6.636845
6.636933
6.637049
6.637054
6.637414
6.637509
6.637523
6.637554
6.637645
6.637719
6.637787
6.637878
6.637897
6.637911
6.637954
6.637959
6.637965
6.637991
6.638020
6.638045
6.638077
6.638079
6.638079
6.638080
6.638080
6.638081
6.638081
6.638081
6.638082
6.638082
6.638083
6.638083
6.638083
6.638084
6.638084
6.638084
6.638084
6.638085
6.638085
6.638086
