1.000000
1.210005
1.234308
1.470992
1.478768
1.495221
1.540316
1.543199
1.558462
1.567772
1.589120
1.591131
1.594354
1.606814
1.639031
1.645287
1.654754
1.655653
1.656498
1.671689
1.673608
1.674164
1.676476
1.676940
1.678450
1.681655
1.690948
1.691628
1.705194
1.705350
1.706774
1.707947
1.720029
1.723113
1.723462
1.724501
1.734189
1.735930
1.740511
1.751361
1.753255
1.755725
1.759498
1.771920
1.777179
1.787115
1.791444
1.798918
1.800686
1.802197
1.811785
1.822284
1.827446
1.827633
1.828481
1.829302
1.829823
1.834682
1.835967
1.841723
1.843992
1.851343
1.861313
1.865449
1.868164
1.868403
1.873459
1.877917
1.880716
1.881060
1.882253
1.885973
1.887584
1.889367
1.889788
1.890187
1.891342
1.893355
1.893646
1.894465
1.897591
1.898284
1.898820
1.900506
1.904589
1.904927
1.905261
1.906373
1.909168
1.910984
1.910994
1.916371
1.916886
1.917389
1.919495
1.920817
1.922758
1.923571
1.924482
1.925700
1.926067
1.930445
1.930788
1.931704
1.935831
1.935879
1.939184
1.940107
1.941649
1.950261
1.950642
1.954672
1.957327
1.958396
1.958897
1.961201
1.964727
1.968184
1.970314
1.972334
1.976533
1.978824
1.985451
1.985513
1.985962
1.986987
1.987900
1.988152
1.988577
1.989318
1.989792
1.993797
1.994998
1.995523
1.996730
1.999669
2.000525
2.000766
2.000839
2.000855
2.002567
2.003892
2.004174
2.004241
2.004691
2.005327
2.005660
2.007800
2.008016
2.009353
2.009405
2.009883
2.009883
2.010123
2.010983
2.014003
2.014397
2.015303
2.017675
2.017803
2.018780
2.020309
2.021104
2.021790
2.022443
2.031197
2.032573
2.036628
2.037282
2.039001
2.040191
2.040916
2.041640
2.043783
2.046459
2.049360
2.051901
2.055938
2.056849
2.059069
2.059506
2.061458
2.063579
2.063922
2.064115
2.064792
2.065166
2.065300
2.066475
2.068527
2.068762
2.069410
2.070330
2.070515
2.071545
2.073520
2.074579
2.075308
2.075445
2.077151
2.077626
2.078883
2.079559
2.079946
2.081186
2.086239
2.088697
2.088820
2.088966
2.089183
2.089960
2.090558
2.090603
2.092885
2.095472
2.096096
2.096981
2.099036
2.099458
2.102556
2.103062
2.105614
2.105810
2.106303
2.106902
2.108119
2.108251
2.110801
2.112577
2.112958
2.114081
2.114666
2.115034
2.115184
2.115227
2.115348
2.115499
2.116389
2.117349
2.118371
2.119695
2.120204
2.120456
2.120549
2.123306
2.125166
2.126152
2.127489
2.128717
2.131447
2.131695
2.132123
2.132758
2.134151
2.135165
2.135175
2.135447
2.135538
2.135675
2.136314
2.137151
2.137188
2.137880
2.138317
2.138371
2.141202
2.142439
2.143609
2.144447
2.144471
2.144522
2.145608
2.147055
2.148544
2.148664
2.149056
2.149408
2.151528
2.151592
2.151599
2.152224
2.152737
2.152792
2.154779
2.155526
2.156202
2.156693
2.157184
2.158113
2.158512
2.159358
2.160092
2.160579
2.160831
2.161105
2.161583
2.161954
2.162521
2.162562
2.163775
2.163971
2.164756
2.164820
2.165049
2.166492
2.167075
2.167099
2.168063
2.168173
2.168258
2.168516
2.169089
2.169335
2.169938
2.170215
2.173649
2.174511
2.174701
2.177867
2.178290
2.178530
2.178635
2.178712
2.178766
2.179776
2.180777
2.183115
2.184599
2.184927
2.185052
2.185281
2.185363
2.185611
2.185919
2.186216
2.186314
2.186754
2.187010
2.187335
2.189170
2.189358
2.189723
2.190517
2.190792
2.190910
2.191345
2.191601
2.192160
2.192554
2.192840
2.193266
2.193966
2.194126
2.194152
2.194176
2.194235
2.194911
2.195071
2.196246
2.196704
2.197247
2.197421
2.197716
2.197742
2.198047
2.199274
2.201302
2.202175
2.203582
2.204710
2.204973
2.205010
2.205337
2.205729
2.206219
2.206962
2.207157
2.207450
2.208646
2.208850
2.209057
2.209137
2.209361
2.210177
2.210315
2.210937
2.211407
2.212128
2.212504
2.212720
2.213477
2.213684
2.214025
2.214041
2.214195
2.214302
2.214491
2.215253
2.216714
2.219141
2.219905
2.220835
2.221126
2.222869
2.225343
2.225646
2.226991
2.228172
2.228942
2.229086
2.230422
2.230672
2.230691
2.232440
2.233297
2.233426
2.234089
2.234316
2.234548
2.235469
2.235973
2.236839
2.237539
2.238075
2.238215
2.239149
2.239307
2.239434
2.239815
2.239885
2.240763
2.241866
2.241994
2.242033
2.242850
2.242927
2.244292
2.244391
2.245665
2.245915
2.246051
2.246594
2.247150
2.247535
2.248376
2.248862
2.249275
2.249601
2.249949
2.250278
2.251415
2.251493
2.251578
2.252019
2.253551
2.253792
2.253800
2.254676
2.254794
2.255035
2.255062
2.255209
2.255496
2.257290
2.258503
2.259374
2.260232
2.261123
2.265231
2.265424
2.266050
2.266346
2.266472
2.266517
2.267168
2.268162
2.268713
2.269317
2.269655
2.269759
2.270110
2.270348
2.270917
2.271775
2.271832
2.271999
2.272192
2.273525
2.273555
2.274403
2.274566
2.274983
2.276855
2.277612
2.277971
2.278414
2.279661
2.279817
2.280042
2.280130
2.280467
2.280580
2.280921
2.280952
2.281057
2.281110
2.281272
2.281278
2.281611
2.282531
2.282622
2.282717
2.282848
2.283138
2.283178
2.284372
2.284781
2.284935
2.285203
2.285339
2.285937
2.286072
2.286393
2.286610
2.287053
2.287062
2.287076
2.287279
2.287584
2.287660
2.288383
2.288384
2.288638
2.289587
2.289717
2.290050
2.291083
2.291501
2.292903
2.293157
2.293382
2.293574
2.293995
2.294518
2.294594
2.294595
2.294667
2.294845
2.295011
2.295814
2.295990
2.296052
2.296220
2.296565
2.296582
2.297373
2.297691
2.297718
2.298004
2.299069
2.299271
2.299790
2.299868
2.300119
2.300146
2.300721
2.300837
2.301096
2.302209
2.302603
2.303149
2.303384
2.303408
2.304234
2.304275
2.304547
2.305186
2.305448
2.307080
2.307219
2.309331
2.309914
2.310198
2.310782
2.310834
2.312767
2.313499
2.313555
2.314096
2.314218
2.314936
2.315290
2.316058
2.316437
2.316826
2.316863
2.317255
2.317855
2.317860
2.318728
2.319246
2.319532
2.320381
2.320927
2.321550
2.322391
2.322405
2.322561
2.323765
2.324414
2.325100
2.325357
2.325647
2.327282
2.327460
2.328067
2.328495
2.328929
2.329093
2.329684
2.330369
2.330522
2.331483
2.331524
2.331774
2.332253
2.332698
2.332922
2.333318
2.334483
2.334593
2.334917
2.335356
2.335646
2.336296
2.336583
2.336853
2.337224
2.337432
2.337851
2.338358
2.339411
2.339605
2.339859
2.339886
2.339990
2.340079
2.340090
2.341137
2.341629
2.341710
2.341797
2.342216
2.342495
2.342616
2.342886
2.343871
2.344030
2.344899
2.345902
2.346514
2.346950
2.347560
2.347772
2.347859
2.348666
2.349070
2.349349
2.349739
2.349754
2.350491
2.350936
2.351241
2.351265
2.351344
2.351603
2.351768
2.351976
2.352040
2.352390
2.352700
2.352804
2.352979
2.353035
2.353383
2.353560
2.354186
2.355050
2.355467
2.355637
2.355679
2.357341
2.358055
2.358172
2.358858
2.358861
2.359976
2.360617
2.360665
2.361592
2.362201
2.362303
2.362394
2.363697
2.364024
2.364061
2.364361
2.364417
2.364710
2.364827
2.365670
2.366470
2.366894
2.367179
2.367621
2.367735
2.368063
2.368183
2.368515
2.368961
2.369212
2.371410
2.371440
2.371816
2.371846
2.371890
2.372457
2.372622
2.372836
2.372868
2.373203
2.373462
2.373507
2.373711
2.374137
2.374209
2.374919
2.375274
2.375839
2.376264
2.377154
2.377524
2.377610
2.378068
2.378075
2.378592
2.379225
2.379240
2.379293
2.379519
2.379946
2.380929
2.380985
2.381620
2.381622
2.382571
2.383831
2.384136
2.384761
2.385050
2.385312
2.385346
2.386563
2.387500
2.388129
2.388291
2.389619
2.389622
2.389791
2.389909
2.390037
2.391380
2.391701
2.392080
2.392377
2.393349
2.393643
2.393680
2.393732
2.393910
2.394028
2.394156
2.394255
2.394279
2.394713
2.394888
2.395052
2.396053
2.396432
2.396454
2.396543
2.397045
2.397100
2.397184
2.397549
2.397644
2.397657
2.398711
2.398876
2.399148
2.399712
2.400662
2.401985
2.402065
2.402129
2.402635
2.402791
2.402967
2.403234
2.403754
2.403919
2.404370
2.405193
2.406177
2.406262
2.406723
2.406956
2.407436
2.408065
2.408071
2.408564
2.408914
2.409082
2.409152
2.410171
2.410301
2.410452
2.410751
2.410786
2.410978
2.410980
2.411395
2.411833
2.412153
2.412332
2.412770
2.412839
2.413153
2.413821
2.413912
2.414124
2.414444
2.414965
2.416497
2.416501
2.416817
2.417019
2.417114
2.417499
2.417605
2.417751
2.418657
2.418756
2.420418
2.420734
2.421040
2.421195
2.422079
2.422457
2.422851
2.422901
2.423766
2.423888
2.423909
2.424042
2.424166
2.424304
2.425356
2.426208
2.426287
2.426452
2.427780
2.428448
2.428817
2.429657
2.429731
2.429785
2.430198
2.430659
2.431357
2.431604
2.431610
2.431700
2.431785
2.432191
2.432251
2.432390
2.432402
2.432447
2.432455
2.433154
2.433274
2.433632
2.433715
2.433901
2.434475
2.434686
2.435110
2.435148
2.435466
2.435526
2.435597
2.435621
2.435834
2.435940
2.436360
2.436440
2.436830
2.436882
2.436896
2.437035
2.437365
2.437503
2.437535
2.437780
2.437818
2.438025
2.439235
2.439582
2.439990
2.441151
2.441660
2.441714
2.442183
2.442253
2.442801
2.442823
2.442884
2.443141
2.443280
2.443378
2.443747
2.443788
2.444429
2.444902
2.445252
2.445623
2.446126
2.446262
2.446359
2.446461
2.446656
2.447156
2.447246
2.447694
2.447792
2.448042
2.448426
2.448514
2.448535
2.448724
2.448808
2.449099
2.449693
2.449889
2.450268
2.450419
2.450742
2.450763
2.451854
2.452002
2.452371
2.452616
2.453044
2.453061
2.453270
2.454143
2.454267
2.454602
2.454799
2.455182
2.455519
2.456066
2.456093
2.456174
2.456458
2.456491
2.456974
2.457036
2.457158
2.457280
2.457662
2.459037
2.459245
2.459427
2.459621
2.459900
2.461752
2.462234
2.462888
2.463296
2.463312
2.463387
2.463687
2.463693
2.464096
2.464473
2.464511
2.464895
2.464897
2.464968
2.465006
2.465124
2.465560
2.466466
2.466535
2.466853
2.466980
2.467224
2.467690
2.467712
2.468259
2.468664
2.468967
2.469075
2.469970
2.470064
2.470216
2.470371
2.470482
2.470487
2.470529
2.470599
2.470699
2.470823
2.470917
2.471042
2.471106
2.471355
2.471552
2.471662
2.471665
2.472731
2.472943
2.472965
2.473173
2.473529
2.473912
2.474252
2.474794
2.475080
2.475521
2.475830
2.475991
2.476233
2.476875
2.476946
2.477020
2.477105
2.477211
2.477250
2.477538
2.478050
2.478183
2.478319
2.478417
2.478772
2.478832
2.479007
2.479121
2.479164
2.479239
2.479494
2.479657
2.479716
2.480033
2.480703
2.481015
2.481154
2.481359
2.481417
2.481452
2.481940
2.482222
2.482430
2.482497
2.483234
2.483526
2.483624
2.483699
2.484258
2.484503
2.484816
2.485144
2.485193
2.485392
2.485399
2.485878
2.485888
2.485902
2.486115
2.486584
2.486915
2.487214
2.487287
2.487381
2.487639
2.487733
2.487861
2.487965
2.488198
2.488370
2.488460
2.488474
2.488921
2.489091
2.489246
2.489478
2.489553
2.489703
2.490271
2.490593
2.490756
2.491071
2.491582
2.491607
2.491871
2.492108
2.492123
2.492189
2.492645
2.492847
2.493475
2.493895
2.494074
2.494140
2.494184
2.494633
2.494796
2.494839
2.494937
2.495088
2.495214
2.495892
2.496699
2.496817
2.496844
2.496919
2.496952
2.497263
2.497266
2.498140
2.498151
2.498233
2.498463
2.498496
2.498794
2.499314
2.500215
2.500396
2.500746
2.500856
2.501015
2.501478
2.501763
2.501868
2.502195
2.503002
2.503456
2.503459
2.503642
2.503848
2.503870
2.504049
2.504078
2.504237
2.504238
2.504481
2.505436
2.505605
2.505652
2.505839
2.505898
2.505927
2.506226
2.506994
2.507134
2.507455
2.507483
2.507501
2.507903
2.507947
2.508071
2.508260
2.508343
2.508404
2.508570
2.508724
2.509075
2.509084
2.509334
2.509513
2.509557
2.510115
2.510319
2.510866
2.511120
2.511993
2.512081
2.512196
2.512437
2.512528
2.513566
2.513739
2.513800
2.513804
2.513961
2.514438
2.514681
2.514875
2.515010
2.515019
2.515123
2.515363
2.515558
2.515678
2.515693
2.516001
2.516186
2.516267
2.516295
2.516326
2.516361
2.516368
2.516608
2.516683
2.516999
2.517129
2.517137
2.517308
2.517343
2.517386
2.517456
2.517484
2.517497
2.517519
2.518285
2.518831
2.518990
2.519016
2.519123
2.519154
2.519230
2.519461
2.519502
2.519517
2.520349
2.520397
2.520476
2.520819
2.521273
2.521333
2.521716
2.522361
2.522609
2.523076
2.523085
2.523398
2.523412
2.523537
2.523616
2.524561
2.524605
2.524607
2.525093
2.525174
2.525326
2.525370
2.525398
2.525496
2.525565
2.525737
2.525908
2.526483
2.526601
2.526738
2.527102
2.527611
2.527973
2.528134
2.528167
2.528401
2.528453
2.529123
2.529239
2.529470
2.529759
2.529880
2.529897
2.530345
2.530507
2.530606
2.530819
2.530879
2.530896
2.531088
2.531467
2.531780
2.531970
2.531972
2.532004
2.532433
2.532465
2.532484
2.532647
2.532661
2.533052
2.533091
2.533210
2.533443
2.533670
2.533848
2.533894
2.533994
2.534411
2.534591
2.534874
2.534992
2.535304
2.535448
2.535594
2.535931
2.536108
2.536736
2.536765
2.537286
2.537430
2.537922
2.537977
2.538130
2.538567
2.538602
2.538966
2.538993
2.539164
2.539285
2.539542
2.539708
2.539912
2.540009
2.540444
2.540804
2.541498
2.541627
2.541699
2.541742
2.541820
2.541886
2.542214
2.542240
2.542374
2.542519
2.542657
2.543153
2.543706
2.543882
2.544051
2.544151
2.544241
2.544378
2.544602
2.544988
2.545111
2.545225
2.545485
2.545644
2.545703
2.546103
2.546160
2.546263
2.546369
2.546796
2.547079
2.547468
2.547526
2.548711
2.548781
2.548922
2.548956
2.548957
2.548963
2.549067
2.549268
2.549343
2.549346
2.549669
2.549672
2.550285
2.550380
2.550475
2.550571
2.550704
2.550716
2.550759
2.550827
2.551044
2.551109
2.551243
2.551431
2.551591
2.552143
2.552593
2.552844
2.553333
2.553858
2.554252
2.554931
2.554947
2.555461
2.555512
2.555535
2.555967
2.556006
2.556037
2.556158
2.556272
2.556443
2.556546
2.556744
2.556851
2.556962
2.557015
2.557084
2.557264
2.557450
2.557637
2.557734
2.558017
2.558336
2.558394
2.558398
2.558890
2.558979
2.559139
2.559220
2.559287
2.559345
2.559387
2.559587
2.560350
2.560520
2.560606
2.560985
2.561222
2.561387
2.561398
2.562236
2.562666
2.562777
2.563243
2.563357
2.563471
2.563659
2.564121
2.564402
2.564518
2.564811
2.565243
2.565826
2.566086
2.566218
2.566442
2.566909
2.566932
2.566970
2.567320
2.567569
2.567635
2.567936
2.567960
2.568431
2.568477
2.568508
2.568605
2.568771
2.568824
2.568980
2.569047
2.569102
2.569147
2.569152
2.569368
2.569454
2.569596
2.570064
2.570353
2.570358
2.570415
2.570580
2.570706
2.570786
2.571244
2.571317
2.571457
2.571514
2.571564
2.571852
2.571970
2.572211
2.572313
2.572651
2.572668
2.572798
2.572869
2.572888
2.572978
2.572986
2.573023
2.573191
2.573422
2.573552
2.573613
2.573693
2.573981
2.574589
2.574639
2.574698
2.574785
2.574933
2.575008
2.575022
2.575369
2.575492
2.575545
2.576216
2.576227
2.576670
2.576685
2.576756
2.577023
2.577044
2.577207
2.577212
2.578461
2.578696
2.578887
2.579140
2.579772
2.579781
2.579814
2.579864
2.579913
2.579954
2.580312
2.580355
2.580702
2.581120
2.581555
2.581574
2.581877
2.581945
2.581949
2.581974
2.581993
2.582109
2.582249
2.582445
2.582447
2.582560
2.582743
2.582748
2.583449
2.583464
2.583935
2.584031
2.584097
2.584119
2.584354
2.584424
2.584426
2.584598
2.584722
2.584824
2.584976
2.585079
2.585343
2.585406
2.585469
2.585553
2.586548
2.586675
2.586915
2.586985
2.587205
2.587378
2.587503
2.587506
2.587557
2.588070
2.588274
2.588440
2.588667
2.589097
2.589213
2.589562
2.589715
2.589773
2.589815
2.589867
2.590018
2.590099
2.590125
2.590335
2.590433
2.590743
2.590828
2.590836
2.591316
2.591587
2.591831
2.591859
2.591897
2.592037
2.592055
2.592214
2.592702
2.592778
2.593234
2.593766
2.594241
2.595022
2.595123
2.595307
2.595409
2.595517
2.595642
2.595710
2.595827
2.595891
2.595916
2.595938
2.596066
2.596496
2.596638
2.596694
2.597329
2.597337
2.597346
2.597411
2.597689
2.597862
2.598045
2.598185
2.598257
2.598296
2.598333
2.598847
2.598948
2.599137
2.599244
2.599303
2.599359
2.599374
2.599787
2.599802
2.599895
2.600015
2.600167
2.600278
2.600402
2.600451
2.600529
2.600711
2.600718
2.600764
2.601017
2.601160
2.601168
2.601299
2.601422
2.602118
2.602547
2.602566
2.602751
2.603068
2.603232
2.603302
2.603636
2.603795
2.604342
2.604985
2.605124
2.605173
2.605557
2.605775
2.606030
2.606255
2.606440
2.606583
2.606791
2.606821
2.606829
2.607079
2.607105
2.607255
2.607415
2.607561
2.607597
2.607668
2.607740
2.607871
2.608023
2.608281
2.608366
2.608527
2.608752
2.608856
2.609008
2.609083
2.609476
2.609781
2.609846
2.610375
2.610475
2.610512
2.610521
2.610581
2.610793
2.610795
2.611151
2.611234
2.611258
2.611512
2.611610
2.611646
2.612461
2.612981
2.613381
2.613479
2.613884
2.614184
2.614260
2.614497
2.614948
2.615000
2.615302
2.615345
2.615415
2.615493
2.615529
2.615900
2.616115
2.616133
2.616136
2.616946
2.617069
2.617568
2.617694
2.617730
2.617814
2.618376
2.618386
2.618639
2.618708
2.618823
2.618924
2.619012
2.619158
2.619472
2.619610
2.619782
2.619903
2.620403
2.620602
2.620755
2.620851
2.621380
2.621414
2.621480
2.621662
2.621936
2.621981
2.622208
2.622323
2.622400
2.622437
2.622518
2.622729
2.622820
2.622831
2.622858
2.622900
2.623003
2.623545
2.624120
2.624149
2.624528
2.624569
2.624576
2.624843
2.625015
2.625241
2.625479
2.625510
2.625611
2.625621
2.626002
2.626277
2.626314
2.626523
2.626754
2.626763
2.626887
2.627142
2.627233
2.627267
2.627268
2.627420
2.628018
2.628315
2.628894
2.628904
2.629162
2.629303
2.629305
2.629828
2.629837
2.630037
2.630180
2.630532
2.630620
2.630811
2.630890
2.631336
2.631407
2.631606
2.631989
2.632044
2.632069
2.632817
2.632822
2.633317
2.633375
2.633584
2.633611
2.633641
2.633654
2.633847
2.633874
2.633943
2.633998
2.634306
2.634612
2.634934
2.635041
2.635118
2.635129
2.635451
2.635514
2.635616
2.635630
2.635713
2.635985
2.636399
2.636401
2.637065
2.637247
2.637302
2.637554
2.637657
2.637872
2.637886
2.637973
2.638260
2.638460
2.638580
2.638641
2.638664
2.638966
2.638995
2.639318
2.639332
2.639432
2.639753
2.639775
2.639832
2.639883
2.640109
2.640239
2.640355
2.640355
2.640360
2.640765
2.640931
2.641056
2.641056
2.641180
2.641472
2.641682
2.641730
2.641802
2.642264
2.642269
2.642353
2.642586
2.642709
2.643030
2.643064
2.643151
2.643487
2.643684
2.643781
2.643800
2.643976
2.644712
2.644734
2.644753
2.644792
2.644823
2.644955
2.645002
2.645341
2.645362
2.645369
2.645517
2.645953
2.646048
2.646049
2.646102
2.646165
2.646200
2.646318
2.646600
2.646620
2.646824
2.647012
2.647029
2.647314
2.647439
2.647459
2.648025
2.648252
2.649022
2.649235
2.649574
2.649621
2.649696
2.649805
2.650522
2.650603
2.650778
2.650783
2.650812
2.651026
2.651079
2.651512
2.651565
2.651615
2.651782
2.652130
2.652134
2.652318
2.652615
2.652730
2.653621
2.653638
2.653862
2.653906
2.653910
2.654335
2.654390
2.654644
2.654866
2.654951
2.655252
2.655769
2.655985
2.656051
2.656117
2.656133
2.656139
2.656157
2.656282
2.656440
2.656655
2.656901
2.657284
2.657536
2.657994
2.658026
2.658339
2.658357
2.658470
2.658493
2.658505
2.658545
2.658586
2.658700
2.659334
2.659399
2.659512
2.659543
2.659557
2.659750
2.659826
2.659998
2.660492
2.660497
2.660531
2.660547
2.660757
2.661078
2.661175
2.661177
2.661275
2.661325
2.661655
2.661757
2.661792
2.661809
2.662030
2.662283
2.662392
2.662453
2.662512
2.662553
2.662938
2.662983
2.663209
2.663283
2.663293
2.663378
2.663699
2.663744
2.663760
2.663793
2.664257
2.664293
2.664381
2.664464
2.664645
2.664820
2.664852
2.664952
2.665521
2.665828
2.665846
2.665917
2.666171
2.666192
2.666380
2.666389
2.666421
2.666482
2.666525
2.666596
2.667176
2.667371
2.667400
2.667460
2.667510
2.667552
2.667653
2.668057
2.668146
2.668364
2.668589
2.668940
2.668952
2.668977
2.669239
2.669362
2.669367
2.669378
2.669455
2.669529
2.669567
2.669734
2.670019
2.670264
2.670339
2.670341
2.670499
2.670531
2.670543
2.670549
2.670746
2.670873
2.670880
2.670913
2.671179
2.671269
2.671328
2.671470
2.671493
2.671642
2.671683
2.672183
2.672340
2.672465
2.672763
2.672932
2.673154
2.673158
2.673285
2.673406
2.673471
2.673496
2.673530
2.673577
2.673864
2.673871
2.673892
2.673907
2.674100
2.674203
2.674221
2.674270
2.674353
2.674613
2.674623
2.674780
2.674797
2.674873
2.674955
2.675573
2.675874
2.676039
2.676046
2.676163
2.676514
2.676538
2.676739
2.677086
2.677097
2.677288
2.677383
2.677681
2.677809
2.678150
2.678388
2.678586
2.678629
2.678837
2.678926
2.678971
2.679057
2.679317
2.679522
2.679686
2.679733
2.679758
2.679770
2.679775
2.679812
2.679917
2.680119
2.680255
2.680387
2.680563
2.680825
2.680937
2.680948
2.681079
2.681181
2.681246
2.681273
2.681496
2.681699
2.681977
2.681999
2.682116
2.682161
2.682227
2.682525
2.682633
2.682863
2.683041
2.683510
2.683525
2.683617
2.683653
2.683780
2.684233
2.684432
2.684502
2.684710
2.685087
2.685113
2.685358
2.685509
2.685735
2.685809
2.685984
2.686061
2.686245
2.686473
2.686725
2.686821
2.687172
2.687227
2.687238
2.687406
2.687485
2.687837
2.687886
2.687907
2.687944
2.687950
2.688297
2.688436
2.688697
2.688760
2.689100
2.689106
2.689305
2.689384
2.689409
2.689634
2.689688
2.689745
2.689842
2.690199
2.690222
2.690287
2.690609
2.690874
2.690910
2.690978
2.691013
2.691100
2.691185
2.691292
2.691440
2.691607
2.691678
2.691808
2.691960
2.692262
2.692447
2.692532
2.692561
2.692764
2.692971
2.693124
2.693302
2.693584
2.693745
2.693749
2.693787
2.693790
2.693971
2.694003
2.694011
2.694120
2.694224
2.694362
2.694741
2.694872
2.694897
2.694940
2.695726
2.695767
2.695972
2.696645
2.696921
2.697406
2.697544
2.697771
2.698094
2.698395
2.698421
2.698543
2.698546
2.698639
2.698697
2.698945
2.698947
2.698996
2.699270
2.699319
2.699425
2.699452
2.699722
2.699750
2.699818
2.699994
2.700070
2.700083
2.700154
2.700293
2.700369
2.700755
2.700955
2.701413
2.701614
2.701920
2.701923
2.701985
2.702154
2.702276
2.702636
2.702681
2.702755
2.702764
2.702968
2.703055
2.703227
2.703396
2.703612
2.703661
2.703888
2.704046
2.704184
2.704196
2.704353
2.704361
2.704756
2.704857
2.704859
2.705015
2.705101
2.705456
2.705698
2.705853
2.705941
2.706498
2.706807
2.706812
2.706974
2.707059
2.707577
2.707618
2.707801
2.707841
2.708031
2.708359
2.708503
2.708572
2.708649
2.708909
2.708964
2.708975
2.709519
2.709541
2.709651
2.709751
2.709768
2.709788
2.709790
2.709898
2.710166
2.710172
2.710173
2.710220
2.710225
2.710318
2.710401
2.710411
2.710474
2.710613
2.710677
2.711127
2.711202
2.711349
2.712345
2.712487
2.712560
2.712600
2.713075
2.713213
2.713274
2.713343
2.713409
2.713785
2.713839
2.713874
2.714379
2.714442
2.714446
2.714459
2.714465
2.714809
2.714811
2.714859
2.715031
2.715050
2.715074
2.715314
2.715571
2.715703
2.715771
2.715823
2.715930
2.716168
2.716223
2.716394
2.716457
2.716727
2.716808
2.716969
2.716992
2.717016
2.717101
2.717426
2.717528
2.717543
2.717638
2.717870
2.717901
2.717932
2.718008
2.718019
2.718095
2.718120
2.718261
2.718315
2.718412
2.718791
2.718837
2.719254
2.719320
2.719376
2.719414
2.719570
2.719629
2.719702
2.719783
2.719820
2.719943
2.719974
2.720763
2.720826
2.720870
2.721012
2.721124
2.721272
2.721453
2.721538
2.721649
2.721771
2.721812
2.721825
2.722293
2.722349
2.722357
2.722791
2.722832
2.722833
2.722892
2.723164
2.723420
2.723796
2.723830
2.723927
2.724110
2.724337
2.724519
2.724673
2.724908
2.725830
2.726243
2.726248
2.726314
2.726371
2.726470
2.726586
2.726747
2.726882
2.727152
2.727265
2.727330
2.727372
2.727387
2.727556
2.727593
2.727713
2.727755
2.728007
2.728172
2.728266
2.728366
2.728466
2.728838
2.728889
2.728941
2.728964
2.729303
2.729370
2.729739
2.729840
2.730595
2.731056
2.731187
2.731298
2.731428
2.731501
2.731567
2.731671
2.731761
2.731778
2.732240
2.732381
2.732620
2.732624
2.732746
2.732947
2.733092
2.733277
2.733284
2.733556
2.733753
2.733761
2.733909
2.734243
2.734636
2.734741
2.734906
2.735105
2.735138
2.735194
2.735216
2.735344
2.735428
2.735544
2.735545
2.735582
2.735697
2.735771
2.736327
2.736514
2.736595
2.736740
2.737194
2.737277
2.737491
2.737684
2.737959
2.738253
2.738289
2.738377
2.738756
2.738863
2.739294
2.739406
2.739424
2.739519
2.739758
2.739851
2.739962
2.740066
2.740434
2.740454
2.740714
2.740990
2.741152
2.741332
2.741691
2.741740
2.741830
2.741849
2.741965
2.742071
2.742100
2.742356
2.742459
2.742549
2.742896
2.743640
2.743673
2.743688
2.743925
2.743949
2.744298
2.744349
2.744412
2.744629
2.744682
2.745076
2.745139
2.745469
2.745766
2.745823
2.745883
2.745892
2.746068
2.746440
2.746632
2.746654
2.746696
2.746726
2.746881
2.746929
2.746936
2.747084
2.747098
2.747119
2.747165
2.747239
2.747448
2.747749
2.747858
2.747967
2.747979
2.748179
2.748290
2.748303
2.748745
2.748952
2.749350
2.749516
2.749604
2.749784
2.750012
2.750062
2.750202
2.750217
2.750329
2.750772
2.750787
2.750855
2.751027
2.751143
2.751322
2.751476
2.751493
2.751695
2.751859
2.751913
2.751952
2.751989
2.752454
2.752544
2.752566
2.752624
2.752625
2.752911
2.752918
2.752923
2.752925
2.753117
2.753238
2.753466
2.753499
2.753622
2.753699
2.753769
2.754176
2.754203
2.754556
2.754600
2.754843
2.754924
2.755034
2.755111
2.755322
2.755405
2.755470
2.755745
2.756209
2.756415
2.756480
2.756881
2.757079
2.757413
2.757457
2.757563
2.758090
2.758213
2.758256
2.758338
2.758362
2.758389
2.758439
2.758501
2.758559
2.758561
2.758835
2.758960
2.758972
2.759109
2.759151
2.759224
2.759278
2.759498
2.759538
2.759917
2.760456
2.760580
2.760888
2.761016
2.761233
2.761560
2.761664
2.761928
2.762067
2.762101
2.762239
2.762482
2.762499
2.762727
2.762731
2.762953
2.763131
2.763183
2.763435
2.763491
2.763527
2.763580
2.763633
2.763700
2.764255
2.764346
2.764699
2.764747
2.765336
2.765608
2.765827
2.766013
2.766155
2.766176
2.766258
2.766307
2.766489
2.766546
2.766620
2.766945
2.767143
2.767269
2.767279
2.767376
2.767611
2.767686
2.767840
2.768032
2.768090
2.768161
2.768658
2.768664
2.768708
2.769022
2.769040
2.769204
2.769571
2.769829
2.769959
2.770068
2.770329
2.770436
2.770507
2.770630
2.770826
2.771199
2.771214
2.771233
2.771385
2.771437
2.771462
2.771605
2.771749
2.771761
2.771986
2.772175
2.772421
2.772570
2.772582
2.773034
2.773096
2.773172
2.773190
2.773526
2.773565
2.773573
2.773649
2.773711
2.773777
2.773801
2.773833
2.773993
2.774112
2.774162
2.774221
2.774300
2.774382
2.774440
2.774748
2.774768
2.774857
2.775028
2.775082
2.775093
2.775127
2.775147
2.775291
2.775292
2.775337
2.775347
2.775376
2.775433
2.775528
2.775618
2.775668
2.775963
2.776083
2.776132
2.776203
2.776221
2.776257
2.776304
2.776360
2.776453
2.776493
2.776892
2.777440
2.777468
2.777590
2.777826
2.778060
2.778186
2.778269
2.778329
2.778368
2.778389
2.778478
2.778671
2.779000
2.779075
2.779319
2.779446
2.779536
2.779607
2.779709
2.779745
2.779885
2.779926
2.780047
2.780130
2.780348
2.780391
2.780807
2.780900
2.781162
2.781164
2.781252
2.781416
2.781468
2.781477
2.781546
2.781611
2.781699
2.781799
2.781804
2.781853
2.781854
2.781933
2.782059
2.782229
2.782289
2.782361
2.782414
2.782502
2.782516
2.782543
2.782897
2.783202
2.783235
2.783364
2.783366
2.783379
2.783622
2.783708
2.783842
2.783852
2.783931
2.784695
2.785187
2.785211
2.785236
2.785391
2.785579
2.785654
2.785715
2.785793
2.786079
2.786122
2.786190
2.786311
2.786642
2.786814
2.786872
2.786949
2.787452
2.787724
2.787775
2.787922
2.788503
2.788522
2.788748
2.788781
2.789017
2.789086
2.789091
2.789133
2.789304
2.789670
2.789677
2.789851
2.789994
2.790021
2.790295
2.790424
2.790653
2.790812
2.790845
2.791007
2.791045
2.791235
2.791399
2.791448
2.791478
2.791536
2.791655
2.791695
2.791716
2.791924
2.791973
2.791988
2.792022
2.792317
2.792473
2.792660
2.792827
2.792883
2.792930
2.793355
2.793373
2.793438
2.793652
2.793798
2.793840
2.793925
2.793932
2.794108
2.794189
2.794225
2.794298
2.794636
2.794656
2.794799
2.794888
2.794976
2.795069
2.795180
2.795305
2.795450
2.795542
2.795974
2.796022
2.796286
2.796543
2.796593
2.796604
2.796627
2.796665
2.796729
2.796774
2.796774
2.797050
2.797160
2.797229
2.797315
2.797437
2.797453
2.797675
2.797678
2.797848
2.798406
2.798597
2.798857
2.799635
2.799811
2.800342
2.800547
2.800726
2.800744
2.800802
2.800951
2.800998
2.801209
2.801297
2.801433
2.801533
2.801598
2.801610
2.801670
2.802045
2.802093
2.802567
2.802619
2.802646
2.802720
2.802725
2.802782
2.802944
2.803046
2.803174
2.803288
2.803358
2.803361
2.803540
2.803561
2.803633
2.803887
2.803900
2.804167
2.804241
2.804276
2.804312
2.804370
2.804398
2.804473
2.804477
2.804904
2.805029
2.805048
2.805154
2.805169
2.805242
2.805553
2.805853
2.805933
2.806031
2.806437
2.806534
2.806852
2.807002
2.807036
2.807157
2.807161
2.807265
2.807338
2.807413
2.807539
2.807742
2.807771
2.807909
2.807983
2.807987
2.808169
2.808182
2.808212
2.808275
2.808348
2.808412
2.809382
2.809429
2.809776
2.809964
2.810163
2.810198
2.810324
2.810364
2.810674
2.810904
2.811177
2.811257
2.811305
2.811404
2.811548
2.812322
2.812323
2.812448
2.812484
2.812545
2.812886
2.813213
2.813398
2.813510
2.813788
2.814243
2.814312
2.814602
2.814629
2.814691
2.814714
2.814813
2.814876
2.814945
2.815039
2.815176
2.815181
2.815305
2.815331
2.815440
2.815511
2.815671
2.815721
2.815934
2.816186
2.816412
2.816437
2.816495
2.816670
2.816697
2.816808
2.817163
2.817333
2.817477
2.817618
2.817798
2.817885
2.817963
2.817994
2.818226
2.818336
2.818530
2.818764
2.818779
2.818814
2.818825
2.818910
2.819149
2.819477
2.819670
2.819772
2.819829
2.819843
2.820253
2.820436
2.820452
2.820560
2.820757
2.820840
2.820967
2.821094
2.821182
2.821258
2.821259
2.821308
2.821435
2.821527
2.821535
2.821605
2.821734
2.822057
2.822231
2.822234
2.822563
2.822703
2.822820
2.822930
2.823093
2.823215
2.823558
2.823567
2.823567
2.824008
2.824033
2.824205
2.824284
2.824565
2.824640
2.824710
2.824852
2.824898
2.825017
2.825247
2.825258
2.825299
2.825300
2.825447
2.825483
2.825512
2.825639
2.825734
2.825946
2.826054
2.826234
2.826313
2.826358
2.826493
2.826579
2.826826
2.826868
2.826964
2.826975
2.826982
2.827030
2.827354
2.827576
2.827812
2.828052
2.828160
2.828193
2.828195
2.828233
2.828376
2.828548
2.828554
2.828708
2.828785
2.828894
2.828926
2.829070
2.829085
2.829096
2.829173
2.829260
2.829613
2.829901
2.830078
2.830153
2.830175
2.830210
2.830300
2.830395
2.830664
2.830762
2.830934
2.831087
2.831092
2.831102
2.831196
2.831520
2.831657
2.831793
2.831966
2.831973
2.832101
2.832228
2.832287
2.832348
2.832403
2.832538
2.832563
2.832657
2.832665
2.832798
2.832847
2.832906
2.832972
2.832980
2.833081
2.833159
2.833236
2.833315
2.833724
2.833746
2.833762
2.833773
2.833812
2.833826
2.833872
2.833884
2.834150
2.834321
2.834324
2.834445
2.834874
2.834928
2.835034
2.835110
2.835182
2.835443
2.835449
2.835696
2.835741
2.835742
2.835854
2.835940
2.836016
2.836024
2.836035
2.836115
2.836209
2.836242
2.836578
2.836648
2.836658
2.836707
2.836732
2.836786
2.836852
2.837022
2.837119
2.837190
2.837238
2.837328
2.837856
2.837872
2.838008
2.838264
2.838318
2.838448
2.838578
2.838687
2.838746
2.838837
2.838959
2.839027
2.839120
2.839465
2.839597
2.839619
2.839788
2.839891
2.839992
2.840075
2.840093
2.840134
2.840552
2.840555
2.840596
2.840728
2.840890
2.841395
2.841462
2.841552
2.841985
2.842011
2.842173
2.842173
2.842251
2.842303
2.842550
2.842562
2.842709
2.842910
2.842967
2.843028
2.843100
2.843238
2.843280
2.843475
2.844071
2.844161
2.844494
2.844548
2.844759
2.844911
2.844929
2.845020
2.845165
2.845329
2.845377
2.845546
2.845583
2.845586
2.845658
2.845992
2.846011
2.846040
2.846121
2.846135
2.846179
2.846275
2.846320
2.846520
2.846729
2.846958
2.846997
2.847023
2.847245
2.847323
2.847477
2.847619
2.848131
2.848180
2.848181
2.848184
2.848604
2.848686
2.848697
2.848727
2.848796
2.848903
2.849002
2.849096
2.849136
2.849192
2.849232
2.849359
2.849459
2.849493
2.849528
2.849570
2.849661
2.849662
2.849941
2.850221
2.850227
2.850360
2.850362
2.850469
2.850548
2.850579
2.850792
2.850801
2.850839
2.850925
2.850982
2.851214
2.851215
2.851284
2.851411
2.851907
2.851937
2.851987
2.852136
2.852149
2.852304
2.852335
2.852386
2.852405
2.852441
2.852444
2.852464
2.852515
2.852535
2.852574
2.852622
2.852635
2.852793
2.852945
2.853045
2.853057
2.853184
2.853384
2.853644
2.853692
2.853852
2.853889
2.854148
2.854194
2.854349
2.854382
2.854427
2.854568
2.854646
2.854831
2.855039
2.855146
2.855394
2.855413
2.856283
2.856373
2.856507
2.856513
2.856908
2.857056
2.857191
2.857516
2.857623
2.857654
2.857662
2.857742
2.857747
2.857830
2.857989
2.858006
2.858096
2.858101
2.858346
2.858464
2.858940
2.858996
2.859106
2.859366
2.859625
2.859782
2.859868
2.860047
2.860122
2.860156
2.860257
2.860340
2.860349
2.860480
2.860651
2.860802
2.860851
2.860935
2.861093
2.861117
2.861269
2.861326
2.861346
2.861418
2.861506
2.861629
2.861637
2.861901
2.862030
2.862185
2.862195
2.862251
2.862262
2.862757
2.862949
2.862951
2.862983
2.863076
2.863090
2.863228
2.863249
2.863276
2.863315
2.863385
2.863488
2.863791
2.863814
2.863957
2.863961
2.864025
2.864037
2.864202
2.864213
2.864356
2.864465
2.864593
2.864880
2.865286
2.865778
2.866026
2.866073
2.866158
2.866202
2.866221
2.866357
2.866436
2.866545
2.866634
2.866756
2.866822
2.866843
2.867238
2.867440
2.867548
2.867628
2.867656
2.867729
2.867785
2.868037
2.868166
2.868320
2.868685
2.868748
2.868767
2.868927
2.869064
2.869213
2.869312
2.869359
2.869426
2.869508
2.869580
2.869653
2.869784
2.869796
2.870346
2.870387
2.870468
2.870590
2.870698
2.870736
2.870756
2.870898
2.870926
2.871082
2.871679
2.871724
2.871800
2.871833
2.871868
2.871911
2.871927
2.871974
2.871986
2.872033
2.872034
2.872153
2.872185
2.872449
2.872515
2.872597
2.872673
2.872717
2.872765
2.872782
2.872787
2.872799
2.872818
2.872906
2.873141
2.873284
2.873296
2.873301
2.873374
2.873456
2.873502
2.873983
2.874112
2.874231
2.874340
2.874346
2.874542
2.874686
2.874747
2.875012
2.875052
2.875103
2.875156
2.875385
2.875476
2.875597
2.875711
2.875799
2.875804
2.875901
2.875978
2.876500
2.876557
2.876651
2.876908
2.876985
2.877256
2.877311
2.877327
2.877610
2.877697
2.877916
2.877982
2.878005
2.878021
2.878039
2.878223
2.878251
2.878383
2.878416
2.878500
2.878503
2.878731
2.878837
2.878891
2.878942
2.879070
2.879105
2.879117
2.879128
2.879173
2.879302
2.879435
2.879546
2.879714
2.879870
2.880025
2.880209
2.880221
2.880329
2.880574
2.880661
2.880679
2.880713
2.880776
2.881011
2.881031
2.881227
2.881295
2.881355
2.881400
2.881420
2.881634
2.882078
2.882308
2.882317
2.882329
2.882654
2.882829
2.882982
2.882987
2.883035
2.883145
2.883159
2.883509
2.883701
2.883737
2.883797
2.883821
2.883862
2.884207
2.884358
2.884423
2.884463
2.884572
2.884621
2.884629
2.884829
2.884844
2.885042
2.885144
2.885151
2.885319
2.885416
2.885798
2.885831
2.886123
2.886287
2.886353
2.886383
2.886383
2.886398
2.886726
2.886856
2.887017
2.887097
2.887172
2.887243
2.887274
2.887367
2.887650
2.887737
2.888058
2.888185
2.888185
2.888437
2.888465
2.888552
2.888557
2.888648
2.888674
2.888876
2.888995
2.889162
2.889172
2.889457
2.889552
2.889603
2.889745
2.889828
2.889949
2.890305
2.890401
2.890827
2.890864
2.891065
2.891224
2.891235
2.891333
2.891376
2.891511
2.891669
2.891923
2.891935
2.891950
2.892162
2.892263
2.892266
2.892334
2.892402
2.892545
2.892933
2.892954
2.893013
2.893054
2.893199
2.893210
2.893278
2.893373
2.893480
2.893560
2.893568
2.893608
2.893757
2.893895
2.893977
2.894003
2.894069
2.894120
2.894272
2.894352
2.894435
2.894648
2.894710
2.894780
2.894822
2.894882
2.894893
2.894951
2.894981
2.894993
2.895111
2.895167
2.895310
2.895328
2.895358
2.895473
2.895515
2.895896
2.895897
2.896072
2.896263
2.896471
2.896480
2.896800
2.896986
2.897067
2.897175
2.897243
2.897550
2.897680
2.897770
2.898015
2.898256
2.898362
2.898397
2.898434
2.898437
2.898476
2.898646
2.898675
2.898730
2.898811
2.899053
2.899059
2.899126
2.899143
2.899454
2.899602
2.899622
2.899657
2.899746
2.899762
2.899794
2.899851
2.899916
2.900037
2.900071
2.900139
2.900199
2.900341
2.900348
2.900388
2.900573
2.900582
2.900593
2.900660
2.901249
2.901289
2.901339
2.901373
2.901445
2.901464
2.901483
2.901560
2.901604
2.901610
2.901661
2.901915
2.902069
2.902153
2.902222
2.902278
2.902430
2.902601
2.902617
2.902693
2.902919
2.903108
2.903673
2.903730
2.903767
2.903768
2.903868
2.903914
2.903953
2.904134
2.904209
2.904378
2.904608
2.904637
2.904685
2.905056
2.905083
2.905425
2.905450
2.905528
2.905809
2.905846
2.905915
2.905993
2.906234
2.906311
2.906475
2.906483
2.906619
2.906974
2.907165
2.907220
2.907418
2.907482
2.907601
2.907868
2.907989
2.908022
2.908096
2.908384
2.908435
2.908556
2.908600
2.908651
2.908764
2.908835
2.908896
2.908931
2.908957
2.909181
2.909192
2.909220
2.909275
2.909359
2.909637
2.909768
2.909798
2.909972
2.910070
2.910119
2.910174
2.910481
2.910609
2.910680
2.910729
2.910826
2.910870
2.910998
2.911013
2.911052
2.911115
2.911195
2.911203
2.911229
2.911470
2.911505
2.911606
2.911777
2.911876
2.912027
2.912074
2.912115
2.912425
2.912495
2.912710
2.912873
2.913154
2.913181
2.913224
2.913264
2.913271
2.913404
2.913428
2.913433
2.913816
2.913968
2.914177
2.914212
2.914230
2.914251
2.914256
2.914370
2.914377
2.914455
2.914478
2.914638
2.914723
2.914866
2.914895
2.915093
2.915292
2.916209
2.916244
2.916374
2.916416
2.916578
2.916614
2.916633
2.916788
2.916788
2.916848
2.916995
2.917325
2.917738
2.917821
2.918020
2.918079
2.918144
2.918300
2.918322
2.918420
2.918426
2.918498
2.918878
2.918947
2.919175
2.919228
2.919247
2.919293
2.919395
2.919479
2.919507
2.919580
2.919603
2.919859
2.919903
2.919923
2.919936
2.920079
2.920380
2.920453
2.920489
2.920598
2.920610
2.920770
2.920941
2.920959
2.921184
2.921318
2.921333
2.921357
2.921379
2.921395
2.921419
2.921514
2.921537
2.921562
2.921777
2.921857
2.921878
2.921921
2.922019
2.922211
2.922249
2.922364
2.922399
2.922499
2.922698
2.922709
2.922793
2.922869
2.923188
2.923289
2.923306
2.923410
2.923465
2.923544
2.923548
2.923770
2.923779
2.924032
2.924114
2.924150
2.924210
2.924310
2.924314
2.924330
2.924338
2.924476
2.924622
2.924866
2.924920
2.925215
2.925378
2.925508
2.925585
2.925660
2.925763
2.925787
2.925905
2.925990
2.925995
2.926004
2.926174
2.926250
2.926274
2.926365
2.926604
2.926682
2.926763
2.926773
2.927041
2.927129
2.927391
2.927544
2.927551
2.927575
2.927625
2.927654
2.927656
2.927915
2.928191
2.928193
2.928240
2.928267
2.928288
2.928443
2.928554
2.928612
2.928709
2.928745
2.928768
2.928774
2.928880
2.928892
2.928897
2.928904
2.928980
2.928997
2.929249
2.929536
2.929580
2.929597
2.929692
2.930042
2.930115
2.930141
2.930236
2.930259
2.930261
2.930348
2.930451
2.930543
2.930903
2.931027
2.931081
2.931259
2.931428
2.931439
2.931669
2.931790
2.931849
2.932014
2.932050
2.932059
2.932085
2.932187
2.932237
2.932547
2.932619
2.932805
2.932852
2.933132
2.933266
2.933293
2.933347
2.933357
2.933363
2.933670
2.933769
2.933810
2.933957
2.934002
2.934025
2.934128
2.934139
2.934189
2.934208
2.934263
2.934338
2.934398
2.934421
2.934504
2.934576
2.934771
2.934783
2.934924
2.934958
2.935004
2.935062
2.935088
2.935677
2.936004
2.936131
2.936224
2.936296
2.936404
2.936582
2.936682
2.936726
2.936921
2.936936
2.937026
2.937160
2.937169
2.937212
2.937223
2.937294
2.937393
2.937614
2.937673
2.937803
2.937903
2.937974
2.938046
2.938050
2.938135
2.938390
2.938560
2.938685
2.938786
2.938865
2.938878
2.938956
2.939002
2.939038
2.939054
2.939118
2.939205
2.939287
2.939324
2.939342
2.939448
2.939449
2.939598
2.939694
2.939818
2.939901
2.939902
2.939906
2.940032
2.940048
2.940071
2.940244
2.940350
2.940498
2.940593
2.940657
2.940794
2.940881
2.940894
2.941116
2.941345
2.941370
2.941587
2.941630
2.941640
2.941732
2.941779
2.941915
2.941939
2.941972
2.942023
2.942056
2.942057
2.942058
2.942084
2.942245
2.942313
2.942373
2.942385
2.942410
2.942422
2.942563
2.942661
2.942671
2.942813
2.942869
2.942946
2.943074
2.943112
2.943141
2.943254
2.943424
2.943426
2.943500
2.943536
2.943598
2.943642
2.943896
2.943896
2.944086
2.944191
2.944202
2.944427
2.944537
2.944615
2.944620
2.944736
2.944756
2.944793
2.944814
2.944886
2.945196
2.945271
2.945337
2.945432
2.945457
2.945685
2.945769
2.945772
2.945828
2.945873
2.945889
2.945919
2.946017
2.946024
2.946048
2.946084
2.946094
2.946179
2.946298
2.946298
2.946329
2.946467
2.946487
2.946647
2.946841
2.946874
2.946927
2.946928
2.947289
2.947344
2.947417
2.947551
2.947573
2.947721
2.947728
2.948148
2.948152
2.948403
2.948504
2.948539
2.948543
2.948574
2.948920
2.949046
2.949092
2.949148
2.949230
2.949293
2.949302
2.949373
2.949385
2.949395
2.949448
2.949451
2.949467
2.949507
2.949534
2.949582
2.949666
2.949669
2.949733
2.949773
2.949815
2.949912
2.949926
2.949943
2.950051
2.950091
2.950200
2.950213
2.950299
2.950305
2.950457
2.950652
2.950724
2.950845
2.950868
2.951012
2.951245
2.951305
2.951515
2.951709
2.951985
2.951988
2.952087
2.952201
2.952221
2.952329
2.952576
2.952632
2.952758
2.952759
2.952766
2.952776
2.952782
2.953131
2.953158
2.953175
2.953184
2.953290
2.953481
2.953547
2.953565
2.953569
2.953671
2.953822
2.953897
2.953909
2.954074
2.954163
2.954186
2.954231
2.954383
2.954570
2.954835
2.954852
2.954894
2.954924
2.954990
2.955217
2.955227
2.955234
2.955527
2.955739
2.956071
2.956180
2.956451
2.956576
2.956661
2.956792
2.957015
2.957642
2.957685
2.958096
2.958242
2.958448
2.958904
2.959067
2.959072
2.959141
2.959420
2.959491
2.959498
2.959630
2.959635
2.959714
2.959853
2.959975
2.959996
2.960084
2.960139
2.960158
2.960195
2.960261
2.960307
2.960313
2.960353
2.960372
2.960506
2.960532
2.960593
2.960597
2.960610
2.960635
2.960694
2.960698
2.960741
2.960908
2.961047
2.961102
2.961323
2.961346
2.961459
2.961526
2.961551
2.961883
2.962028
2.962121
2.962153
2.962267
2.962438
2.962594
2.962626
2.962628
2.962672
2.962754
2.962886
2.962931
2.963166
2.963175
2.963199
2.963261
2.963295
2.963387
2.963433
2.963467
2.963719
2.963949
2.963973
2.963999
2.964019
2.964051
2.964159
2.964201
2.964289
2.964342
2.964386
2.964521
2.964547
2.964678
2.964733
2.964856
2.964953
2.965001
2.965272
2.965278
2.965312
2.965318
2.965427
2.965461
2.965480
2.965530
2.965838
2.966155
2.966156
2.966219
2.966576
2.966578
2.966586
2.966627
2.966694
2.966782
2.966946
2.966988
2.966996
2.967029
2.967338
2.967556
2.967683
2.967685
2.967718
2.967785
2.967849
2.968084
2.968170
2.968204
2.968432
2.968446
2.968859
2.969001
2.969027
2.969072
2.969109
2.969433
2.969454
2.969623
2.969653
2.969696
2.969799
2.969824
2.969866
2.969912
2.970024
2.970036
2.970169
2.970273
2.970651
2.970817
2.970880
2.970887
2.970986
2.971004
2.971014
2.971070
2.971083
2.971388
2.971426
2.971575
2.971596
2.971643
2.971723
2.971735
2.971735
2.971885
2.971970
2.971994
2.972058
2.972192
2.972263
2.972374
2.972404
2.972515
2.972517
2.972543
2.973086
2.973180
2.973401
2.973429
2.973484
2.973689
2.973796
2.973804
2.973849
2.973997
2.974085
2.974243
2.974253
2.974267
2.974394
2.974394
2.974450
2.974491
2.974550
2.974649
2.974824
2.975250
2.975339
2.975460
2.975478
2.975701
2.975888
2.976018
2.976232
2.976407
2.976565
2.976740
2.976790
2.976810
2.976928
2.976972
2.977193
2.977255
2.977326
2.977338
2.977370
2.977393
2.977604
2.977708
2.977817
2.977926
2.978007
2.978039
2.978174
2.978218
2.978238
2.978281
2.978323
2.978536
2.978613
2.978664
2.979054
2.979354
2.979454
2.979474
2.979485
2.979501
2.979519
2.979559
2.979568
2.979571
2.979586
2.979589
2.979789
2.979843
2.980097
2.980187
2.980256
2.980354
2.980411
2.980661
2.980695
2.980852
2.980900
2.980959
2.981093
2.981109
2.981153
2.981195
2.981311
2.981679
2.981706
2.981955
2.982022
2.982272
2.982288
2.982332
2.982537
2.982580
2.982613
2.982705
2.982712
2.982715
2.982853
2.982914
2.982930
2.982953
2.983047
2.983050
2.983059
2.983100
2.983126
2.983582
2.983802
2.983819
2.983821
2.983898
2.983921
2.984157
2.984160
2.984169
2.984366
2.984536
2.984547
2.984614
2.984702
2.984765
2.984972
2.985005
2.985005
2.985255
2.985268
2.985305
2.985502
2.985718
2.985944
2.985959
2.986005
2.986084
2.986144
2.986306
2.986466
2.986553
2.986644
2.986740
2.986842
2.986931
2.987093
2.987142
2.987171
2.987186
2.987358
2.987421
2.987450
2.987612
2.987817
2.987968
2.988127
2.988155
2.988157
2.988730
2.988846
2.988902
2.989046
2.989123
2.989303
2.989532
2.989731
2.989763
2.989843
2.990018
2.990087
2.990104
2.990184
2.990276
2.990276
2.990319
2.990365
2.990367
2.990387
2.990533
2.990576
2.990594
2.990789
2.990803
2.990843
2.990858
2.990993
2.991004
2.991018
2.991044
2.991224
2.991314
2.991334
2.991462
2.991523
2.991665
2.991688
2.991769
2.991994
2.992021
2.992063
2.992090
2.992173
2.992216
2.992272
2.992443
2.992517
2.992530
2.992711
2.992781
2.992849
2.993129
2.993148
2.993213
2.993362
2.993372
2.993449
2.993454
2.993485
2.993505
2.993723
2.993868
2.993948
2.994093
2.994264
2.994336
2.994412
2.994440
2.994490
2.994546
2.994618
2.994685
2.994773
2.994921
2.995013
2.995136
2.995160
2.995168
2.995193
2.995306
2.995376
2.995432
2.995646
2.995682
2.995694
2.995802
2.995854
2.995873
2.996110
2.996157
2.996268
2.996514
2.996517
2.996544
2.996623
2.996628
2.996711
2.996801
2.996817
2.996859
2.996915
2.997024
2.997066
2.997071
2.997071
2.997116
2.997275
2.997372
2.997487
2.997552
2.997585
2.997822
2.997824
2.997843
2.998107
2.998222
2.998355
2.998357
2.998517
2.998741
2.998877
2.999058
2.999067
2.999336
2.999352
2.999406
2.999407
2.999410
2.999496
2.999519
2.999988
3.000202
3.000204
3.000308
3.000462
3.000602
3.000707
3.000917
3.001329
3.001343
3.001387
3.001417
3.001612
3.001748
3.001768
3.001856
3.002186
3.002193
3.002377
3.002583
3.002711
3.002733
3.002872
3.002995
3.003038
3.003229
3.003310
3.003383
3.003399
3.003480
3.003646
3.003685
3.003703
3.003789
3.003899
3.003951
3.004117
3.004135
3.004275
3.004368
3.004533
3.004678
3.004977
3.005080
3.005259
3.005359
3.005476
3.005508
3.005639
3.005678
3.005867
3.005909
3.005978
3.006063
3.006075
3.006235
3.006275
3.006340
3.006601
3.006679
3.006809
3.006855
3.006887
3.006947
3.006979
3.007113
3.007261
3.007307
3.007429
3.007491
3.007884
3.008071
3.008072
3.008074
3.008076
3.008091
3.008158
3.008466
3.008491
3.008638
3.008792
3.008803
3.008875
3.009114
3.009157
3.009213
3.009221
3.009266
3.009316
3.009331
3.009506
3.009519
3.009582
3.009682
3.009890
3.010322
3.010578
3.010630
3.010683
3.010775
3.011195
3.011447
3.011779
3.011796
3.012074
3.012231
3.012304
3.012464
3.012542
3.012621
3.012742
3.012750
3.012980
3.013095
3.013338
3.013360
3.013491
3.013545
3.013664
3.013714
3.013751
3.013813
3.013820
3.013865
3.013976
3.014090
3.014268
3.014279
3.014345
3.014446
3.014482
3.014489
3.014633
3.014772
3.014802
3.014900
3.014932
3.015019
3.015023
3.015191
3.015310
3.015451
3.015453
3.015519
3.015566
3.015758
3.015798
3.015872
3.015916
3.016004
3.016263
3.016311
3.016323
3.016655
3.016784
3.016814
3.016986
3.016993
3.017033
3.017040
3.017284
3.017438
3.017604
3.017969
3.018008
3.018017
3.018069
3.018237
3.018245
3.018255
3.018267
3.018405
3.018476
3.018504
3.018957
3.019140
3.019217
3.019267
3.019513
3.019528
3.019615
3.019727
3.020005
3.020067
3.020085
3.020197
3.020204
3.020246
3.020325
3.020392
3.020558
3.020583
3.020692
3.020766
3.020804
3.020882
3.021163
3.021187
3.021483
3.021592
3.021698
3.021769
3.021776
3.021788
3.022063
3.022199
3.022252
3.022264
3.022569
3.022580
3.022603
3.022804
3.022977
3.023060
3.023085
3.023191
3.023357
3.023484
3.023564
3.023604
3.023714
3.023761
3.023831
3.023865
3.023875
3.023983
3.024037
3.024142
3.024417
3.024463
3.024469
3.024540
3.024588
3.024591
3.024657
3.024692
3.024770
3.024903
3.024908
3.024973
3.024985
3.025371
3.025396
3.025446
3.025543
3.025564
3.025625
3.025641
3.025750
3.025830
3.025991
3.026064
3.026092
3.026261
3.026292
3.026783
3.026860
3.026887
3.026997
3.027114
3.027264
3.027369
3.027420
3.027535
3.027759
3.027763
3.027795
3.027851
3.027860
3.027908
3.027932
3.028113
3.028340
3.028452
3.028481
3.028502
3.028520
3.028547
3.028611
3.028727
3.028798
3.029102
3.029116
3.029129
3.029148
3.029202
3.029483
3.029494
3.029603
3.029615
3.029840
3.029968
3.030248
3.030287
3.030413
3.030463
3.030502
3.030592
3.030986
3.031053
3.031292
3.031301
3.031380
3.031733
3.031798
3.031906
3.031931
3.032022
3.032116
3.032131
3.032175
3.032308
3.032469
3.032619
3.032730
3.032948
3.033013
3.033145
3.033531
3.033558
3.033749
3.033753
3.033803
3.033808
3.033933
3.034152
3.034303
3.034442
3.034517
3.034573
3.034606
3.034765
3.034775
3.034842
3.034867
3.034960
3.035157
3.035301
3.035363
3.035406
3.035460
3.035470
3.035956
3.036072
3.036099
3.036101
3.036512
3.036603
3.036640
3.036660
3.036747
3.036775
3.036825
3.036946
3.036987
3.037122
3.037222
3.037246
3.037285
3.037385
3.037392
3.037447
3.037470
3.037545
3.037570
3.037577
3.037596
3.037615
3.037724
3.037731
3.037775
3.037850
3.037925
3.038051
3.038121
3.038180
3.038182
3.038223
3.038226
3.038306
3.038668
3.038670
3.038940
3.038940
3.038958
3.039026
3.039099
3.039099
3.039100
3.039251
3.039275
3.039603
3.039658
3.039715
3.039719
3.039747
3.039987
3.040095
3.040135
3.040193
3.040200
3.040386
3.040415
3.040742
3.040750
3.040795
3.040931
3.041051
3.041059
3.041083
3.041085
3.041183
3.041202
3.041313
3.041348
3.041394
3.041696
3.041789
3.041815
3.041886
3.042055
3.042056
3.042415
3.042488
3.042606
3.042634
3.042660
3.042938
3.043123
3.043207
3.043208
3.043283
3.043402
3.043494
3.043577
3.043726
3.043810
3.043876
3.043959
3.044023
3.044145
3.044165
3.044445
3.044675
3.044693
3.044713
3.044773
3.044801
3.044841
3.044868
3.044978
3.044988
3.045213
3.045454
3.045523
3.045576
3.045651
3.045767
3.045771
3.045906
3.046007
3.046016
3.046200
3.046263
3.046338
3.046459
3.046468
3.046511
3.046618
3.047125
3.047199
3.047256
3.047468
3.047503
3.047589
3.047724
3.047870
3.047908
3.047989
3.048078
3.048263
3.048340
3.048426
3.048438
3.048499
3.048513
3.048877
3.048939
3.049170
3.049331
3.049355
3.049391
3.049483
3.049554
3.049594
3.049652
3.049823
3.049867
3.049930
3.050031
3.050074
3.050078
3.050122
3.050356
3.050650
3.050714
3.050936
3.051019
3.051138
3.051301
3.051308
3.051485
3.052019
3.052037
3.052155
3.052176
3.052406
3.052504
3.052561
3.052756
3.052852
3.053103
3.053200
3.053240
3.053293
3.053355
3.053478
3.053766
3.053807
3.053899
3.054079
3.054090
3.054186
3.054193
3.054333
3.054745
3.054751
3.054788
3.054914
3.054954
3.054978
3.055034
3.055161
3.055311
3.055360
3.055438
3.055498
3.055564
3.055577
3.055692
3.056153
3.056386
3.056432
3.056505
3.056620
3.056820
3.056827
3.056936
3.057094
3.057103
3.057138
3.057429
3.057668
3.057805
3.057861
3.057972
3.058099
3.058335
3.058470
3.058562
3.058574
3.058598
3.058784
3.058897
3.058913
3.059037
3.059112
3.059134
3.059334
3.059406
3.059410
3.059537
3.059612
3.059725
3.059993
3.060132
3.060258
3.060352
3.060374
3.060375
3.060425
3.060607
3.060628
3.060653
3.060843
3.061020
3.061161
3.061268
3.061328
3.061343
3.061361
3.061363
3.061431
3.061440
3.061621
3.061635
3.061912
3.062098
3.062436
3.062626
3.062871
3.063125
3.063212
3.063246
3.063355
3.063373
3.063378
3.063447
3.063489
3.063539
3.063548
3.063770
3.064007
3.064221
3.064299
3.064305
3.064358
3.064373
3.064396
3.064477
3.064636
3.064906
3.065042
3.065095
3.065134
3.065166
3.065345
3.065552
3.065645
3.065701
3.065760
3.065842
3.065938
3.066018
3.066055
3.066079
3.066101
3.066260
3.066565
3.066592
3.066592
3.066634
3.066844
3.066855
3.066873
3.066941
3.067000
3.067037
3.067158
3.067201
3.067231
3.067232
3.067245
3.067319
3.067335
3.067511
3.067541
3.067641
3.067649
3.067690
3.067755
3.067863
3.067867
3.067899
3.067932
3.067972
3.068041
3.068073
3.068163
3.068238
3.068262
3.068333
3.068443
3.068623
3.068630
3.068772
3.068861
3.069166
3.069407
3.069757
3.069800
3.069958
3.070027
3.070116
3.070183
3.070328
3.070328
3.070355
3.070422
3.070516
3.070570
3.070578
3.070656
3.070808
3.071132
3.071237
3.071264
3.071354
3.071393
3.071519
3.071599
3.071838
3.071941
3.071949
3.072042
3.072134
3.072164
3.072185
3.072263
3.072313
3.072327
3.072421
3.072609
3.072609
3.072766
3.072776
3.072824
3.072832
3.072883
3.072890
3.072959
3.073001
3.073119
3.073124
3.073239
3.073268
3.073357
3.073399
3.073434
3.073440
3.073478
3.073491
3.073513
3.073712
3.073713
3.073771
3.073792
3.073866
3.073907
3.073919
3.074002
3.074069
3.074103
3.074103
3.074118
3.074161
3.074171
3.074421
3.074422
3.074525
3.074715
3.074891
3.074892
3.075007
3.075023
3.075026
3.075065
3.075092
3.075177
3.075183
3.075204
3.075220
3.075304
3.075342
3.075482
3.075585
3.075597
3.075645
3.075746
3.076099
3.076286
3.076555
3.076592
3.076643
3.076707
3.076740
3.076831
3.076903
3.076935
3.076946
3.077091
3.077160
3.077275
3.077327
3.077600
3.077652
3.077668
3.077814
3.077848
3.077914
3.077930
3.078011
3.078032
3.078090
3.078105
3.078154
3.078201
3.078213
3.078339
3.078391
3.078405
3.078420
3.078562
3.078564
3.078595
3.078636
3.078744
3.078784
3.079022
3.079199
3.079227
3.079405
3.079552
3.079579
3.079672
3.079736
3.079774
3.079812
3.079937
3.079942
3.080155
3.080216
3.080290
3.080295
3.080563
3.080676
3.080699
3.080766
3.080858
3.080985
3.081097
3.081358
3.081476
3.081551
3.081567
3.081572
3.081574
3.081652
3.081734
3.081760
3.081783
3.081856
3.081876
3.081918
3.082238
3.082344
3.082347
3.082380
3.082406
3.082426
3.082439
3.082452
3.082454
3.082556
3.082589
3.082618
3.082630
3.082684
3.082905
3.082937
3.083041
3.083151
3.083208
3.083367
3.083387
3.083458
3.083503
3.083511
3.083689
3.083714
3.083732
3.083833
3.083853
3.083863
3.083866
3.083872
3.083887
3.083998
3.084068
3.084108
3.084165
3.084177
3.084242
3.084259
3.084322
3.084406
3.084610
3.084620
3.084750
3.084773
3.084808
3.084872
3.084912
3.084928
3.084979
3.085012
3.085032
3.085098
3.085192
3.085261
3.085360
3.085430
3.085489
3.085531
3.085617
3.085789
3.085920
3.086215
3.086379
3.086775
3.086897
3.086901
3.086979
3.087002
3.087003
3.087037
3.087140
3.087195
3.087296
3.087343
3.087428
3.087436
3.087552
3.087564
3.087573
3.087590
3.087604
3.087924
3.088016
3.088044
3.088172
3.088264
3.088376
3.088518
3.088679
3.088867
3.088926
3.089091
3.089227
3.089406
3.089442
3.089633
3.089664
3.089726
3.089750
3.089837
3.089856
3.089942
3.089942
3.090018
3.090209
3.090284
3.090313
3.090475
3.090504
3.090513
3.090596
3.090651
3.090772
3.090820
3.090825
3.090882
3.090909
3.090961
3.091091
3.091198
3.091546
3.091779
3.091984
3.092042
3.092049
3.092066
3.092067
3.092147
3.092169
3.092179
3.092272
3.092284
3.092307
3.092344
3.092386
3.092394
3.092539
3.092611
3.092628
3.092630
3.092642
3.092649
3.092718
3.092724
3.092751
3.092757
3.092879
3.092909
3.092979
3.092994
3.093048
3.093124
3.093124
3.093184
3.093191
3.093421
3.093471
3.093522
3.093560
3.093611
3.093629
3.093660
3.093794
3.093840
3.093987
3.094071
3.094127
3.094200
3.094240
3.094250
3.094424
3.094427
3.094478
3.094539
3.094587
3.094756
3.094772
3.094880
3.094896
3.094938
3.094994
3.095079
3.095171
3.095200
3.095236
3.095320
3.095352
3.095493
3.095558
3.095780
3.095820
3.095908
3.095953
3.095964
3.095985
3.096108
3.096248
3.096264
3.096308
3.096361
3.096497
3.096517
3.096534
3.096566
3.096605
3.096781
3.097043
3.097079
3.097145
3.097454
3.097480
3.097588
3.097604
3.097666
3.097679
3.097725
3.097785
3.097856
3.097883
3.097953
3.097994
3.098010
3.098089
3.098268
3.098380
3.098432
3.098433
3.098444
3.098459
3.098539
3.098627
3.098649
3.098700
3.098725
3.098821
3.098956
3.098993
3.099155
3.099160
3.099171
3.099441
3.099680
3.099731
3.099748
3.099803
3.099888
3.099971
3.100018
3.100283
3.100323
3.100411
3.100418
3.100428
3.100435
3.100724
3.100817
3.100851
3.100869
3.100913
3.100944
3.101149
3.101334
3.101705
3.101760
3.101772
3.101833
3.101834
3.101893
3.102032
3.102067
3.102119
3.102131
3.102247
3.102334
3.102479
3.102506
3.102526
3.102591
3.102854
3.102871
3.102908
3.103013
3.103019
3.103104
3.103139
3.103227
3.103272
3.103341
3.103431
3.103474
3.103493
3.103628
3.103735
3.103764
3.103822
3.103844
3.103894
3.103946
3.104033
3.104115
3.104422
3.104555
3.104614
3.104686
3.104867
3.104942
3.104945
3.105075
3.105083
3.105398
3.105422
3.105428
3.105624
3.105632
3.105711
3.105839
3.105980
3.106152
3.106305
3.106406
3.106427
3.106469
3.106563
3.106598
3.106611
3.106688
3.106805
3.106870
3.106994
3.107047
3.107066
3.107078
3.107170
3.107200
3.107232
3.107301
3.107372
3.107394
3.107533
3.107645
3.107709
3.107837
3.107940
3.108020
3.108073
3.108103
3.108228
3.108234
3.108261
3.108392
3.108500
3.108573
3.108606
3.108835
3.108901
3.109045
3.109058
3.109112
3.109125
3.109136
3.109429
3.109460
3.109567
3.109684
3.109715
3.109776
3.109788
3.109908
3.109966
3.110054
3.110282
3.110515
3.110963
3.111008
3.111059
3.111154
3.111206
3.111371
3.111551
3.111618
3.111629
3.111633
3.111739
3.111959
3.112000
3.112001
3.112128
3.112370
3.112373
3.112414
3.112478
3.112606
3.112624
3.112787
3.112891
3.113042
3.113221
3.113299
3.113304
3.113367
3.113497
3.113558
3.113862
3.113935
3.113961
3.113976
3.114022
3.114033
3.114087
3.114342
3.114378
3.114380
3.114563
3.114715
3.114769
3.114826
3.115213
3.115258
3.115277
3.115335
3.115337
3.115350
3.115351
3.115513
3.115592
3.115917
3.116148
3.116282
3.116303
3.116355
3.116413
3.116457
3.116470
3.116536
3.116618
3.116663
3.116666
3.116678
3.116746
3.116871
3.116904
3.116914
3.116965
3.117076
3.117136
3.117146
3.117152
3.117264
3.117325
3.117417
3.117722
3.117779
3.117893
3.117899
3.118057
3.118080
3.118204
3.118495
3.118517
3.118634
3.118845
3.118854
3.118923
3.118933
3.118934
3.119059
3.119179
3.119351
3.119390
3.119462
3.119486
3.119495
3.119505
3.119506
3.119602
3.119687
3.119770
3.119770
3.119772
3.119831
3.119887
3.119920
3.119943
3.119985
3.120112
3.120171
3.120190
3.120266
3.120306
3.120398
3.120542
3.120572
3.120653
3.120656
3.120680
3.120762
3.120881
3.121030
3.121136
3.121285
3.121289
3.121326
3.121368
3.121554
3.121570
3.121731
3.121735
3.121855
3.121862
3.121865
3.121984
3.122048
3.122130
3.122368
3.122509
3.122548
3.122693
3.122934
3.122955
3.123007
3.123021
3.123185
3.123254
3.123259
3.123310
3.123323
3.123323
3.123356
3.123435
3.123578
3.123629
3.123698
3.123741
3.123902
3.123934
3.124152
3.124160
3.124401
3.124420
3.124593
3.124647
3.124651
3.124678
3.124761
3.124875
3.125117
3.125120
3.125124
3.125261
3.125262
3.125314
3.125319
3.125487
3.125648
3.125661
3.125721
3.125749
3.125855
3.125917
3.125956
3.125992
3.126144
3.126278
3.126296
3.126326
3.126361
3.126410
3.126438
3.126671
3.126674
3.126716
3.127011
3.127100
3.127202
3.127260
3.127353
3.127357
3.127360
3.127507
3.127521
3.127539
3.127625
3.127722
3.127918
3.127975
3.127978
3.127982
3.128307
3.128422
3.128528
3.128579
3.128666
3.128768
3.128783
3.128831
3.129089
3.129297
3.129317
3.129318
3.129538
3.129586
3.129667
3.129673
3.129858
3.129915
3.129977
3.129979
3.129990
3.130179
3.130282
3.130289
3.130369
3.130512
3.130540
3.130565
3.130597
3.130644
3.130796
3.130962
3.130981
3.131047
3.131211
3.131397
3.131400
3.131423
3.131428
3.131453
3.131519
3.131780
3.131862
3.131885
3.131886
3.131897
3.132299
3.132384
3.132411
3.132435
3.132448
3.132479
3.132583
3.132606
3.132613
3.132666
3.132834
3.133098
3.133308
3.133368
3.133473
3.133555
3.133668
3.133771
3.133852
3.134180
3.134277
3.134291
3.134418
3.134616
3.134681
3.134914
3.134928
3.134934
3.134988
3.135026
3.135036
3.135128
3.135244
3.135245
3.135371
3.135375
3.135442
3.135445
3.135603
3.135688
3.135709
3.135723
3.135852
3.135862
3.135864
3.136033
3.136074
3.136087
3.136143
3.136176
3.136336
3.136386
3.136432
3.136437
3.136660
3.136661
3.136697
3.136754
3.136764
3.136844
3.136973
3.137000
3.137122
3.137128
3.137407
3.137491
3.137496
3.137547
3.137570
3.137618
3.137623
3.137720
3.137750
3.137799
3.137882
3.137884
3.138130
3.138210
3.138287
3.138312
3.138459
3.138607
3.138740
3.138779
3.138781
3.138841
3.138855
3.138861
3.138957
3.138960
3.139110
3.139114
3.139185
3.139364
3.139472
3.139519
3.139756
3.139829
3.139877
3.139881
3.139997
3.140226
3.140303
3.140436
3.140699
3.140798
3.140869
3.140881
3.140887
3.140987
3.141125
3.141127
3.141173
3.141319
3.141431
3.141472
3.141567
3.141627
3.141711
3.141729
3.141759
3.141929
3.141996
3.142088
3.142097
3.142199
3.142470
3.142598
3.142654
3.142696
3.142704
3.142732
3.142734
3.142769
3.142994
3.143046
3.143088
3.143295
3.143319
3.143340
3.143426
3.143535
3.143588
3.143684
3.143711
3.143736
3.143746
3.143753
3.143858
3.143907
3.143981
3.143992
3.144041
3.144268
3.144353
3.144386
3.144431
3.144516
3.144626
3.144637
3.144789
3.144795
3.144845
3.144857
3.144924
3.145219
3.145304
3.145532
3.145557
3.145582
3.145641
3.145654
3.145656
3.145700
3.146049
3.146183
3.146243
3.146318
3.146333
3.146456
3.146467
3.146479
3.146567
3.146763
3.146925
3.146951
3.147131
3.147236
3.147348
3.147382
3.147494
3.147556
3.147626
3.147627
3.147668
3.147686
3.147753
3.147795
3.147811
3.147919
3.148005
3.148014
3.148029
3.148354
3.148510
3.148515
3.148614
3.148790
3.148885
3.148919
3.148919
3.148955
3.149168
3.149187
3.149247
3.149397
3.149402
3.149411
3.149516
3.149618
3.149653
3.149720
3.149722
3.149743
3.149810
3.149870
3.149888
3.150056
3.150059
3.150165
3.150338
3.150575
3.150656
3.150703
3.150741
3.150999
3.151058
3.151058
3.151063
3.151097
3.151145
3.151157
3.151168
3.151282
3.151365
3.151380
3.151445
3.151460
3.151481
3.151585
3.151603
3.151700
3.151717
3.151897
3.151912
3.151947
3.151965
3.152139
3.152208
3.152256
3.152295
3.152306
3.152334
3.152399
3.152520
3.152523
3.152590
3.152606
3.152723
3.152908
3.152928
3.153059
3.153121
3.153274
3.153364
3.153480
3.153597
3.153666
3.153673
3.153723
3.153724
3.153785
3.153939
3.153948
3.154143
3.154542
3.154565
3.154778
3.154797
3.154983
3.155061
3.155070
3.155083
3.155115
3.155123
3.155134
3.155179
3.155407
3.155631
3.155794
3.155816
3.155838
3.155915
3.155944
3.156163
3.156171
3.156503
3.156722
3.156737
3.156803
3.156899
3.156915
3.157099
3.157146
3.157289
3.157446
3.157458
3.157486
3.157504
3.157631
3.157760
3.157769
3.157868
3.157898
3.157916
3.158074
3.158205
3.158508
3.158548
3.158554
3.158613
3.158728
3.158831
3.158839
3.158860
3.158867
3.158889
3.158979
3.159032
3.159102
3.159171
3.159273
3.159366
3.159414
3.159442
3.159475
3.159495
3.159536
3.159577
3.159584
3.159650
3.159868
3.159883
3.159886
3.160030
3.160151
3.160154
3.160167
3.160317
3.160363
3.160443
3.160531
3.160598
3.160664
3.160743
3.160851
3.160863
3.160888
3.160894
3.161136
3.161214
3.161232
3.161376
3.161383
3.161388
3.161582
3.161609
3.161681
3.161733
3.161875
3.161930
3.162153
3.162269
3.162364
3.162406
3.162490
3.162605
3.162762
3.162805
3.162809
3.163175
3.163218
3.163247
3.163296
3.163322
3.163344
3.163535
3.163558
3.163666
3.163729
3.163733
3.163748
3.163764
3.163771
3.164019
3.164121
3.164187
3.164203
3.164238
3.164276
3.164345
3.164378
3.164402
3.164441
3.164510
3.164528
3.164587
3.164624
3.164641
3.164717
3.164822
3.164826
3.165330
3.165343
3.165345
3.165372
3.165385
3.165447
3.165476
3.165515
3.165516
3.165552
3.165604
3.165632
3.165646
3.165715
3.165767
3.165826
3.165878
3.166007
3.166055
3.166085
3.166128
3.166304
3.166390
3.166432
3.166457
3.166606
3.166613
3.166681
3.166718
3.166878
3.166989
3.167018
3.167072
3.167090
3.167094
3.167391
3.167451
3.167634
3.167675
3.167714
3.167880
3.167894
3.167954
3.167957
3.168258
3.168553
3.168594
3.168602
3.168657
3.168674
3.168728
3.168821
3.168876
3.168989
3.169091
3.169103
3.169107
3.169141
3.169168
3.169172
3.169173
3.169240
3.169265
3.169274
3.169302
3.169334
3.169346
3.169392
3.169432
3.169508
3.169544
3.169546
3.169591
3.169599
3.169726
3.169811
3.169870
3.169936
3.169970
3.170245
3.170347
3.170420
3.170616
3.170678
3.170735
3.170787
3.170899
3.170934
3.171038
3.171111
3.171185
3.171329
3.171678
3.171688
3.171719
3.171738
3.171812
3.171880
3.171882
3.171886
3.171892
3.171947
3.171985
3.172088
3.172169
3.172325
3.172347
3.172411
3.172491
3.172688
3.172761
3.172790
3.172901
3.173169
3.173277
3.173280
3.173323
3.173353
3.173446
3.173700
3.173745
3.173755
3.173764
3.173798
3.173805
3.173844
3.173846
3.173916
3.173939
3.174066
3.174160
3.174275
3.174329
3.174459
3.174508
3.174520
3.174538
3.174766
3.175039
3.175137
3.175215
3.175225
3.175246
3.175286
3.175479
3.175559
3.175576
3.175634
3.175651
3.175653
3.175774
3.175879
3.175947
3.176152
3.176391
3.176460
3.176570
3.176684
3.176867
3.176912
3.176946
3.177032
3.177086
3.177089
3.177206
3.177229
3.177291
3.177305
3.177337
3.177372
3.177463
3.177522
3.177703
3.177768
3.177906
3.177944
3.177987
3.177999
3.178041
3.178116
3.178119
3.178185
3.178237
3.178424
3.178477
3.178506
3.178532
3.178569
3.178629
3.178687
3.178801
3.178890
3.178898
3.178902
3.178907
3.178961
3.179011
3.179223
3.179287
3.179305
3.179317
3.179326
3.179370
3.179393
3.179408
3.179432
3.179479
3.179506
3.179585
3.179773
3.179785
3.179853
3.179862
3.179924
3.180035
3.180073
3.180104
3.180106
3.180111
3.180128
3.180251
3.180370
3.180370
3.180379
3.180491
3.180496
3.180593
3.180615
3.180796
3.180930
3.181238
3.181325
3.181360
3.181499
3.181582
3.181742
3.181915
3.181924
3.181973
3.182133
3.182166
3.182189
3.182379
3.182452
3.182521
3.182547
3.182603
3.182604
3.182606
3.182672
3.182862
3.183091
3.183288
3.183358
3.183617
3.183660
3.183730
3.183741
3.183785
3.183828
3.183959
3.183970
3.184042
3.184044
3.184077
3.184295
3.184380
3.184432
3.184475
3.184517
3.184553
3.184788
3.184895
3.185126
3.185538
3.185763
3.185837
3.185847
3.186138
3.186180
3.186228
3.186258
3.186263
3.186280
3.186410
3.186426
3.186662
3.186712
3.186724
3.186785
3.186829
3.186832
3.186991
3.186996
3.187137
3.187157
3.187193
3.187236
3.187300
3.187361
3.187384
3.187386
3.187406
3.187573
3.187637
3.187707
3.187868
3.187982
3.187993
3.188154
3.188162
3.188263
3.188330
3.188363
3.188384
3.188386
3.188523
3.188603
3.188607
3.188639
3.188708
3.188747
3.188751
3.188763
3.188930
3.188935
3.188956
3.188975
3.188997
3.189030
3.189124
3.189176
3.189234
3.189244
3.189305
3.189397
3.189438
3.189569
3.189588
3.189648
3.189655
3.189686
3.189712
3.189756
3.189799
3.189834
3.189834
3.189873
3.189925
3.190125
3.190217
3.190226
3.190346
3.190455
3.190512
3.190527
3.190572
3.190763
3.190922
3.190965
3.190999
3.191036
3.191107
3.191186
3.191350
3.191475
3.191503
3.191582
3.191633
3.191706
3.191802
3.191947
3.191952
3.192068
3.192106
3.192200
3.192276
3.192321
3.192477
3.192480
3.192576
3.192598
3.192718
3.192836
3.192838
3.192965
3.193034
3.193067
3.193140
3.193160
3.193175
3.193179
3.193200
3.193239
3.193255
3.193273
3.193737
3.193903
3.193913
3.193949
3.193986
3.193992
3.194178
3.194179
3.194190
3.194231
3.194285
3.194357
3.194362
3.194403
3.194629
3.194717
3.194849
3.194850
3.195297
3.195331
3.195538
3.195720
3.195895
3.196000
3.196316
3.196343
3.196393
3.196719
3.196722
3.196748
3.196820
3.196894
3.196909
3.196937
3.197031
3.197100
3.197130
3.197155
3.197221
3.197264
3.197430
3.197494
3.197558
3.197595
3.197707
3.197738
3.197793
3.198026
3.198060
3.198076
3.198212
3.198216
3.198327
3.198393
3.198397
3.198626
3.198737
3.198775
3.198831
3.198851
3.198979
3.199097
3.199131
3.199152
3.199303
3.199455
3.199478
3.199512
3.199663
3.199937
3.199952
3.199957
3.200016
3.200059
3.200073
3.200142
3.200179
3.200453
3.200517
3.200575
3.200608
3.200615
3.200722
3.200724
3.200911
3.200955
3.201025
3.201153
3.201322
3.201460
3.201484
3.201519
3.201666
3.201677
3.201689
3.201710
3.201756
3.201812
3.202232
3.202372
3.202449
3.202452
3.202516
3.202563
3.202596
3.202713
3.202881
3.202883
3.202971
3.202984
3.203023
3.203137
3.203212
3.203413
3.203497
3.203498
3.203693
3.203846
3.203869
3.203911
3.203960
3.203978
3.204012
3.204373
3.204562
3.204626
3.204722
3.204758
3.205543
3.205604
3.205642
3.205791
3.205797
3.205819
3.205824
3.205834
3.205836
3.205856
3.205888
3.205941
3.206005
3.206009
3.206204
3.206340
3.206348
3.206429
3.206455
3.206501
3.206583
3.206654
3.206659
3.206676
3.206676
3.206754
3.206899
3.207038
3.207224
3.207235
3.207315
3.207387
3.207389
3.207523
3.207551
3.207585
3.207591
3.207768
3.207787
3.207880
3.207891
3.207891
3.207895
3.207980
3.208058
3.208062
3.208287
3.208374
3.208584
3.208654
3.208657
3.208691
3.208877
3.208922
3.209039
3.209272
3.209409
3.209467
3.209534
3.209587
3.209618
3.209831
3.209875
3.209891
3.209911
3.210117
3.210284
3.210313
3.210370
3.210425
3.210614
3.210709
3.210814
3.210870
3.210892
3.210946
3.210960
3.211000
3.211022
3.211112
3.211146
3.211197
3.211325
3.211425
3.211460
3.211592
3.211612
3.211702
3.211726
3.211730
3.211772
3.211992
3.212011
3.212049
3.212069
3.212082
3.212164
3.212165
3.212350
3.212498
3.212543
3.212618
3.212624
3.212637
3.212666
3.212681
3.212721
3.212780
3.212915
3.212977
3.212998
3.213121
3.213121
3.213322
3.213473
3.213503
3.213714
3.213792
3.213889
3.214093
3.214214
3.214331
3.214469
3.214489
3.214682
3.214762
3.214916
3.215035
3.215098
3.215125
3.215163
3.215197
3.215251
3.215274
3.215312
3.215346
3.215379
3.215388
3.215394
3.215463
3.215646
3.215727
3.215737
3.215742
3.215772
3.215809
3.215822
3.215950
3.215981
3.215996
3.216053
3.216112
3.216208
3.216447
3.216568
3.216619
3.216631
3.216699
3.216747
3.216825
3.216827
3.216929
3.217017
3.217170
3.217358
3.217403
3.217465
3.217503
3.217519
3.217566
3.217607
3.217715
3.217735
3.217749
3.217820
3.217836
3.217993
3.218025
3.218074
3.218116
3.218260
3.218304
3.218305
3.218416
3.218456
3.218462
3.218580
3.218673
3.218886
3.218908
3.218909
3.219092
3.219161
3.219244
3.219268
3.219332
3.219476
3.219537
3.219581
3.219718
3.219746
3.219768
3.219791
3.219794
3.219899
3.220019
3.220050
3.220053
3.220209
3.220255
3.220291
3.220365
3.220481
3.220557
3.220577
3.220609
3.220665
3.220721
3.220741
3.220916
3.221028
3.221065
3.221081
3.221189
3.221254
3.221392
3.221461
3.221477
3.221646
3.221689
3.221722
3.221737
3.221789
3.221834
3.221911
3.221931
3.221947
3.221967
3.221972
3.222154
3.222158
3.222543
3.222689
3.222756
3.222818
3.222893
3.222929
3.222983
3.223011
3.223026
3.223075
3.223159
3.223320
3.223339
3.223339
3.223425
3.223469
3.223636
3.223687
3.223745
3.223960
3.223992
3.224253
3.224305
3.224349
3.224466
3.224513
3.224524
3.224551
3.224619
3.224736
3.224859
3.224878
3.225008
3.225015
3.225038
3.225185
3.225196
3.225256
3.225340
3.225534
3.225566
3.225604
3.225611
3.225625
3.225649
3.225659
3.225686
3.225712
3.225818
3.225846
3.225903
3.225905
3.226107
3.226174
3.226373
3.226400
3.226574
3.226586
3.226686
3.226750
3.226977
3.227010
3.227081
3.227092
3.227093
3.227103
3.227193
3.227229
3.227246
3.227258
3.227267
3.227321
3.227427
3.227503
3.227525
3.227529
3.227591
3.227779
3.227784
3.227934
3.227970
3.228007
3.228036
3.228046
3.228092
3.228206
3.228403
3.228425
3.228438
3.228448
3.228469
3.228559
3.228562
3.228615
3.228679
3.228686
3.228760
3.228778
3.228909
3.228955
3.228966
3.229131
3.229244
3.229279
3.229382
3.229398
3.229406
3.229441
3.229446
3.229460
3.229490
3.229830
3.229924
3.229938
3.230004
3.230070
3.230148
3.230165
3.230293
3.230371
3.230409
3.230464
3.230466
3.230528
3.230555
3.230576
3.230592
3.230650
3.230725
3.230757
3.230805
3.230839
3.230914
3.230929
3.230975
3.230976
3.231049
3.231063
3.231085
3.231094
3.231194
3.231200
3.231234
3.231278
3.231513
3.231555
3.231555
3.231665
3.231674
3.231722
3.231774
3.231925
3.232077
3.232180
3.232197
3.232304
3.232344
3.232478
3.232502
3.232503
3.232653
3.232661
3.232698
3.232703
3.232705
3.232928
3.232982
3.233003
3.233095
3.233342
3.233417
3.233464
3.233479
3.233481
3.233518
3.233618
3.233990
3.234138
3.234150
3.234287
3.234402
3.234498
3.234601
3.234621
3.234798
3.234835
3.234878
3.234998
3.235113
3.235152
3.235175
3.235233
3.235287
3.235326
3.235354
3.235432
3.235470
3.235594
3.235767
3.235829
3.235909
3.235958
3.236076
3.236104
3.236151
3.236190
3.236282
3.236291
3.236325
3.236444
3.236592
3.236606
3.236619
3.236647
3.236763
3.236779
3.236786
3.236877
3.236882
3.237127
3.237131
3.237207
3.237286
3.237351
3.237374
3.237380
3.237409
3.237418
3.237665
3.237754
3.237756
3.237839
3.237899
3.237930
3.237980
3.238139
3.238197
3.238198
3.238265
3.238295
3.238313
3.238316
3.238369
3.238428
3.238520
3.238534
3.238577
3.238660
3.238695
3.238969
3.238982
3.239033
3.239044
3.239103
3.239109
3.239215
3.239252
3.239275
3.239502
3.239509
3.239515
3.239519
3.239551
3.239559
3.239565
3.239593
3.239629
3.239629
3.239643
3.239734
3.239849
3.239921
3.239943
3.239974
3.240010
3.240013
3.240078
3.240140
3.240147
3.240187
3.240297
3.240450
3.240493
3.240612
3.240640
3.240699
3.240833
3.240928
3.240957
3.241020
3.241035
3.241056
3.241163
3.241354
3.241476
3.241729
3.241789
3.241827
3.242142
3.242170
3.242230
3.242289
3.242300
3.242337
3.242359
3.242424
3.242449
3.242565
3.242573
3.242752
3.242897
3.242904
3.243067
3.243072
3.243083
3.243100
3.243121
3.243141
3.243143
3.243160
3.243423
3.243635
3.243671
3.243703
3.243723
3.243827
3.243906
3.243937
3.243937
3.243953
3.244024
3.244058
3.244067
3.244278
3.244340
3.244453
3.244498
3.244644
3.244824
3.244977
3.245097
3.245130
3.245174
3.245272
3.245420
3.245449
3.245451
3.245556
3.245584
3.245648
3.245679
3.245712
3.245762
3.245817
3.245953
3.246003
3.246053
3.246091
3.246199
3.246234
3.246368
3.246426
3.246469
3.246515
3.246673
3.246842
3.246992
3.247061
3.247140
3.247179
3.247250
3.247338
3.247360
3.247405
3.247449
3.247499
3.247618
3.247672
3.247730
3.247836
3.247848
3.247879
3.247914
3.247950
3.248149
3.248181
3.248240
3.248254
3.248348
3.248457
3.248464
3.248496
3.248512
3.248768
3.248859
3.248910
3.248930
3.248963
3.248981
3.249029
3.249059
3.249079
3.249147
3.249207
3.249310
3.249324
3.249354
3.249362
3.249411
3.249457
3.249481
3.249525
3.249554
3.249576
3.249603
3.249635
3.249723
3.249777
3.249790
3.249794
3.249839
3.249904
3.249972
3.250255
3.250265
3.250489
3.250598
3.250654
3.250719
3.250768
3.250798
3.250800
3.250822
3.250896
3.250934
3.250953
3.250957
3.251237
3.251492
3.251561
3.251567
3.251601
3.252194
3.252220
3.252276
3.252303
3.252304
3.252432
3.252696
3.252803
3.252928
3.253128
3.253152
3.253345
3.253474
3.253478
3.253547
3.253659
3.253684
3.253684
3.253830
3.253875
3.253897
3.254071
3.254230
3.254543
3.254557
3.254726
3.254747
3.254869
3.255027
3.255091
3.255121
3.255131
3.255157
3.255200
3.255294
3.255346
3.255466
3.255617
3.255687
3.255720
3.255759
3.255772
3.255792
3.255793
3.255849
3.255875
3.255887
3.255912
3.255943
3.255948
3.255969
3.256226
3.256228
3.256287
3.256421
3.256454
3.256665
3.256746
3.256834
3.256851
3.256864
3.256931
3.256940
3.256971
3.256985
3.256993
3.257021
3.257106
3.257262
3.257264
3.257336
3.257354
3.257492
3.257523
3.257557
3.257601
3.257689
3.257705
3.257760
3.257781
3.258026
3.258050
3.258343
3.258366
3.258376
3.258472
3.258490
3.258530
3.258614
3.258670
3.258732
3.258739
3.258745
3.258826
3.258875
3.258877
3.259087
3.259145
3.259377
3.259377
3.259387
3.259408
3.259463
3.259485
3.259541
3.259557
3.259590
3.259608
3.259640
3.259657
3.259693
3.259698
3.259699
3.259734
3.259782
3.259860
3.259915
3.259937
3.259962
3.260006
3.260152
3.260316
3.260346
3.260378
3.260497
3.260551
3.260553
3.260565
3.260618
3.260671
3.260742
3.260913
3.260968
3.260977
3.261011
3.261152
3.261160
3.261189
3.261342
3.261417
3.261479
3.261523
3.261548
3.261599
3.261700
3.261716
3.261790
3.261830
3.261843
3.261948
3.262086
3.262124
3.262129
3.262190
3.262230
3.262349
3.262368
3.262482
3.262654
3.262747
3.262817
3.263032
3.263134
3.263454
3.263458
3.263505
3.263505
3.263618
3.263622
3.263689
3.263762
3.263841
3.264058
3.264069
3.264102
3.264112
3.264264
3.264302
3.264358
3.264398
3.264450
3.264451
3.264571
3.264582
3.264602
3.264711
3.264740
3.264800
3.264941
3.264995
3.265104
3.265294
3.265448
3.265480
3.265544
3.265547
3.265585
3.265707
3.265931
3.265983
3.266026
3.266158
3.266253
3.266280
3.266330
3.266538
3.266620
3.266684
3.266820
3.266844
3.266938
3.266944
3.267011
3.267111
3.267111
3.267130
3.267156
3.267188
3.267231
3.267305
3.267317
3.267365
3.267442
3.267603
3.267683
3.267784
3.267804
3.267850
3.267901
3.268129
3.268185
3.268206
3.268213
3.268275
3.268307
3.268310
3.268405
3.268480
3.268607
3.268686
3.268818
3.268832
3.269043
3.269295
3.269316
3.269398
3.269499
3.269554
3.269759
3.269781
3.269824
3.269981
3.270005
3.270146
3.270188
3.270228
3.270307
3.270391
3.270417
3.270418
3.270471
3.270537
3.270577
3.270578
3.270614
3.270628
3.270669
3.270690
3.270699
3.270740
3.270878
3.270889
3.270925
3.270989
3.271049
3.271062
3.271123
3.271150
3.271172
3.271183
3.271288
3.271312
3.271452
3.271509
3.271658
3.271740
3.271743
3.271801
3.271821
3.271845
3.271899
3.271960
3.272002
3.272014
3.272032
3.272092
3.272126
3.272146
3.272291
3.272319
3.272334
3.272406
3.272426
3.272426
3.272546
3.272615
3.272627
3.272897
3.272916
3.272955
3.273015
3.273034
3.273112
3.273318
3.273423
3.273515
3.273636
3.273707
3.273726
3.273755
3.273770
3.273875
3.273982
3.274009
3.274014
3.274045
3.274078
3.274137
3.274138
3.274434
3.274487
3.274563
3.274595
3.274714
3.274809
3.274831
3.274927
3.275078
3.275113
3.275272
3.275280
3.275342
3.275502
3.275513
3.275538
3.275618
3.275622
3.275737
3.275740
3.275863
3.276029
3.276094
3.276120
3.276196
3.276252
3.276646
3.276698
3.276717
3.276812
3.276955
3.277159
3.277193
3.277211
3.277290
3.277345
3.277414
3.277487
3.277816
3.277922
3.278048
3.278084
3.278218
3.278400
3.278402
3.278599
3.278692
3.278717
3.278733
3.278740
3.278748
3.278759
3.278803
3.278846
3.278962
3.278962
3.279053
3.279082
3.279175
3.279294
3.279382
3.279389
3.279439
3.279440
3.279536
3.279559
3.279662
3.279672
3.279722
3.279728
3.279769
3.279827
3.279849
3.279888
3.279904
3.279923
3.280065
3.280073
3.280135
3.280229
3.280230
3.280243
3.280284
3.280292
3.280309
3.280364
3.280423
3.280433
3.280495
3.280722
3.280823
3.281104
3.281112
3.281115
3.281154
3.281165
3.281304
3.281347
3.281450
3.281467
3.281473
3.281580
3.281583
3.281683
3.281720
3.281855
3.281855
3.281878
3.281887
3.281994
3.282019
3.282025
3.282063
3.282090
3.282232
3.282280
3.282415
3.282515
3.282614
3.282679
3.282692
3.282794
3.282899
3.282908
3.282961
3.282982
3.283107
3.283148
3.283156
3.283355
3.283437
3.283451
3.283597
3.283660
3.283672
3.283719
3.283744
3.284148
3.284164
3.284171
3.284224
3.284283
3.284336
3.284425
3.284475
3.284520
3.284532
3.284576
3.284610
3.284724
3.284763
3.284827
3.284830
3.284922
3.284993
3.285005
3.285054
3.285093
3.285171
3.285280
3.285311
3.285491
3.285527
3.285540
3.285712
3.285730
3.285779
3.285898
3.285982
3.285984
3.285995
3.286023
3.286064
3.286073
3.286145
3.286233
3.286252
3.286259
3.286260
3.286316
3.286332
3.286350
3.286397
3.286531
3.286631
3.286802
3.286953
3.286960
3.287007
3.287126
3.287137
3.287194
3.287240
3.287356
3.287357
3.287386
3.287493
3.287562
3.287568
3.287616
3.287797
3.287856
3.287862
3.287894
3.288135
3.288226
3.288247
3.288251
3.288403
3.288418
3.288619
3.288902
3.289052
3.289055
3.289129
3.289240
3.289507
3.289548
3.289590
3.289614
3.289670
3.289721
3.289726
3.289728
3.289957
3.290069
3.290078
3.290089
3.290223
3.290599
3.290657
3.290767
3.290808
3.291256
3.291284
3.291306
3.291349
3.291363
3.291374
3.291379
3.291400
3.291468
3.291528
3.291650
3.291909
3.292002
3.292092
3.292122
3.292127
3.292589
3.292597
3.292782
3.292789
3.292836
3.292869
3.293166
3.293175
3.293227
3.293419
3.293624
3.293696
3.293881
3.293882
3.293937
3.294513
3.294528
3.294544
3.294552
3.294756
3.294847
3.294883
3.294913
3.294944
3.295058
3.295457
3.295469
3.295555
3.295599
3.295601
3.295681
3.295693
3.295753
3.295801
3.295830
3.295959
3.296215
3.296387
3.296399
3.296575
3.296603
3.296615
3.296623
3.296647
3.296698
3.296702
3.296746
3.296779
3.297002
3.297104
3.297278
3.297292
3.297314
3.297334
3.297604
3.297734
3.298035
3.298077
3.298248
3.298274
3.298279
3.298456
3.298524
3.298556
3.298596
3.298668
3.298738
3.299028
3.299031
3.299078
3.299246
3.299292
3.299308
3.299359
3.299371
3.299375
3.299529
3.299783
3.299933
3.299961
3.299976
3.300087
3.300140
3.300159
3.300169
3.300169
3.300415
3.300451
3.300632
3.300784
3.300895
3.300960
3.301204
3.301349
3.301513
3.301883
3.302003
3.302021
3.302156
3.302273
3.302288
3.302372
3.302509
3.302668
3.302764
3.302917
3.303022
3.303123
3.303164
3.303173
3.303356
3.303580
3.303676
3.303701
3.303832
3.303851
3.304617
3.304618
3.304722
3.304975
3.305020
3.305069
3.305175
3.305194
3.305219
3.305228
3.305251
3.305277
3.305345
3.305419
3.305431
3.305498
3.305541
3.305580
3.305610
3.305723
3.305768
3.306036
3.306069
3.306115
3.306171
3.306289
3.306396
3.306592
3.306614
3.306649
3.306679
3.306702
3.306734
3.306756
3.306834
3.306892
3.306974
3.306985
3.307047
3.307105
3.307138
3.307142
3.307217
3.307231
3.307306
3.307314
3.307317
3.307379
3.307381
3.307388
3.307412
3.307455
3.307466
3.307478
3.307531
3.307577
3.307612
3.307643
3.307670
3.307691
3.307693
3.307718
3.307731
3.307777
3.307782
3.307809
3.307812
3.307866
3.307874
3.307878
3.307927
3.307965
3.307965
3.307972
3.307976
3.307981
3.308017
3.308023
3.308029
3.308076
3.308077
3.308078
3.308078
3.308078
3.308078
3.308079
3.308079
3.308080
3.308080
3.308080
3.308080
3.308080
3.308080
3.308080
3.308080
3.308081
3.308081
3.308081
3.308081
3.308081
3.308081
3.308082
3.308082
3.308082
3.308082
3.308083
3.308083
