1.000000
1.023447
1.041213
1.085913
1.133775
1.171455
1.180736
1.195963
1.198192
1.214983
1.225138
1.225940
1.231370
1.251123
1.281645
1.295167
1.301688
1.333693
1.333973
1.346730
1.373958
1.387079
1.391150
1.391470
1.393946
1.407105
1.443910
1.467557
1.472691
1.475474
1.485366
1.486742
1.487696
1.491353
1.493062
1.499177
1.518278
1.521623
1.525648
1.536440
1.536518
1.555252
1.557660
1.560825
1.581640
1.585722
1.586954
1.596599
1.601557
1.601971
1.609963
1.611001
1.614078
1.621749
1.625327
1.632277
1.633297
1.635372
1.643114
1.644145
1.649394
1.651789
1.656172
1.656455
1.658225
1.658461
1.662370
1.663368
1.677895
1.678819
1.679214
1.683760
1.693902
1.697449
1.699265
1.700988
1.701466
1.702632
1.703783
1.704211
1.713292
1.715861
1.718606
1.719059
1.719151
1.721016
1.722606
1.723606
1.723898
1.724007
1.725764
1.729568
1.730819
1.732273
1.732913
1.736190
1.743414
1.744006
1.753315
1.759983
1.760921
1.764975
1.771357
1.777088
1.781276
1.784130
1.785999
1.794573
1.795773
1.796059
1.797187
1.797242
1.798933
1.800687
1.801667
1.803379
1.807072
1.807165
1.808219
1.808401
1.809500
1.810468
1.810937
1.814391
1.815996
1.817624
1.819771
1.823926
1.825656
1.826831
1.832620
1.834148
1.834726
1.835605
1.835723
1.838879
1.839211
1.840349
1.843086
1.846886
1.848842
1.849577
1.850055
1.851210
1.859565
1.863594
1.863631
1.864486
1.868133
1.869288
1.876461
1.876564
1.876675
1.882945
1.888547
1.889548
1.890284
1.897219
1.897499
1.898757
1.899725
1.900928
1.905120
1.906966
1.908562
1.909891
1.912190
1.913261
1.914182
1.920391
1.920791
1.925002
1.926165
1.927663
1.929504
1.930176
1.935558
1.937714
1.938659
1.939566
1.939730
1.940586
1.941002
1.941414
1.946321
1.947456
1.948112
1.949784
1.952241
1.953411
1.953524
1.953534
1.954238
1.955110
1.955873
1.956225
1.958960
1.959201
1.960562
1.962180
1.963558
1.965630
1.967831
1.970403
1.972159
1.973381
1.973980
1.973986
1.974006
1.974485
1.978819
1.981685
1.984625
1.987073
1.989899
1.990050
1.990075
1.991686
1.993612
1.994154
1.994710
1.999930
2.000159
2.001130
2.003282
2.003784
2.004349
2.007306
2.007314
2.010152
2.012888
2.013354
2.014733
2.015333
2.016311
2.018124
2.018687
2.020701
2.021482
2.022598
2.022721
2.022768
2.023685
2.026530
2.027941
2.029841
2.032330
2.034524
2.034662
2.036126
2.037699
2.037985
2.038000
2.039141
2.039778
2.039820
2.040001
2.040565
2.041857
2.042183
2.044267
2.044561
2.045214
2.046791
2.047095
2.047304
2.050101
2.050743
2.050972
2.052715
2.053499
2.053587
2.054232
2.056155
2.059879
2.063743
2.064030
2.064530
2.064971
2.072230
2.073684
2.074248
2.075609
2.075903
2.076530
2.076620
2.076745
2.078310
2.079682
2.079817
2.079956
2.079963
2.082512
2.083998
2.087904
2.088285
2.089258
2.089278
2.090439
2.092310
2.094474
2.094565
2.094783
2.095166
2.095597
2.096158
2.096298
2.096712
2.097156
2.097182
2.100102
2.100331
2.100748
2.100770
2.101130
2.101413
2.103353
2.104321
2.104369
2.105515
2.107326
2.107384
2.107826
2.108014
2.108521
2.108742
2.111023
2.111465
2.115294
2.115772
2.116760
2.116862
2.117265
2.117972
2.118829
2.119593
2.119621
2.119629
2.119801
2.120181
2.121905
2.123562
2.127490
2.127948
2.129855
2.130325
2.131165
2.131876
2.132362
2.132913
2.133148
2.133529
2.133900
2.134469
2.135027
2.136969
2.138187
2.138311
2.139181
2.139367
2.140189
2.141140
2.141740
2.142597
2.143414
2.144558
2.145695
2.146334
2.146600
2.147340
2.149643
2.150624
2.151351
2.154281
2.154559
2.155396
2.155922
2.156589
2.156641
2.157713
2.158705
2.158898
2.160393
2.162927
2.164715
2.165901
2.166357
2.167246
2.167862
2.169273
2.170113
2.170261
2.172849
2.173177
2.173760
2.175453
2.177541
2.177667
2.178255
2.178412
2.179795
2.180383
2.181701
2.181713
2.183204
2.184136
2.184235
2.186389
2.187323
2.187947
2.188469
2.189084
2.190572
2.190641
2.191531
2.192415
2.192756
2.193246
2.194267
2.194890
2.195178
2.195282
2.197450
2.197673
2.199599
2.199624
2.201803
2.202234
2.202508
2.202849
2.202909
2.202945
2.203396
2.204389
2.205061
2.205553
2.205984
2.206711
2.208771
2.209183
2.211747
2.212040
2.212172
2.214867
2.215213
2.215576
2.215802
2.217353
2.217441
2.217708
2.217747
2.218255
2.218638
2.218796
2.219077
2.220474
2.221709
2.222178
2.223020
2.226095
2.226526
2.226747
2.227187
2.227499
2.227607
2.228388
2.229647
2.230864
2.230993
2.231315
2.233152
2.235063
2.235125
2.235350
2.235392
2.238439
2.238590
2.239999
2.241486
2.242030
2.242440
2.242454
2.244084
2.244605
2.245728
2.246953
2.247025
2.247690
2.247956
2.248024
2.248199
2.248440
2.248714
2.249013
2.249163
2.250203
2.250722
2.252639
2.253082
2.253213
2.253356
2.253407
2.254969
2.255638
2.255678
2.256527
2.256547
2.256839
2.258031
2.258036
2.258465
2.259744
2.260099
2.261104
2.261575
2.262025
2.262968
2.264314
2.266291
2.266295
2.266824
2.266925
2.266973
2.267183
2.267654
2.267885
2.268058
2.269346
2.269514
2.270965
2.273611
2.274259
2.274370
2.274982
2.275612
2.276162
2.276651
2.276990
2.277245
2.277899
2.278038
2.278831
2.278884
2.279519
2.280050
2.280255
2.280321
2.280690
2.281976
2.282929
2.283090
2.283101
2.283249
2.284030
2.284348
2.287266
2.287502
2.289017
2.289332
2.291635
2.293392
2.294708
2.295599
2.298141
2.299290
2.299998
2.301859
2.301876
2.302639
2.303590
2.306082
2.307217
2.307385
2.307912
2.308049
2.308641
2.310541
2.310991
2.312415
2.312471
2.312756
2.313044
2.313306
2.314096
2.314948
2.316303
2.316361
2.316786
2.317411
2.320532
2.320814
2.320890
2.321314
2.322636
2.323430
2.323761
2.323973
2.324070
2.324845
2.325089
2.326215
2.328407
2.329216
2.330919
2.331112
2.331712
2.333225
2.333598
2.334447
2.334990
2.335088
2.335692
2.335799
2.336122
2.337146
2.337267
2.338187
2.338955
2.339205
2.340204
2.341009
2.342208
2.342679
2.342757
2.342824
2.343026
2.344548
2.345150
2.345356
2.346805
2.347124
2.348004
2.349513
2.349525
2.350450
2.350826
2.351062
2.351323
2.351580
2.354839
2.355249
2.355558
2.355700
2.356231
2.356623
2.357117
2.357938
2.358067
2.358095
2.358161
2.358602
2.359474
2.359653
2.359675
2.360110
2.361459
2.361867
2.362209
2.363696
2.364222
2.365588
2.366379
2.366685
2.368371
2.368496
2.369089
2.369099
2.370280
2.370291
2.370882
2.371264
2.371715
2.371799
2.373024
2.373386
2.373814
2.374807
2.375697
2.377372
2.377631
2.378237
2.379808
2.380026
2.380133
2.380895
2.382460
2.383170
2.383226
2.383576
2.385198
2.385671
2.386520
2.386802
2.386971
2.387987
2.388553
2.389586
2.389791
2.390388
2.391254
2.391341
2.393185
2.393531
2.393705
2.394890
2.395434
2.395435
2.395517
2.395928
2.396703
2.396987
2.397528
2.398163
2.398368
2.398384
2.399106
2.400058
2.400298
2.400788
2.402967
2.403169
2.403750
2.403916
2.403976
2.404716
2.405176
2.405858
2.406995
2.407572
2.408273
2.408857
2.409051
2.409345
2.410156
2.411662
2.414439
2.415251
2.415523
2.415663
2.417013
2.417326
2.417808
2.417923
2.418498
2.419126
2.419996
2.420697
2.420937
2.421430
2.421548
2.422771
2.423587
2.423799
2.424223
2.424617
2.424875
2.425107
2.425288
2.425962
2.427232
2.427703
2.427938
2.428430
2.428680
2.428726
2.430338
2.430417
2.432066
2.432084
2.432363
2.432503
2.432987
2.433002
2.433574
2.433651
2.433975
2.434639
2.434660
2.435216
2.435756
2.436667
2.437093
2.437474
2.437629
2.437649
2.437840
2.438422
2.438887
2.439847
2.440643
2.440889
2.441274
2.441336
2.441885
2.443176
2.443277
2.443827
2.443842
2.445383
2.446329
2.446883
2.448838
2.449492
2.450015
2.450497
2.451103
2.451582
2.451762
2.452689
2.453788
2.454897
2.455061
2.455170
2.455448
2.455800
2.456099
2.456973
2.458273
2.458682
2.459883
2.460371
2.460567
2.461657
2.462727
2.463226
2.463286
2.463287
2.464624
2.464642
2.464712
2.466361
2.466452
2.467627
2.468749
2.469021
2.469469
2.470015
2.470652
2.471220
2.473025
2.473072
2.474675
2.474803
2.475277
2.475490
2.476500
2.476559
2.478758
2.478821
2.480516
2.480757
2.481673
2.481758
2.481843
2.482642
2.485817
2.486094
2.487390
2.488131
2.488934
2.489087
2.490423
2.491041
2.492180
2.492939
2.493110
2.494385
2.495244
2.495470
2.496089
2.497498
2.498568
2.498958
2.500192
2.500377
2.500456
2.502045
2.502760
2.503069
2.503445
2.504556
2.504766
2.504906
2.505355
2.505866
2.506430
2.507269
2.507860
2.507949
2.509252
2.510525
2.511521
2.512418
2.512970
2.513019
2.513454
2.514231
2.514311
2.514358
2.514617
2.515022
2.515022
2.515023
