1.000000
1.369457
1.650890
1.656645
1.661017
1.681375
1.694981
1.723190
1.750917
1.753489
1.758709
1.776274
1.783889
1.800076
1.825825
1.833585
1.847067
1.849877
1.864660
1.867384
1.877351
1.878145
1.890738
1.901029
1.902898
1.911618
1.955673
1.961508
1.966759
1.971680
1.988015
1.988454
1.989782
1.994655
1.998682
2.004124
2.008265
2.019504
2.021960
2.022875
2.026223
2.028934
2.037105
2.048061
2.054202
2.055579
2.059030
2.059871
2.060168
2.063982
2.068393
2.071774
2.073409
2.074309
2.080802
2.081655
2.082903
2.088003
2.090091
2.100619
2.103098
2.103302
2.105703
2.113200
2.115933
2.117698
2.119656
2.121000
2.126033
2.128699
2.130623
2.130819
2.136721
2.141721
2.144690
2.151049
2.159850
2.161023
2.164198
2.166114
2.167664
2.168655
2.170869
2.172955
2.173108
2.175427
2.180040
2.181068
2.191137
2.200841
2.203922
2.206164
2.207912
2.211740
2.211923
2.212772
2.217918
2.218128
2.227046
2.228851
2.231302
2.232682
2.239058
2.240420
2.240936
2.243836
2.244180
2.244503
2.246351
2.246879
2.250134
2.254197
2.260113
2.262071
2.262657
2.263700
2.264955
2.265243
2.275747
2.279792
2.280202
2.284351
2.284535
2.285946
2.286116
2.290360
2.291496
2.295465
2.295730
2.297098
2.300842
2.301038
2.302511
2.304115
2.306141
2.306171
2.307024
2.307870
2.309494
2.312136
2.313580
2.313741
2.314986
2.315020
2.317882
2.319574
2.321805
2.322788
2.323860
2.328248
2.329176
2.329944
2.334488
2.334862
2.337139
2.337672
2.339118
2.339247
2.339911
2.340210
2.340315
2.343889
2.344067
2.344803
2.345093
2.345351
2.345884
2.347188
2.347418
2.348335
2.349329
2.349473
2.349725
2.349728
2.350305
2.351669
2.352055
2.352506
2.353581
2.353587
2.356268
2.356926
2.358644
2.358674
2.360638
2.360763
2.361808
2.362418
2.363572
2.371723
2.372426
2.375495
2.378448
2.380420
2.383204
2.385044
2.386743
2.388525
2.389222
2.389718
2.392365
2.393058
2.393787
2.393943
2.394032
2.396156
2.398231
2.400824
2.401593
2.402131
2.402565
2.402702
2.404361
2.404713
2.405457
2.406234
2.407905
2.409217
2.410132
2.410904
2.414450
2.417755
2.417756
2.419005
2.419814
2.420120
2.420597
2.422342
2.423985
2.424149
2.425422
2.425717
2.425769
2.425917
2.427569
2.427858
2.429351
2.429668
2.431911
2.432995
2.433038
2.433315
2.433928
2.434110
2.434703
2.435632
2.436030
2.436781
2.439961
2.440335
2.440523
2.442327
2.442355
2.446031
2.446221
2.446785
2.447486
2.447793
2.448211
2.448922
2.449558
2.449694
2.449807
2.450539
2.453111
2.453913
2.454327
2.456303
2.456789
2.457899
2.458055
2.460736
2.462291
2.463625
2.463927
2.464875
2.468124
2.468942
2.470068
2.471161
2.471514
2.472247
2.473449
2.473716
2.474087
2.475296
2.476489
2.476626
2.477111
2.477875
2.478981
2.479102
2.481204
2.481373
2.481374
2.483817
2.484388
2.486465
2.487878
2.491538
2.491930
2.494448
2.494735
2.495218
2.498410
2.499218
2.499357
2.499587
2.499804
2.499929
2.501881
2.502785
2.503659
2.503843
2.504883
2.505069
2.506251
2.507986
2.510434
2.510627
2.511273
2.511834
2.512350
2.512563
2.513781
2.514004
2.514412
2.516684
2.518435
2.519913
2.520355
2.521148
2.522000
2.522287
2.524436
2.525050
2.525875
2.527437
2.527859
2.527962
2.528277
2.529181
2.530302
2.530729
2.531418
2.531462
2.532856
2.533244
2.533507
2.534665
2.535235
2.535503
2.535640
2.535654
2.535757
2.536015
2.536278
2.538406
2.538456
2.538788
2.543052
2.543572
2.545056
2.546078
2.547165
2.547183
2.548341
2.548502
2.548571
2.548673
2.548940
2.548942
2.548945
2.549053
2.552799
2.552890
2.552961
2.553705
2.553913
2.554064
2.554173
2.554862
2.555710
2.556258
2.556886
2.557323
2.557481
2.559395
2.559621
2.559957
2.560887
2.561513
2.562634
2.563852
2.563997
2.564063
2.564681
2.564697
2.567407
2.568764
2.570436
2.570840
2.571087
2.573169
2.573505
2.573735
2.574028
2.574194
2.574629
2.574632
2.575176
2.575938
2.576519
2.576661
2.577113
2.578104
2.578906
2.580783
2.581259
2.581417
2.581633
2.582070
2.582539
2.582738
2.585366
2.585636
2.585922
2.586068
2.586219
2.586620
2.591246
2.591846
2.592777
2.593042
2.593050
2.593072
2.593266
2.594056
2.594154
2.595351
2.595433
2.596514
2.597265
2.597267
2.597394
2.597691
2.598144
2.599470
2.599657
2.599709
2.600776
2.600979
2.601278
2.601782
2.602031
2.602032
2.602184
2.605887
2.606529
2.606630
2.606985
2.607084
2.607109
2.607320
2.607402
2.607987
2.608481
2.608648
2.608715
2.610356
2.610906
2.611625
2.611663
2.611964
2.612122
2.613867
2.613900
2.614854
2.615067
2.615130
2.616157
2.616601
2.618803
2.619343
2.619411
2.620074
2.620124
2.620940
2.624794
2.624830
2.625040
2.625576
2.626497
2.626730
2.628089
2.628346
2.629708
2.630118
2.630950
2.631139
2.631152
2.631343
2.631655
2.633193
2.633809
2.634674
2.634877
2.635569
2.635942
2.635949
2.636460
2.637152
2.637903
2.638376
2.638745
2.639087
2.639770
2.640103
2.640516
2.640836
2.641234
2.641261
2.642509
2.642822
2.643104
2.643987
2.644219
2.645362
2.646458
2.646891
2.648448
2.648700
2.649493
2.649885
2.650815
2.651755
2.651862
2.652277
2.652869
2.653723
2.654699
2.654923
2.655468
2.656568
2.656644
2.656791
2.657408
2.657410
2.658040
2.658419
2.659233
2.660159
2.661121
2.662343
2.662597
2.665308
2.666012
2.666778
2.666958
2.668147
2.668225
2.668931
2.669004
2.669075
2.670320
2.670561
2.670655
2.671336
2.671516
2.671552
2.671849
2.672003
2.672162
2.673359
2.673741
2.674039
2.674259
2.674454
2.674631
2.675912
2.675951
2.676141
2.676348
2.677163
2.677236
2.678672
2.678988
2.679354
2.679522
2.680601
2.680743
2.680794
2.680870
2.682698
2.682833
2.682876
2.682959
2.683673
2.683673
2.684159
2.684422
2.685894
2.686031
2.686689
2.686841
2.687047
2.687094
2.687097
2.687571
2.687993
2.688221
2.688237
2.689280
2.689424
2.689679
2.690788
2.690972
2.691311
2.691829
2.692031
2.692207
2.692350
2.692420
2.692997
2.693104
2.693660
2.694386
2.694783
2.694845
2.695320
2.695560
2.695625
2.696938
2.697249
2.697649
2.697715
2.698026
2.698167
2.698244
2.698855
2.699089
2.699297
2.699612
2.699748
2.700774
2.700884
2.700951
2.701017
2.701093
2.701353
2.701463
2.702391
2.702618
2.703604
2.703945
2.704248
2.704906
2.705335
2.705341
2.705630
2.705646
2.705932
2.706046
2.707490
2.707561
2.707683
2.708509
2.708552
2.709607
2.709619
2.709934
2.711315
2.711623
2.713135
2.713340
2.713601
2.713860
2.714191
2.714370
2.715028
2.716035
2.716700
2.717019
2.717870
2.718633
2.718813
2.719301
2.719420
2.719533
2.719677
2.719907
2.720077
2.720195
2.720261
2.720821
2.721104
2.721963
2.722002
2.722910
2.722953
2.722978
2.723018
2.723425
2.723841
2.724945
2.724974
2.726148
2.727326
2.727483
2.727542
2.728190
2.728547
2.728586
2.729230
2.729250
2.729903
2.730459
2.730727
2.731208
2.731264
2.731868
2.733232
2.733282
2.733359
2.734721
2.735391
2.735457
2.735540
2.736210
2.736465
2.736875
2.737192
2.737383
2.738183
2.738750
2.738878
2.739129
2.739174
2.739954
2.740108
2.740461
2.740486
2.740735
2.741043
2.741182
2.741525
2.741923
2.742013
2.742303
2.744921
2.744965
2.745395
2.746011
2.746171
2.747313
2.748139
2.748804
2.749609
2.749838
2.750597
2.750615
2.750761
2.750781
2.752332
2.752374
2.752949
2.753168
2.753677
2.753784
2.754230
2.754896
2.756373
2.756515
2.756738
2.756795
2.757643
2.757850
2.759203
2.760684
2.761403
2.761734
2.762867
2.762905
2.762999
2.763243
2.763496
2.764031
2.764038
2.764195
2.764647
2.764971
2.765131
2.765234
2.765492
2.766145
2.766463
2.766673
2.766753
2.766776
2.767220
2.767333
2.768010
2.768262
2.768996
2.769298
2.769674
2.770090
2.770327
2.770502
2.770918
2.771687
2.772253
2.772496
2.772586
2.772756
2.772980
2.773700
2.773738
2.773804
2.773883
2.774014
2.774578
2.774626
2.774704
2.775221
2.775497
2.775498
2.776038
2.776344
2.777962
2.778654
2.779129
2.779459
2.779614
2.779676
2.779741
2.780317
2.780420
2.780694
2.780717
2.781046
2.781268
2.781718
2.781781
2.781960
2.782384
2.783041
2.783095
2.783676
2.783814
2.784109
2.784342
2.784721
2.785582
2.786352
2.786471
2.786614
2.786707
2.786836
2.787699
2.787837
2.787955
2.787956
2.788190
2.788671
2.788939
2.789035
2.789556
2.789696
2.790712
2.790728
2.790837
2.790936
2.791294
2.792177
2.792384
2.792700
2.793816
2.793829
2.793885
2.794504
2.794740
2.794756
2.795392
2.795728
2.795896
2.795919
2.795983
2.796189
2.796391
2.796640
2.797411
2.797450
2.797710
2.797880
2.798105
2.798136
2.798673
2.798777
2.798918
2.799268
2.800062
2.800455
2.800486
2.800768
2.800923
2.800981
2.801564
2.801768
2.802238
2.802905
2.803392
2.803858
2.803879
2.803940
2.805387
2.805674
2.807678
2.807680
2.808196
2.808252
2.808415
2.808484
2.808721
2.808864
2.809315
2.810560
2.811339
2.811877
2.812061
2.812748
2.812939
2.813125
2.813899
2.813939
2.814055
2.814215
2.814257
2.814327
2.814544
2.814617
2.815797
2.816191
2.816300
2.816503
2.816660
2.816714
2.816936
2.816952
2.817265
2.817410
2.817502
2.817974
2.818183
2.818385
2.818388
2.818661
2.819264
2.819474
2.819749
2.819806
2.819890
2.820485
2.820614
2.821062
2.821091
2.821333
2.821575
2.822253
2.822362
2.823958
2.824057
2.824170
2.824455
2.824533
2.824848
2.825212
2.825911
2.826547
2.826687
2.827197
2.827487
2.828541
2.829347
2.829862
2.830455
2.830814
2.831074
2.831972
2.831977
2.832827
2.832956
2.832979
2.833032
2.833462
2.833735
2.834007
2.834196
2.834389
2.834787
2.835319
2.836142
2.836565
2.837335
2.837532
2.838566
2.838607
2.838764
2.839072
2.839459
2.839518
2.839623
2.839680
2.839789
2.840017
2.840462
2.840728
2.841039
2.841268
2.841295
2.841747
2.842085
2.842723
2.842895
2.843099
2.843159
2.843466
2.843561
2.843647
2.843697
2.844108
2.844504
2.844865
2.845090
2.845380
2.845629
2.845913
2.845958
2.846310
2.846578
2.847595
2.848005
2.848243
2.848715
2.848795
2.848796
2.848941
2.849011
2.849377
2.849505
2.849559
2.849638
2.850182
2.850345
2.850503
2.850687
2.851215
2.851846
2.852015
2.852087
2.852163
2.852334
2.852638
2.852672
2.852858
2.853166
2.853307
2.853791
2.853821
2.853855
2.854031
2.854032
2.854078
2.854246
2.854357
2.854635
2.855040
2.855296
2.856299
2.856523
2.856715
2.856967
2.857038
2.857295
2.857390
2.857453
2.857749
2.857809
2.858180
2.858212
2.858634
2.859274
2.859788
2.859882
2.859988
2.860228
2.860338
2.860480
2.860743
2.860747
2.861039
2.861051
2.861270
2.861354
2.861902
2.862575
2.862642
2.863205
2.863273
2.863716
2.863746
2.864001
2.864115
2.864368
2.864574
2.864968
2.865003
2.865662
2.866122
2.866154
2.867077
2.867404
2.867687
2.868840
2.869068
2.869485
2.869624
2.869755
2.870568
2.870609
2.870708
2.870851
2.872425
2.872818
2.873081
2.873107
2.873388
2.873527
2.873528
2.873708
2.874096
2.874800
2.874938
2.875010
2.875123
2.875570
2.875760
2.875803
2.875945
2.875975
2.876668
2.876755
2.876819
2.877138
2.877509
2.877587
2.877712
2.877746
2.877818
2.878105
2.878147
2.878559
2.879696
2.880044
2.880231
2.880241
2.880612
2.880849
2.880885
2.881005
2.881331
2.881671
2.881707
2.882632
2.882653
2.882728
2.882733
2.883213
2.883808
2.883834
2.883869
2.884115
2.884118
2.884533
2.884620
2.884674
2.885356
2.885556
2.885715
2.885845
2.886175
2.886438
2.886623
2.887498
2.887596
2.888306
2.888758
2.889026
2.889676
2.889912
2.889939
2.890130
2.890290
2.890395
2.890860
2.890933
2.891359
2.891837
2.892110
2.892550
2.892850
2.892885
2.892910
2.893050
2.893213
2.893384
2.893597
2.893654
2.893733
2.894124
2.894134
2.894614
2.894912
2.895006
2.895070
2.895079
2.895952
2.895975
2.896600
2.896660
2.897119
2.897425
2.897467
2.898113
2.898228
2.898263
2.899555
2.899596
2.900690
2.900866
2.901229
2.901752
2.901856
2.902302
2.902410
2.903299
2.904157
2.904769
2.905277
2.906034
2.906404
2.906737
2.906882
2.907068
2.907610
2.907855
2.907960
2.908564
2.908575
2.908762
2.908960
2.909125
2.909672
2.909897
2.909945
2.910074
2.910434
2.910556
2.910813
2.911215
2.911325
2.911365
2.911500
2.911576
2.911957
2.912127
2.912166
2.912390
2.913193
2.913728
2.913980
2.914135
2.914351
2.915042
2.915130
2.915138
2.915200
2.915465
2.915814
2.915816
2.916047
2.916069
2.916291
2.916375
2.916414
2.916426
2.916602
2.916929
2.916983
2.917211
2.917327
2.918489
2.918837
2.919238
2.919339
2.919549
2.920441
2.920887
2.921117
2.921181
2.921536
2.921795
2.922019
2.922282
2.922784
2.923109
2.923737
2.923772
2.924166
2.924466
2.924586
2.925165
2.925326
2.925469
2.925516
2.925529
2.925983
2.925987
2.926709
2.926872
2.927039
2.927559
2.927786
2.927890
2.928742
2.928854
2.928946
2.929061
2.929117
2.929328
2.929455
2.929461
2.930564
2.930888
2.931224
2.931294
2.931844
2.931892
2.931971
2.932641
2.932958
2.933249
2.933336
2.933389
2.934156
2.934181
2.934194
2.934221
2.934278
2.934524
2.934683
2.934920
2.935021
2.935150
2.935265
2.935459
2.935607
2.935992
2.936060
2.936361
2.936557
2.936597
2.937027
2.937120
2.937784
2.938030
2.938106
2.938231
2.938717
2.938988
2.940061
2.940545
2.940579
2.940880
2.941316
2.941481
2.941617
2.941714
2.941787
2.942503
2.942556
2.942568
2.942908
2.943092
2.943254
2.943288
2.943424
2.943953
2.943959
2.944233
2.944821
2.945083
2.945251
2.945900
2.946246
2.946414
2.946498
2.947076
2.947344
2.947383
2.947788
2.947902
2.948210
2.948568
2.948611
2.948640
2.949028
2.949163
2.950481
2.950872
2.950960
2.951010
2.951367
2.951761
2.952200
2.952209
2.952370
2.952590
2.952842
2.953318
2.953923
2.954222
2.954390
2.954551
2.955340
2.955365
2.955492
2.955751
2.955778
2.956027
2.956303
2.956355
2.956625
2.956768
2.957147
2.957295
2.957859
2.958066
2.958694
2.958772
2.959614
2.959894
2.960155
2.961494
2.961806
2.962095
2.962984
2.963385
2.963672
2.964288
2.964443
2.964562
2.964752
2.964795
2.964807
2.965499
2.965567
2.965747
2.965816
2.966052
2.966393
2.966918
2.967022
2.967065
2.967160
2.967182
2.967465
2.967769
2.967893
2.967972
2.968639
2.968901
2.969749
2.969751
2.969793
2.969832
2.969935
2.970357
2.970952
2.971004
2.971392
2.971745
2.972235
2.972362
2.972875
2.972900
2.972923
2.973056
2.973423
2.973426
2.973592
2.974074
2.974266
2.974274
2.974350
2.974882
2.974974
2.974990
2.975667
2.975669
2.975682
2.975865
2.976170
2.976241
2.976391
2.976954
2.977057
2.977504
2.977655
2.977709
2.978005
2.978089
2.978356
2.978357
2.978366
2.978418
2.978492
2.978817
2.979369
2.979779
2.980050
2.980109
2.980586
2.980652
2.980954
2.981034
2.981068
2.981211
2.981574
2.981615
2.981948
2.982047
2.982133
2.982155
2.982500
2.982756
2.982846
2.982980
2.983208
2.983233
2.983277
2.983418
2.983536
2.983587
2.983866
2.984300
2.984346
2.984590
2.984614
2.984622
2.984764
2.985190
2.985196
2.985407
2.986037
2.986298
2.986579
2.986616
2.986848
2.986924
2.987150
2.987287
2.988284
2.988325
2.988624
2.988740
2.988857
2.988958
2.989020
2.989116
2.989120
2.989185
2.990219
2.990267
2.990595
2.990843
2.990882
2.991034
2.991056
2.992006
2.992322
2.992465
2.992485
2.992652
2.992779
2.992900
2.993645
2.993924
2.994148
2.994283
2.994628
2.995545
2.995569
2.995703
2.995924
2.996844
2.996962
2.997359
2.997582
2.998232
2.998321
2.998354
2.998410
2.998642
2.998900
2.998920
2.999021
2.999363
3.000052
3.000109
3.000366
3.000611
3.000853
3.001195
3.001577
3.001635
3.002167
3.002274
3.002339
3.002456
3.002936
3.002937
3.003014
3.003494
3.003642
3.003835
3.004334
3.004628
3.005421
3.005745
3.005949
3.006090
3.006183
3.006693
3.007171
3.007333
3.007404
3.007485
3.007494
3.007626
3.007694
3.008157
3.008428
3.008710
3.008973
3.008987
3.009122
3.009143
3.009175
3.009245
3.009413
3.010488
3.010787
3.010850
3.010929
3.011094
3.011688
3.011775
3.011905
3.011994
3.012214
3.012348
3.012554
3.012782
3.013360
3.013616
3.013963
3.014865
3.015257
3.015496
3.015741
3.015847
3.015941
3.016181
3.016239
3.016353
3.016804
3.016894
3.017106
3.017439
3.017601
3.017779
3.017786
3.018414
3.018837
3.019022
3.019186
3.019597
3.020060
3.020090
3.020095
3.020138
3.020329
3.020424
3.020911
3.021046
3.021206
3.021239
3.021615
3.021719
3.022172
3.022241
3.022265
3.022434
3.022522
3.022753
3.023299
3.023396
3.023463
3.023543
3.023563
3.023974
3.024191
3.024279
3.024295
3.024570
3.024989
3.025003
3.025393
3.025563
3.025868
3.026241
3.026578
3.026761
3.026761
3.026764
3.026821
3.026858
3.027001
3.027061
3.027162
3.027581
3.028143
3.028238
3.028507
3.028760
3.028901
3.028965
3.029014
3.029037
3.029129
3.029441
3.029498
3.029541
3.029633
3.029844
3.029870
3.029949
3.030192
3.030482
3.030829
3.031655
3.031796
3.032277
3.032277
3.032912
3.033201
3.033240
3.033386
3.033453
3.033620
3.033951
3.034038
3.034109
3.034318
3.034490
3.034686
3.035025
3.035996
3.036049
3.036155
3.037242
3.037457
3.037699
3.037878
3.038160
3.038311
3.038629
3.038678
3.038723
3.038746
3.038859
3.039037
3.039359
3.039686
3.039827
3.040036
3.040260
3.040524
3.040606
3.040744
3.041045
3.041294
3.041709
3.041730
3.041769
3.041957
3.042027
3.042351
3.042507
3.042878
3.042918
3.043069
3.043253
3.043257
3.043292
3.043341
3.043381
3.043402
3.043426
3.043562
3.043629
3.043732
3.044077
3.044206
3.044383
3.044574
3.044612
3.044613
3.044692
3.044786
3.044998
3.045019
3.045178
3.045194
3.045282
3.045446
3.045568
3.045606
3.045647
3.045762
3.045793
3.045851
3.046114
3.046312
3.046561
3.046586
3.046658
3.046716
3.046911
3.047116
3.047278
3.047278
3.047516
3.047726
3.047762
3.047938
3.048080
3.048344
3.048417
3.048484
3.048582
3.048704
3.048732
3.048903
3.048959
3.049009
3.049064
3.049233
3.049944
3.049997
3.050378
3.050500
3.050548
3.051103
3.051175
3.051228
3.051640
3.051941
3.052251
3.052346
3.052390
3.052396
3.052413
3.052571
3.053237
3.053421
3.054269
3.054324
3.054345
3.054391
3.054528
3.054716
3.054806
3.054922
3.054961
3.054988
3.055214
3.055216
3.055247
3.055773
3.055928
3.056289
3.056407
3.056631
3.057040
3.057050
3.057301
3.057417
3.057643
3.057645
3.057827
3.058024
3.058899
3.058979
3.059356
3.059756
3.060127
3.060181
3.060589
3.060991
3.061074
3.061178
3.061199
3.061313
3.061501
3.061541
3.061587
3.061642
3.061754
3.062177
3.062427
3.062470
3.062490
3.062591
3.062615
3.062748
3.062889
3.063172
3.063361
3.063364
3.063521
3.063650
3.063735
3.063859
3.064049
3.064049
3.064076
3.064089
3.064291
3.064632
3.064886
3.065084
3.065393
3.065439
3.065490
3.066058
3.066082
3.066762
3.066797
3.066896
3.067185
3.067438
3.067470
3.067535
3.067571
3.067844
3.067908
3.068086
3.068128
3.068278
3.068431
3.068654
3.068843
3.069401
3.069636
3.069659
3.069763
3.069785
3.069788
3.069828
3.069934
3.070312
3.071274
3.071294
3.071521
3.071702
3.071907
3.071972
3.072225
3.072242
3.072440
3.072611
3.072654
3.072990
3.073074
3.073633
3.073873
3.073910
3.074136
3.074147
3.074455
3.074647
3.074685
3.074748
3.075097
3.075357
3.075922
3.075977
3.076331
3.076375
3.076562
3.076582
3.076648
3.076672
3.076756
3.076895
3.076899
3.076969
3.077300
3.077440
3.077772
3.077818
3.078616
3.078641
3.078820
3.078836
3.079080
3.079946
3.080138
3.080247
3.080259
3.080395
3.080426
3.080431
3.080928
3.081626
3.081775
3.082721
3.082769
3.082905
3.083453
3.083520
3.083577
3.083723
3.083760
3.083788
3.084174
3.084381
3.085228
3.085266
3.085718
3.085838
3.085899
3.086568
3.086912
3.087089
3.087193
3.087243
3.087358
3.087390
3.087449
3.087532
3.087629
3.087744
3.087768
3.087776
3.087815
3.087965
3.088116
3.088532
3.088555
3.088676
3.088766
3.088991
3.089548
3.089589
3.089790
3.089923
3.090078
3.090081
3.090134
3.090290
3.090331
3.090362
3.090380
3.090434
3.090690
3.090864
3.090877
3.091126
3.091137
3.091182
3.091483
3.091558
3.092322
3.092346
3.092619
3.092644
3.092733
3.092930
3.092999
3.093058
3.093154
3.093326
3.093339
3.093387
3.093407
3.093490
3.093643
3.093827
3.093901
3.093993
3.094424
3.094526
3.094608
3.094673
3.094821
3.095007
3.095393
3.095423
3.095803
3.095929
3.096100
3.096173
3.096456
3.096955
3.097656
3.097796
3.097990
3.097993
3.098019
3.098150
3.098332
3.098393
3.098441
3.098480
3.098935
3.099068
3.099228
3.099462
3.099498
3.099842
3.100034
3.100092
3.100301
3.100519
3.100930
3.101009
3.101238
3.101295
3.101364
3.101385
3.101522
3.101580
3.102484
3.102693
3.102804
3.102879
3.103022
3.103264
3.103951
3.104225
3.105326
3.105516
3.105964
3.106342
3.106750
3.107186
3.107692
3.107715
3.107775
3.108643
3.108685
3.109026
3.109502
3.109607
3.109614
3.109741
3.109812
3.109934
3.110063
3.110091
3.110200
3.110278
3.110558
3.110632
3.110830
3.111140
3.111242
3.111348
3.111412
3.111582
3.111924
3.112096
3.112116
3.112133
3.112179
3.112454
3.112530
3.112559
3.112734
3.113054
3.113208
3.113446
3.113594
3.113749
3.113884
3.113912
3.114332
3.114514
3.114598
3.114787
3.114905
3.115294
3.115452
3.115614
3.116070
3.116237
3.116380
3.116970
3.117112
3.117235
3.117496
3.117496
3.117579
3.117671
3.117981
3.118270
3.118331
3.118354
3.118395
3.118649
3.119055
3.119198
3.119259
3.119527
3.119970
3.119996
3.120176
3.120400
3.120405
3.120514
3.120602
3.120603
3.121154
3.121183
3.121403
3.121947
3.122210
3.122272
3.122346
3.122652
3.122662
3.122746
3.122837
3.123258
3.123277
3.123355
3.123452
3.123656
3.123711
3.123853
3.124597
3.124615
3.125386
3.125496
3.125949
3.126175
3.126235
3.126258
3.126478
3.126522
3.126713
3.126787
3.126958
3.127041
3.127062
3.127207
3.127210
3.127273
3.127526
3.127535
3.127578
3.127986
3.128173
3.128321
3.128335
3.128422
3.128467
3.128832
3.128874
3.128997
3.129066
3.130224
3.130305
3.130421
3.130620
3.130629
3.130896
3.131016
3.131377
3.131447
3.131644
3.131660
3.131908
3.131958
3.132262
3.132897
3.132961
3.133002
3.133519
3.133588
3.133603
3.133882
3.133899
3.133979
3.134397
3.134446
3.134455
3.134613
3.134661
3.134767
3.134898
3.135019
3.135026
3.135195
3.135256
3.135496
3.135557
3.135665
3.135935
3.136040
3.136113
3.136251
3.136756
3.137234
3.137516
3.137917
3.138008
3.138337
3.138443
3.138483
3.138533
3.138602
3.138648
3.138807
3.138851
3.138886
3.139223
3.139300
3.139307
3.139556
3.139622
3.139863
3.140224
3.140722
3.140726
3.140821
3.140903
3.141123
3.141476
3.141824
3.141849
3.142126
3.142207
3.142281
3.142559
3.142864
3.143020
3.143115
3.143868
3.144078
3.144480
3.145048
3.145129
3.145333
3.145560
3.145778
3.146162
3.146252
3.146669
3.146710
3.147718
3.148186
3.148398
3.148981
3.149413
3.149413
3.149453
3.149670
3.149909
3.150036
3.150617
3.150764
3.150984
3.151147
3.151158
3.151251
3.151576
3.151975
3.152044
3.152227
3.152299
3.152432
3.152707
3.152821
3.152842
3.152860
3.153122
3.153468
3.153992
3.154085
3.154192
3.154273
3.154660
3.154772
3.154774
3.154860
3.154893
3.154938
3.155016
3.155025
3.155134
3.155153
3.155463
3.156051
3.156244
3.156406
3.156780
3.156817
3.157593
3.157650
3.157705
3.158019
3.158369
3.158421
3.158431
3.158553
3.158601
3.158612
3.158734
3.158789
3.158875
3.159047
3.159100
3.159567
3.159613
3.159811
3.159811
3.159927
3.160122
3.160605
3.160671
3.160697
3.160799
3.160943
3.161115
3.161246
3.161346
3.161350
3.161529
3.162110
3.162136
3.162281
3.162725
3.162822
3.162891
3.163090
3.163378
3.163404
3.163764
3.163914
3.164198
3.164340
3.164570
3.164583
3.164737
3.164824
3.164861
3.164872
3.165023
3.165055
3.165085
3.165319
3.165389
3.165395
3.165612
3.165804
3.166163
3.166267
3.166276
3.166421
3.166445
3.166527
3.166750
3.166888
3.166965
3.167381
3.167457
3.167791
3.167794
3.167818
3.167846
3.167909
3.167947
3.168294
3.168344
3.168457
3.168526
3.168900
3.169225
3.169347
3.169349
3.169393
3.169482
3.169720
3.169979
3.169992
3.170001
3.170457
3.170486
3.170725
3.170997
3.171167
3.171405
3.171490
3.171595
3.171801
3.171858
3.172000
3.172326
3.172460
3.172506
3.172557
3.172805
3.172971
3.173153
3.173207
3.173239
3.173397
3.173403
3.173598
3.173609
3.173928
3.173931
3.174222
3.174693
3.174808
3.175274
3.175364
3.175421
3.175452
3.175547
3.175589
3.175665
3.175755
3.175786
3.175822
3.176314
3.176440
3.176510
3.176920
3.177381
3.177420
3.177423
3.177471
3.177517
3.177604
3.177647
3.177924
3.178208
3.178301
3.178411
3.178569
3.178814
3.179035
3.179123
3.179291
3.179402
3.179411
3.179619
3.179860
3.179904
3.179941
3.179961
3.180670
3.180708
3.180874
3.180938
3.180941
3.181095
3.181338
3.181478
3.181717
3.181769
3.181950
3.181967
3.182007
3.182286
3.182390
3.182562
3.182840
3.182841
3.182935
3.182997
3.183121
3.183149
3.183295
3.183635
3.183753
3.183754
3.184187
3.184582
3.184712
3.185224
3.185413
3.185502
3.185857
3.185877
3.185910
3.185949
3.186056
3.186212
3.186401
3.186711
3.186714
3.186938
3.186990
3.187006
3.187114
3.187928
3.187932
3.188064
3.188111
3.188137
3.188389
3.188416
3.188910
3.188957
3.189439
3.189502
3.189622
3.189725
3.189884
3.189890
3.190185
3.190323
3.190334
3.190342
3.190567
3.190588
3.190640
3.190689
3.190839
3.190956
3.190991
3.191279
3.191701
3.191766
3.191802
3.191985
3.192129
3.192178
3.192186
3.192338
3.192795
3.192970
3.192981
3.193076
3.193375
3.193433
3.193566
3.193577
3.193599
3.193763
3.194050
3.194299
3.194709
3.194729
3.195197
3.195201
3.195245
3.195366
3.195520
3.195559
3.195983
3.196008
3.196092
3.196187
3.196352
3.196392
3.196457
3.196718
3.196855
3.197186
3.197834
3.197847
3.197865
3.197933
3.198026
3.198239
3.198370
3.198520
3.198565
3.198710
3.198762
3.198961
3.198972
3.199142
3.199406
3.199592
3.199628
3.200081
3.200331
3.200483
3.200581
3.200962
3.201103
3.201228
3.201335
3.201444
3.201562
3.201582
3.201675
3.201933
3.201943
3.202060
3.202602
3.202613
3.202646
3.202813
3.202996
3.203166
3.203272
3.203387
3.203813
3.203863
3.203933
3.203959
3.204023
3.204085
3.204101
3.204177
3.204353
3.204603
3.204927
3.204979
3.205107
3.205117
3.205343
3.205501
3.205692
3.205812
3.205950
3.206088
3.206260
3.206441
3.206913
3.206925
3.207267
3.207339
3.207376
3.207440
3.207458
3.207788
3.207952
3.207973
3.208272
3.208410
3.208452
3.208824
3.208896
3.209004
3.209052
3.209292
3.209361
3.209460
3.209600
3.209915
3.209926
3.210109
3.210257
3.210288
3.210302
3.210596
3.210652
3.210839
3.210862
3.210891
3.210946
3.211148
3.211429
3.211555
3.211619
3.211671
3.211761
3.211986
3.212058
3.212059
3.212072
3.212225
3.212367
3.212533
3.212744
3.212899
3.213075
3.213122
3.213355
3.213537
3.213687
3.213751
3.213899
3.214147
3.214348
3.214456
3.214463
3.214528
3.214894
3.215031
3.215233
3.215340
3.215941
3.216056
3.216182
3.216823
3.216827
3.216988
3.217100
3.217206
3.217269
3.217457
3.217460
3.217489
3.217806
3.217875
3.217885
3.217913
3.217936
3.217951
3.218180
3.218720
3.218812
3.218905
3.218906
3.219182
3.219271
3.219694
3.220120
3.220302
3.220386
3.220411
3.220461
3.220509
3.220885
3.220973
3.221207
3.221220
3.221227
3.221233
3.221351
3.221353
3.221380
3.221644
3.221663
3.221783
3.221854
3.221980
3.222045
3.222126
3.222235
3.222340
3.222507
3.222569
3.222720
3.223077
3.223120
3.223448
3.223569
3.224215
3.224243
3.224634
3.224764
3.224861
3.225497
3.225503
3.225659
3.225891
3.226407
3.226564
3.226572
3.226787
3.226919
3.227143
3.227149
3.227187
3.227554
3.227625
3.227813
3.228057
3.228058
3.228088
3.228450
3.228468
3.228822
3.228882
3.228941
3.229164
3.229212
3.229621
3.229661
3.229661
3.230413
3.230528
3.230797
3.230974
3.231090
3.231161
3.231782
3.231908
3.231922
3.231948
3.232015
3.232039
3.232921
3.232933
3.233184
3.233319
3.233958
3.234175
3.234244
3.234357
3.234625
3.234653
3.234676
3.235144
3.235167
3.235181
3.235242
3.235260
3.235329
3.235450
3.235522
3.235619
3.235751
3.236163
3.236249
3.236277
3.236448
3.236495
3.236555
3.236883
3.237072
3.237348
3.237428
3.237455
3.237514
3.237538
3.237540
3.237545
3.237578
3.237614
3.237679
3.237689
3.237782
3.237796
3.237950
3.238291
3.238758
3.238819
3.238896
3.238958
3.239137
3.239139
3.239200
3.239352
3.239580
3.240032
3.240376
3.240602
3.240976
3.240982
3.241183
3.241357
3.241384
3.241675
3.241847
3.242121
3.242349
3.242396
3.242629
3.243135
3.243312
3.243456
3.243482
3.243599
3.243713
3.243714
3.243821
3.243876
3.243957
3.243979
3.244117
3.244264
3.244418
3.244847
3.244850
3.244939
3.245000
3.245444
3.245489
3.245560
3.246146
3.246196
3.246511
3.246800
3.247011
3.247146
3.247176
3.247607
3.247676
3.247702
3.247872
3.247928
3.248011
3.248186
3.248261
3.248373
3.248728
3.249100
3.249269
3.249696
3.249705
3.250077
3.250100
3.250196
3.250312
3.250395
3.250428
3.250700
3.250721
3.250911
3.250968
3.251096
3.251225
3.251452
3.251997
3.252079
3.252455
3.252486
3.252558
3.252785
3.252959
3.252962
3.253039
3.253153
3.253188
3.253206
3.253358
3.253399
3.253437
3.253577
3.253745
3.253973
3.254321
3.254322
3.254325
3.254418
3.254487
3.254586
3.254636
3.255434
3.255592
3.255745
3.255794
3.255818
3.255847
3.255918
3.255980
3.256065
3.256215
3.256377
3.256466
3.256469
3.256527
3.256546
3.256629
3.256677
3.256784
3.256975
3.256981
3.257136
3.257447
3.257453
3.257480
3.257509
3.257722
3.257883
3.257897
3.258014
3.258332
3.258757
3.258845
3.258880
3.258989
3.259030
3.259177
3.259404
3.259636
3.259836
3.259953
3.260145
3.260307
3.260483
3.260511
3.260576
3.260599
3.260612
3.260984
3.261441
3.261592
3.262007
3.262022
3.262033
3.262168
3.262241
3.262269
3.262406
3.262414
3.262447
3.262596
3.262598
3.262880
3.262962
3.263415
3.263457
3.263467
3.263844
3.263857
3.264005
3.264230
3.264655
3.264959
3.264980
3.264989
3.265417
3.265669
3.265795
3.265937
3.266256
3.266363
3.266414
3.266604
3.266627
3.266745
3.266806
3.266867
3.266908
3.266925
3.267145
3.267241
3.267417
3.267443
3.267690
3.267838
3.267868
3.268024
3.268031
3.268255
3.268379
3.269554
3.269602
3.269675
3.269679
3.269897
3.269936
3.270114
3.270205
3.270267
3.270283
3.270325
3.270327
3.270505
3.270566
3.270973
3.271559
3.271614
3.271682
3.271691
3.271862
3.271969
3.271986
3.272068
3.272115
3.272309
3.272436
3.272446
3.272469
3.272475
3.273007
3.273094
3.273181
3.273327
3.273498
3.273517
3.273726
3.273847
3.274071
3.274255
3.274472
3.274611
3.274667
3.274871
3.274910
3.274930
3.275094
3.275209
3.275580
3.275624
3.275635
3.275683
3.275715
3.275758
3.275828
3.276094
3.276431
3.276482
3.276572
3.276612
3.276727
3.276732
3.276757
3.276767
3.276818
3.277329
3.277473
3.277490
3.277599
3.277733
3.277877
3.278032
3.278039
3.278132
3.278707
3.279157
3.279464
3.279669
3.279834
3.279965
3.280156
3.280363
3.280516
3.280740
3.280903
3.281031
3.281146
3.281374
3.281419
3.281437
3.281606
3.281623
3.281864
3.281972
3.282364
3.282461
3.282504
3.282659
3.282689
3.283157
3.283213
3.283621
3.284131
3.284410
3.284414
3.284501
3.284539
3.284587
3.284891
3.285170
3.285209
3.285229
3.285265
3.285340
3.285368
3.285517
3.285685
3.285689
3.285814
3.285990
3.286257
3.286288
3.286326
3.286437
3.286562
3.286592
3.286726
3.286745
3.286858
3.286945
3.287012
3.287205
3.287284
3.287506
3.287621
3.287780
3.287834
3.287851
3.287964
3.288017
3.288104
3.288316
3.288359
3.288474
3.288777
3.288841
3.288976
3.289348
3.289766
3.289949
3.289988
3.290009
3.290103
3.290124
3.290316
3.290458
3.290471
3.290744
3.290808
3.290848
3.290968
3.291370
3.291466
3.291534
3.291936
3.292265
3.292271
3.292289
3.292338
3.292432
3.292627
3.293003
3.293057
3.293111
3.293230
3.293252
3.293663
3.294277
3.294374
3.294445
3.294466
3.294512
3.294595
3.294778
3.295064
3.295090
3.295144
3.295222
3.295352
3.295440
3.295444
3.295482
3.295554
3.295777
3.295832
3.296045
3.296213
3.296541
3.296646
3.296672
3.296773
3.296856
3.296956
3.296972
3.297166
3.297339
3.297352
3.297475
3.297569
3.297665
3.297824
3.297953
3.298025
3.298080
3.298182
3.298416
3.298568
3.298765
3.298768
3.298775
3.298919
3.298926
3.298993
3.299103
3.299201
3.299384
3.299479
3.299714
3.299767
3.299787
3.299858
3.299879
3.300189
3.300294
3.300561
3.300859
3.301029
3.301152
3.301172
3.301327
3.301355
3.301488
3.301636
3.301837
3.301875
3.302000
3.302113
3.302187
3.302238
3.302283
3.302309
3.302316
3.302399
3.302448
3.302482
3.302563
3.302651
3.302700
3.302824
3.302940
3.303039
3.303314
3.303558
3.303781
3.304072
3.304079
3.304182
3.304446
3.304508
3.304518
3.304899
3.304958
3.304976
3.305179
3.305287
3.305376
3.305483
3.305534
3.305593
3.305711
3.305983
3.305987
3.306061
3.306083
3.306090
3.306612
3.306726
3.306850
3.306945
3.306962
3.306963
3.306982
3.307161
3.307258
3.307372
3.307567
3.307586
3.307602
3.307955
3.308108
3.308116
3.308316
3.308325
3.308366
3.308370
3.308506
3.308616
3.308640
3.308815
3.309051
3.309127
3.309129
3.309131
3.309191
3.309278
3.309284
3.309348
3.309349
3.309383
3.309460
3.309552
3.309570
3.309615
3.309652
3.309782
3.309837
3.309882
3.310139
3.310162
3.310548
3.310750
3.310893
3.310957
3.311083
3.311089
3.311172
3.311854
3.312019
3.312054
3.312186
3.312520
3.312530
3.312544
3.312567
3.312638
3.312670
3.312678
3.312800
3.312976
3.313009
3.313016
3.313053
3.313273
3.313356
3.313396
3.313493
3.313515
3.313570
3.313627
3.313634
3.313667
3.313797
3.313826
3.313870
3.313921
3.314059
3.314091
3.314155
3.314182
3.314388
3.314703
3.314788
3.314826
3.314928
3.314946
3.315100
3.315133
3.315259
3.315303
3.315415
3.315608
3.315729
3.315822
3.316044
3.316589
3.316682
3.316861
3.317018
3.317152
3.317154
3.317208
3.317576
3.317688
3.317751
3.317753
3.317788
3.317893
3.318132
3.318281
3.318320
3.318556
3.318565
3.318632
3.318818
3.319012
3.319156
3.319165
3.319259
3.319404
3.319496
3.319499
3.319701
3.319721
3.319801
3.319846
3.319921
3.320162
3.320472
3.320684
3.320830
3.321063
3.321126
3.321770
3.321804
3.321804
3.321878
3.322084
3.322136
3.322212
3.322380
3.322438
3.322711
3.322723
3.322822
3.322850
3.322904
3.323039
3.323147
3.323282
3.323283
3.323663
3.323672
3.323755
3.323798
3.323978
3.324118
3.324249
3.324281
3.324340
3.324440
3.324442
3.324445
3.324603
3.324911
3.324963
3.325010
3.325140
3.325173
3.325191
3.325627
3.325649
3.326339
3.326454
3.326462
3.326475
3.326681
3.326713
3.326716
3.327092
3.327097
3.327237
3.327244
3.327281
3.327378
3.327390
3.327504
3.327603
3.327617
3.327628
3.327941
3.328002
3.328059
3.328163
3.328177
3.328234
3.328363
3.328689
3.328702
3.328743
3.328745
3.328835
3.328994
3.329448
3.329516
3.329651
3.329693
3.329793
3.329936
3.330093
3.330181
3.330450
3.330462
3.330548
3.330576
3.330872
3.330913
3.330925
3.331075
3.331096
3.331104
3.331288
3.331293
3.331342
3.331468
3.331552
3.331556
3.331728
3.331801
3.331831
3.332056
3.332082
3.332781
3.332857
3.333150
3.333463
3.333495
3.333776
3.333911
3.334215
3.334288
3.334365
3.334382
3.334436
3.334447
3.334514
3.334619
3.334672
3.334692
3.334884
3.335278
3.335283
3.335300
3.335404
3.335654
3.335916
3.336076
3.336193
3.336200
3.336297
3.336348
3.336657
3.336812
3.336952
3.337116
3.337238
3.337244
3.337564
3.337570
3.337600
3.337611
3.337773
3.338033
3.338087
3.338113
3.338199
3.338426
3.338598
3.338752
3.338769
3.338973
3.339015
3.339028
3.339108
3.339126
3.339222
3.339286
3.339531
3.339598
3.339619
3.340164
3.340298
3.340330
3.340565
3.340897
3.340903
3.341044
3.341108
3.341213
3.341401
3.341552
3.341752
3.341909
3.341985
3.342014
3.342082
3.342351
3.342662
3.342821
3.343158
3.343369
3.343379
3.343443
3.343871
3.344349
3.344567
3.344802
3.344810
3.345033
3.345324
3.345434
3.345496
3.345529
3.345631
3.345635
3.345654
3.345724
3.345797
3.345827
3.345848
3.345908
3.345948
3.345965
3.345984
3.346010
3.346206
3.346354
3.346484
3.346832
3.346870
3.347043
3.347241
3.347324
3.347868
3.347943
3.348009
3.348039
3.348105
3.348108
3.348118
3.348120
3.348408
3.348488
3.348583
3.348624
3.348657
3.348735
3.348814
3.348858
3.349008
3.349296
3.349484
3.349500
3.349643
3.349702
3.349725
3.349733
3.349781
3.349808
3.349869
3.349950
3.349973
3.350227
3.350255
3.350365
3.350492
3.350499
3.350578
3.350954
3.351063
3.351262
3.351311
3.351446
3.351699
3.351748
3.351837
3.351937
3.351951
3.351975
3.352040
3.352118
3.352148
3.352165
3.352214
3.352258
3.352365
3.352374
3.352856
3.352867
3.353069
3.353162
3.353274
3.353967
3.354018
3.354242
3.354421
3.354499
3.354635
3.354831
3.354999
3.355506
3.355608
3.355611
3.355686
3.355759
3.355825
3.355966
3.356271
3.356297
3.356434
3.356450
3.356456
3.356640
3.356662
3.356671
3.356868
3.356925
3.357023
3.357039
3.357073
3.357126
3.357161
3.357225
3.357287
3.357453
3.357648
3.357916
3.358134
3.358142
3.358223
3.358385
3.358413
3.358435
3.358492
3.358524
3.358666
3.358825
3.358894
3.359101
3.359102
3.359132
3.359432
3.359742
3.359746
3.359965
3.360132
3.360198
3.360323
3.360471
3.360522
3.360570
3.360705
3.360706
3.360852
3.360872
3.361071
3.361218
3.361253
3.361402
3.361537
3.361734
3.361779
3.361785
3.361919
3.362028
3.362208
3.362216
3.362303
3.362439
3.362477
3.362796
3.363107
3.363150
3.363198
3.363227
3.363385
3.363412
3.363655
3.363734
3.363781
3.363968
3.364002
3.364039
3.364191
3.364318
3.364472
3.364594
3.364636
3.364822
3.364861
3.365062
3.365142
3.365200
3.365237
3.365271
3.365322
3.365519
3.365611
3.365698
3.365716
3.365951
3.366027
3.366078
3.366198
3.366274
3.366315
3.366504
3.366695
3.366752
3.366889
3.367067
3.367082
3.367102
3.367114
3.367469
3.367578
3.367814
3.367831
3.367891
3.367966
3.368028
3.368198
3.368346
3.368392
3.368519
3.368679
3.368690
3.368735
3.368819
3.368822
3.368824
3.369124
3.369282
3.369413
3.369655
3.369787
3.369896
3.369993
3.370004
3.370021
3.370326
3.370383
3.370421
3.370430
3.370877
3.371172
3.371732
3.371899
3.371952
3.372033
3.372110
3.372132
3.372272
3.372348
3.372497
3.372709
3.373189
3.373274
3.373299
3.373535
3.373616
3.374383
3.374593
3.374716
3.374811
3.374983
3.375041
3.375104
3.375447
3.375468
3.375558
3.375615
3.375617
3.375803
3.375842
3.375857
3.376004
3.376107
3.376240
3.376588
3.376858
3.376858
3.376878
3.377285
3.377343
3.377347
3.377669
3.377692
3.377987
3.377994
3.378063
3.378220
3.378342
3.378387
3.378438
3.378446
3.378520
3.378545
3.378751
3.378846
3.379235
3.379295
3.379571
3.379701
3.379847
3.379889
3.380088
3.380208
3.380363
3.380413
3.380511
3.380574
3.380635
3.380743
3.380750
3.380811
3.380981
3.381110
3.381127
3.382042
3.382104
3.382525
3.382678
3.382751
3.382795
3.382914
3.382945
3.383255
3.383324
3.383373
3.383381
3.383446
3.383479
3.383483
3.383512
3.383514
3.383645
3.383713
3.383755
3.383871
3.383880
3.384093
3.384201
3.384319
3.384401
3.384402
3.384501
3.384567
3.384568
3.384641
3.384844
3.384853
3.385468
3.385869
3.385983
3.386022
3.386057
3.386232
3.386279
3.386744
3.386850
3.386907
3.386972
3.387106
3.387410
3.387620
3.387907
3.388101
3.388414
3.388489
3.388616
3.388688
3.388817
3.388876
3.388978
3.389135
3.389226
3.389402
3.389412
3.389976
3.389977
3.390175
3.390563
3.390650
3.390902
3.391121
3.391123
3.391294
3.391299
3.391309
3.391358
3.391675
3.391684
3.391713
3.391757
3.391846
3.391945
3.392039
3.392121
3.392237
3.392308
3.392379
3.392579
3.392598
3.392862
3.393106
3.393169
3.393275
3.393435
3.393567
3.393616
3.394010
3.394092
3.394098
3.394301
3.394313
3.394337
3.394341
3.394486
3.394499
3.394812
3.394850
3.394862
3.395201
3.395281
3.395381
3.395721
3.395966
3.396028
3.396339
3.396345
3.396349
3.396415
3.396459
3.396527
3.396530
3.396641
3.396641
3.396643
3.396770
3.397097
3.397131
3.397136
3.397283
3.397590
3.397675
3.397720
3.397999
3.398182
3.398219
3.398501
3.398520
3.398735
3.398805
3.398901
3.398998
3.399137
3.399386
3.399490
3.399586
3.399672
3.399703
3.399738
3.399814
3.399816
3.399840
3.399971
3.400018
3.400021
3.400148
3.400213
3.400245
3.400265
3.400328
3.400457
3.400506
3.400599
3.400981
3.401022
3.401171
3.401232
3.401440
3.401813
3.401891
3.402092
3.402111
3.402227
3.402239
3.402258
3.402337
3.402613
3.402663
3.402671
3.402739
3.402926
3.403221
3.403242
3.403309
3.403338
3.403793
3.403852
3.403923
3.404083
3.404137
3.404153
3.404511
3.404663
3.404723
3.404764
3.404790
3.404992
3.405100
3.405308
3.405366
3.405598
3.405684
3.405778
3.405833
3.405957
3.406009
3.406075
3.406146
3.406332
3.406386
3.406603
3.406617
3.406844
3.407130
3.407157
3.407181
3.407274
3.407378
3.407417
3.407723
3.407760
3.407889
3.407973
3.408059
3.408246
3.408269
3.408408
3.408520
3.408667
3.408707
3.408882
3.408909
3.409358
3.409747
3.409928
3.409993
3.410001
3.410058
3.410089
3.410118
3.410347
3.410501
3.410881
3.410916
3.411134
3.411332
3.411749
3.411958
3.412028
3.412041
3.412077
3.412145
3.412169
3.412268
3.412386
3.412409
3.412431
3.412469
3.412554
3.412642
3.413279
3.413449
3.413582
3.413828
3.413982
3.414030
3.414075
3.414161
3.414464
3.414490
3.414700
3.414773
3.414846
3.414896
3.414957
3.414965
3.414974
3.414997
3.415439
3.415501
3.415607
3.415612
3.415651
3.415822
3.415828
3.415871
3.415946
3.416522
3.416529
3.416580
3.416643
3.416672
3.416673
3.416688
3.416723
3.416783
3.416884
3.416975
3.416978
3.417016
3.417041
3.417146
3.417263
3.417311
3.417381
3.417468
3.417541
3.417596
3.418015
3.418098
3.418116
3.418150
3.418183
3.418274
3.418442
3.418571
3.418575
3.418820
3.418864
3.418952
3.419103
3.419274
3.419317
3.419575
3.419624
3.419666
3.419904
3.420309
3.420394
3.420455
3.420507
3.420568
3.420654
3.420684
3.420846
3.420942
3.421048
3.421187
3.421209
3.421243
3.421279
3.421474
3.421500
3.421622
3.421643
3.421758
3.422233
3.422259
3.422319
3.422335
3.422576
3.422753
3.422756
3.422767
3.422990
3.423254
3.423272
3.423343
3.423467
3.423481
3.423785
3.423789
3.423843
3.423928
3.424193
3.424332
3.424404
3.424531
3.424793
3.424942
3.425114
3.425330
3.425364
3.425509
3.425704
3.426022
3.426072
3.426104
3.426185
3.426219
3.426368
3.426511
3.426708
3.426758
3.426790
3.427009
3.427022
3.427095
3.427138
3.427438
3.427597
3.427774
3.427868
3.428502
3.428624
3.428661
3.428665
3.428797
3.428847
3.428893
3.428898
3.428935
3.429196
3.429386
3.429761
3.429818
3.429869
3.429882
3.429890
3.429982
3.430512
3.430665
3.430701
3.430998
3.431032
3.431092
3.431166
3.431242
3.431428
3.431439
3.431450
3.431458
3.431566
3.431675
3.431697
3.431708
3.431827
3.431844
3.431860
3.431888
3.432076
3.432143
3.432148
3.432220
3.432235
3.432299
3.432324
3.432363
3.432495
3.432630
3.432652
3.433316
3.433391
3.433398
3.433537
3.433612
3.433741
3.433776
3.433945
3.433961
3.434149
3.434318
3.434736
3.435103
3.435106
3.435248
3.435341
3.435364
3.435380
3.435524
3.435677
3.435677
3.436170
3.436266
3.436506
3.436556
3.436682
3.436948
3.436998
3.437517
3.437851
3.437938
3.438158
3.438542
3.438644
3.438720
3.438787
3.438925
3.439008
3.439214
3.439340
3.439365
3.439521
3.439540
3.439762
3.439891
3.439897
3.439924
3.440074
3.440184
3.440277
3.440325
3.440673
3.440981
3.441007
3.441130
3.441206
3.441290
3.441375
3.441387
3.441507
3.441737
3.441756
3.441756
3.441768
3.441913
3.441948
3.442277
3.442464
3.442521
3.442564
3.442580
3.442580
3.442717
3.442779
3.442907
3.442927
3.443012
3.443234
3.443682
3.443914
3.443952
3.444010
3.444091
3.444224
3.444362
3.444407
3.444515
3.444590
3.444749
3.444780
3.444798
3.444831
3.445117
3.445172
3.445214
3.445406
3.445469
3.445538
3.445567
3.445824
3.446054
3.446148
3.446185
3.446440
3.446623
3.446677
3.446688
3.446784
3.446793
3.446916
3.447152
3.447370
3.447464
3.447501
3.447788
3.447793
3.447810
3.447877
3.447886
3.447937
3.448104
3.448474
3.448526
3.448558
3.448627
3.448670
3.448877
3.448968
3.448992
3.449017
3.449113
3.449245
3.449266
3.449387
3.449581
3.449687
3.449851
3.449871
3.449959
3.450120
3.450219
3.450473
3.450558
3.451055
3.451249
3.451532
3.451552
3.451639
3.451778
3.451794
3.451802
3.452058
3.452152
3.452184
3.452200
3.452225
3.452297
3.452368
3.452493
3.452498
3.452694
3.452847
3.453142
3.453482
3.453619
3.453661
3.453851
3.453989
3.454312
3.454450
3.454524
3.454576
3.454627
3.454685
3.454710
3.455177
3.455345
3.455441
3.455778
3.456105
3.456139
3.456397
3.456403
3.456500
3.456767
3.456779
3.456828
3.456846
3.457014
3.457041
3.457133
3.457143
3.457553
3.457629
3.457663
3.457675
3.457794
3.457881
3.458102
3.458382
3.458397
3.458514
3.458549
3.458677
3.458751
3.458895
3.458944
3.458973
3.459004
3.459163
3.459193
3.459199
3.459261
3.459505
3.459558
3.459790
3.459840
3.459903
3.459952
3.460062
3.460260
3.460283
3.460577
3.460711
3.461040
3.461345
3.461601
3.461631
3.461821
3.461828
3.462084
3.462282
3.462406
3.462436
3.462526
3.462571
3.462751
3.462752
3.462772
3.462915
3.463104
3.463119
3.463132
3.463344
3.463379
3.463530
3.463707
3.463782
3.463855
3.463921
3.464370
3.464395
3.464498
3.464582
3.464649
3.464784
3.464853
3.465121
3.465221
3.465281
3.465344
3.465635
3.465653
3.465729
3.465919
3.466015
3.466161
3.466251
3.466441
3.466490
3.467356
3.467473
3.467493
3.467519
3.467548
3.467922
3.468110
3.468257
3.468363
3.468577
3.468658
3.468690
3.468761
3.468808
3.468954
3.469139
3.469246
3.469311
3.469327
3.469470
3.469478
3.469512
3.469555
3.469738
3.469855
3.470050
3.470358
3.470484
3.470486
3.470499
3.470853
3.471138
3.471191
3.471243
3.471261
3.471290
3.471401
3.471455
3.471624
3.471810
3.472013
3.472030
3.472081
3.472152
3.472221
3.472303
3.472312
3.472405
3.472432
3.472535
3.472545
3.472633
3.472814
3.472819
3.473068
3.473140
3.473230
3.473316
3.473364
3.473804
3.473867
3.473913
3.474377
3.474408
3.474522
3.474620
3.474747
3.475101
3.475273
3.475355
3.475500
3.475816
3.476079
3.476163
3.476207
3.476225
3.476412
3.476744
3.476814
3.477027
3.477463
3.477495
3.477530
3.477614
3.477659
3.477727
3.478098
3.478300
3.478575
3.478709
3.478803
3.478932
3.479032
3.479219
3.479243
3.479513
3.479587
3.479847
3.479924
3.480061
3.480221
3.480341
3.480397
3.480823
3.480842
3.481229
3.481320
3.481501
3.481930
3.482053
3.482249
3.482268
3.482501
3.482587
3.482811
3.482884
3.482915
3.482981
3.482987
3.483006
3.483070
3.483083
3.483337
3.483614
3.483738
3.483813
3.484015
3.484060
3.484081
3.484363
3.484473
3.484494
3.484604
3.484697
3.484698
3.484733
3.485280
3.485704
3.485804
3.485843
3.485941
3.486163
3.486209
3.486490
3.486618
3.486763
3.487052
3.487083
3.487179
3.487206
3.487575
3.487636
3.487919
3.488034
3.488095
3.488127
3.488364
3.488382
3.488939
3.488970
3.489018
3.489068
3.489339
3.489748
3.490053
3.490070
3.490478
3.490636
3.490642
3.490647
3.490672
3.490742
3.490745
3.490767
3.490858
3.491077
3.491174
3.491206
3.491350
3.491567
3.491867
3.491918
3.492179
3.492410
3.492456
3.492477
3.492645
3.492684
3.492766
3.492856
3.493210
3.493214
3.493291
3.493352
3.493766
3.493845
3.493898
3.493943
3.494112
3.494123
3.494165
3.494357
3.494381
3.494639
3.494656
3.494664
3.494819
3.494868
3.495001
3.495108
3.495297
3.495564
3.495642
3.495860
3.495902
3.495927
3.496288
3.496396
3.496547
3.496839
3.496914
3.497039
3.497283
3.497395
3.497599
3.497602
3.497658
3.497825
3.498143
3.498460
3.498462
3.498632
3.498711
3.498734
3.498736
3.498790
3.498812
3.498829
3.498836
3.498870
3.498939
3.498985
3.499084
3.499254
3.499366
3.499421
3.499518
3.500165
3.500173
3.500475
3.500518
3.500536
3.500706
3.500736
3.500950
3.501226
3.501332
3.501411
3.501422
3.501700
3.501718
3.501773
3.501840
3.501856
3.501876
3.501881
3.501930
3.502030
3.502162
3.502264
3.502391
3.502478
3.502482
3.502570
3.502991
3.503003
3.503467
3.503641
3.503878
3.503927
3.504020
3.504022
3.504200
3.504311
3.504358
3.504498
3.504695
3.504814
3.504847
3.504907
3.504924
3.504970
3.505004
3.505383
3.505388
3.505540
3.505647
3.505652
3.505708
3.505979
3.506104
3.506223
3.506493
3.506527
3.506541
3.506842
3.506948
3.506980
3.507316
3.507498
3.507626
3.507641
3.507867
3.507877
3.508156
3.508198
3.508258
3.508305
3.508363
3.508459
3.508474
3.508730
3.508791
3.508953
3.508982
3.509051
3.509116
3.509395
3.509397
3.509434
3.509598
3.509615
3.509647
3.509821
3.509892
3.509995
3.510065
3.510314
3.510820
3.510848
3.510987
3.511108
3.511268
3.511277
3.511432
3.511459
3.511499
3.511527
3.511628
3.511724
3.511979
3.512036
3.512258
3.512260
3.512355
3.512522
3.512533
3.512602
3.512707
3.512791
3.512870
3.512975
3.512987
3.513254
3.513365
3.513610
3.513625
3.513759
3.513843
3.513866
3.513969
3.514064
3.514103
3.514120
3.514137
3.514294
3.514460
3.514550
3.514637
3.514689
3.514693
3.514853
3.514856
3.514870
3.514889
3.515115
3.515131
3.515176
3.515303
3.515354
3.515658
3.515677
3.515738
3.515896
3.516137
3.516158
3.516360
3.516379
3.516459
3.516510
3.516546
3.516550
3.516553
3.516563
3.516580
3.516619
3.516984
3.517000
3.517003
3.517036
3.517108
3.517121
3.517227
3.517254
3.517273
3.517920
3.518080
3.518095
3.518140
3.518170
3.518311
3.518404
3.518455
3.518563
3.518790
3.518845
3.518855
3.518976
3.519078
3.519104
3.519203
3.519343
3.519512
3.519526
3.519599
3.519624
3.519639
3.519644
3.519696
3.519768
3.520118
3.520118
3.520141
3.520208
3.520275
3.520437
3.520500
3.520553
3.520578
3.520753
3.520758
3.520826
3.520944
3.521106
3.521173
3.521227
3.521441
3.521469
3.521479
3.521503
3.521511
3.521580
3.521812
3.521866
3.521941
3.522103
3.522351
3.522366
3.522448
3.522536
3.522716
3.522762
3.522821
3.522951
3.522957
3.523045
3.523097
3.523140
3.523192
3.523214
3.523338
3.523372
3.523489
3.523759
3.523812
3.524054
3.524141
3.524236
3.524236
3.524301
3.524378
3.524478
3.524490
3.524501
3.524667
3.524779
3.524801
3.524849
3.525028
3.525032
3.525105
3.525115
3.525223
3.525474
3.525491
3.525523
3.525641
3.525659
3.525821
3.525850
3.525861
3.525876
3.525933
3.525979
3.526064
3.526157
3.526240
3.526296
3.526592
3.526936
3.526937
3.526963
3.527020
3.527042
3.527056
3.527065
3.527093
3.527103
3.527146
3.527179
3.527349
3.527829
3.527912
3.527954
3.528168
3.528210
3.528214
3.528371
3.528502
3.528548
3.528558
3.528782
3.528852
3.528947
3.528953
3.529245
3.529525
3.529650
3.529658
3.529691
3.529798
3.529932
3.529998
3.530025
3.530158
3.530251
3.530545
3.530613
3.530699
3.530723
3.530815
3.530941
3.530998
3.531028
3.531439
3.531465
3.531492
3.531796
3.531827
3.532091
3.532165
3.532170
3.532588
3.532592
3.532600
3.532606
3.532619
3.532807
3.532899
3.533040
3.533183
3.533251
3.533343
3.533480
3.533529
3.533712
3.533852
3.533860
3.533891
3.533968
3.533990
3.534116
3.534160
3.534298
3.534349
3.534361
3.534397
3.534426
3.534470
3.534713
3.534961
3.535030
3.535191
3.535203
3.535259
3.535397
3.535403
3.535432
3.535498
3.535533
3.535535
3.535602
3.535650
3.535829
3.536080
3.536083
3.536205
3.536453
3.536608
3.536697
3.536755
3.536789
3.537063
3.537195
3.537221
3.537385
3.537397
3.537472
3.537651
3.537716
3.537738
3.537752
3.537812
3.537879
3.537946
3.537947
3.537989
3.538413
3.538688
3.538701
3.538898
3.538907
3.538960
3.539008
3.539016
3.539041
3.539253
3.539308
3.539474
3.539475
3.539482
3.539522
3.539583
3.539707
3.539879
3.539888
3.539948
3.539983
3.540006
3.540123
3.540138
3.540454
3.540727
3.540926
3.541087
3.541101
3.541147
3.541202
3.541211
3.541442
3.541507
3.541572
3.541739
3.541862
3.541868
3.541920
3.541983
3.542070
3.542254
3.542293
3.542355
3.542405
3.542411
3.542560
3.542652
3.542778
3.542886
3.542976
3.543090
3.543183
3.543293
3.543310
3.543329
3.543371
3.543487
3.543664
3.543875
3.544038
3.544326
3.544331
3.544424
3.544490
3.544536
3.544744
3.544751
3.544814
3.544822
3.544923
3.545035
3.545139
3.545177
3.545220
3.545235
3.545277
3.545374
3.545550
3.545588
3.545741
3.545854
3.546166
3.546282
3.546474
3.546585
3.546618
3.546961
3.547038
3.547042
3.547064
3.547115
3.547164
3.547185
3.547641
3.547660
3.547747
3.547868
3.548035
3.548169
3.548399
3.548448
3.548632
3.548793
3.548900
3.548904
3.549067
3.549259
3.549582
3.549692
3.549760
3.549797
3.550094
3.550135
3.550237
3.550295
3.550382
3.550404
3.550545
3.550958
3.550964
3.551143
3.551239
3.551269
3.551342
3.551432
3.551507
3.551520
3.551646
3.551755
3.551914
3.551988
3.552024
3.552146
3.552244
3.552412
3.552454
3.552526
3.552726
3.552757
3.552970
3.553188
3.553356
3.553538
3.553619
3.553683
3.553749
3.553761
3.553782
3.553945
3.553991
3.554229
3.554491
3.554711
3.554713
3.554761
3.554801
3.554805
3.554950
3.555028
3.555098
3.555100
3.555180
3.555295
3.555402
3.555620
3.555662
3.555662
3.555717
3.555750
3.555929
3.556048
3.556084
3.556095
3.556210
3.556614
3.556771
3.556904
3.556938
3.557222
3.557311
3.557402
3.557411
3.557558
3.557847
3.557871
3.557872
3.557899
3.557979
3.557997
3.558023
3.558506
3.558626
3.558709
3.558998
3.559183
3.559301
3.559444
3.559946
3.560042
3.560331
3.560707
3.560742
3.560896
3.561009
3.561241
3.561298
3.561426
3.561751
3.561782
3.561906
3.561943
3.562210
3.562356
3.562563
3.562594
3.562746
3.562753
3.563491
3.563714
3.563797
3.564182
3.564188
3.564198
3.564289
3.564373
3.564570
3.564596
3.564618
3.564660
3.564665
3.564706
3.564734
3.564753
3.564791
3.564859
3.564927
3.564946
3.564990
3.565025
3.565029
3.565137
3.565181
3.565431
3.565538
3.565643
3.565841
3.565956
3.565963
3.566009
3.566137
3.566260
3.566474
3.566627
3.566657
3.566732
3.566734
3.566763
3.566823
3.566848
3.566974
3.566986
3.567026
3.567074
3.567190
3.567197
3.567419
3.567751
3.567816
3.567831
3.567884
3.568091
3.568166
3.568283
3.568377
3.568463
3.568477
3.568502
3.568536
3.568578
3.568590
3.568653
3.568922
3.569002
3.569108
3.569118
3.569271
3.569290
3.569325
3.569436
3.569747
3.569864
3.569986
3.570578
3.570595
3.570665
3.570680
3.570690
3.570811
3.570859
3.570962
3.571191
3.571276
3.571859
3.571951
3.571976
3.572130
3.572142
3.572271
3.572403
3.572684
3.572717
3.572747
3.572825
3.572975
3.573140
3.573202
3.573231
3.573461
3.573552
3.573820
3.573853
3.573887
3.573926
3.573967
3.573986
3.574053
3.574206
3.574349
3.574376
3.574547
3.574626
3.574674
3.574838
3.574859
3.574885
3.575040
3.575199
3.575606
3.575653
3.575683
3.575767
3.575820
3.576304
3.576422
3.576567
3.576626
3.576837
3.576846
3.576882
3.576907
3.576970
3.576971
3.577109
3.577255
3.577466
3.577467
3.577544
3.577571
3.577625
3.577654
3.577730
3.577770
3.577917
3.577919
3.578164
3.578295
3.578334
3.578397
3.578415
3.578449
3.578641
3.578693
3.578717
3.578744
3.578840
3.578880
3.579039
3.579124
3.579150
3.579217
3.579248
3.579851
3.579888
3.579898
3.579933
3.580041
3.580126
3.580160
3.580182
3.580265
3.580399
3.580688
3.580930
3.581137
3.581302
3.581327
3.581478
3.581600
3.581640
3.581705
3.581720
3.581850
3.582039
3.582041
3.582130
3.582187
3.582302
3.582322
3.582524
3.582583
3.582814
3.583147
3.583353
3.583439
3.583510
3.583518
3.583584
3.583678
3.583679
3.583871
3.583944
3.584008
3.584233
3.584321
3.584401
3.584543
3.584658
3.584719
3.585000
3.585050
3.585202
3.585317
3.585391
3.585566
3.585700
3.585761
3.585868
3.586047
3.586052
3.586106
3.586410
3.586667
3.586836
3.587029
3.587064
3.587089
3.587169
3.587181
3.587461
3.587502
3.587538
3.588134
3.588167
3.588259
3.588316
3.588346
3.588373
3.588461
3.588462
3.588500
3.588548
3.588585
3.588691
3.588760
3.588817
3.588879
3.588928
3.589065
3.589272
3.589315
3.589363
3.589448
3.589475
3.589503
3.589831
3.589948
3.590057
3.590057
3.590081
3.590202
3.590225
3.590343
3.590364
3.590376
3.590608
3.590709
3.590763
3.590854
3.590856
3.590916
3.590950
3.590999
3.591067
3.591125
3.591139
3.591170
3.591587
3.591599
3.591625
3.591718
3.591741
3.592026
3.592180
3.592658
3.592735
3.592990
3.593125
3.593300
3.593470
3.593596
3.593607
3.593674
3.593683
3.593747
3.593751
3.593778
3.594133
3.594133
3.594188
3.594190
3.594241
3.594503
3.594535
3.594609
3.594639
3.594708
3.594728
3.594979
3.595104
3.595123
3.595401
3.595430
3.595536
3.595664
3.595708
3.595720
3.595807
3.596005
3.596020
3.596093
3.596208
3.596307
3.596569
3.596721
3.596727
3.596856
3.596959
3.596992
3.597088
3.597190
3.597274
3.597344
3.597546
3.597648
3.597812
3.597891
3.598063
3.598143
3.598216
3.598405
3.598509
3.598611
3.598673
3.598755
3.598846
3.599020
3.599026
3.599051
3.599076
3.599150
3.599231
3.599268
3.599290
3.599337
3.599357
3.599426
3.599506
3.599526
3.599615
3.599766
3.600008
3.600176
3.600332
3.600443
3.600476
3.600534
3.600569
3.600573
3.601032
3.601575
3.601676
3.601688
3.601705
3.601714
3.601804
3.601877
3.601951
3.602040
3.602378
3.602508
3.602737
3.602772
3.602795
3.602859
3.603039
3.603131
3.603183
3.603215
3.603298
3.603340
3.603425
3.603453
3.603489
3.603531
3.603550
3.603590
3.603660
3.603745
3.603835
3.603851
3.603907
3.604026
3.604055
3.604220
3.604398
3.604459
3.604598
3.604650
3.604815
3.604845
3.604969
3.604978
3.605064
3.605092
3.605263
3.605416
3.605479
3.605481
3.605537
3.605635
3.605785
3.605873
3.605888
3.605905
3.605939
3.606028
3.606104
3.606286
3.606358
3.606652
3.606756
3.606802
3.606837
3.606867
3.606930
3.607087
3.607168
3.607176
3.607273
3.607286
3.607382
3.607455
3.607466
3.607728
3.607827
3.608293
3.608328
3.608393
3.608420
3.608482
3.608518
3.608520
3.608595
3.608834
3.608939
3.608980
3.609184
3.609338
3.609497
3.609502
3.609798
3.609807
3.609882
3.609906
3.609910
3.610128
3.610247
3.610319
3.610496
3.610622
3.610850
3.610873
3.610933
3.611073
3.611186
3.611257
3.611353
3.611689
3.611906
3.612174
3.612208
3.612394
3.612572
3.612602
3.612885
3.613159
3.613213
3.613265
3.613687
3.613835
3.613905
3.613979
3.614092
3.614246
3.614305
3.614459
3.614614
3.614762
3.614942
3.615090
3.615180
3.615423
3.615484
3.615662
3.615676
3.615705
3.615759
3.615888
3.616063
3.616100
3.616398
3.616558
3.616698
3.616765
3.616773
3.616852
3.616919
3.617157
3.617194
3.617366
3.617482
3.617609
3.617678
3.617700
3.617996
3.618195
3.618230
3.618288
3.618316
3.618354
3.618427
3.618445
3.618582
3.618630
3.618708
3.618720
3.618791
3.618916
3.619023
3.619032
3.619047
3.619123
3.619213
3.619374
3.619621
3.619628
3.619753
3.619783
3.620086
3.620280
3.620567
3.620610
3.620746
3.620781
3.620821
3.620902
3.620947
3.620957
3.621108
3.621111
3.621329
3.621356
3.621440
3.621518
3.621570
3.621604
3.621618
3.621691
3.621754
3.622028
3.622152
3.622216
3.622421
3.622451
3.622715
3.622802
3.622870
3.622959
3.622965
3.623007
3.623036
3.623087
3.623180
3.623299
3.623382
3.623383
3.623397
3.623423
3.623437
3.623635
3.623705
3.623753
3.623817
3.623819
3.623823
3.624069
3.624273
3.624346
3.624349
3.624398
3.624410
3.624420
3.624498
3.624536
3.624724
3.624840
3.624841
3.625027
3.625102
3.625113
3.625290
3.625386
3.625489
3.625511
3.625759
3.626686
3.626731
3.626803
3.626897
3.626903
3.626969
3.626989
3.627003
3.627350
3.627473
3.627594
3.627603
3.627662
3.627852
3.627915
3.627922
3.627993
3.628007
3.628098
3.628284
3.628298
3.628380
3.628397
3.628413
3.628505
3.628819
3.628965
3.629016
3.629046
3.629135
3.629197
3.629307
3.629415
3.629459
3.629468
3.629596
3.629626
3.629658
3.629802
3.629802
3.629867
3.629916
3.629917
3.629992
3.630134
3.630365
3.630491
3.630764
3.630804
3.630989
3.631206
3.631275
3.631386
3.631583
3.631818
3.631914
3.631919
3.632045
3.632152
3.632164
3.632224
3.632267
3.632647
3.632656
3.632797
3.632947
3.633023
3.633060
3.633211
3.633212
3.633395
3.633651
3.633723
3.633773
3.633978
3.633993
3.634094
3.634107
3.634492
3.634653
3.634669
3.634703
3.635126
3.635208
3.635330
3.635489
3.635808
3.635949
3.636010
3.636059
3.636205
3.636354
3.636395
3.636411
3.636420
3.636667
3.636675
3.636788
3.637065
3.637089
3.637430
3.637522
3.637587
3.637707
3.637747
3.638053
3.638200
3.638399
3.638474
3.638852
3.638905
3.639126
3.639136
3.639170
3.639269
3.639274
3.639280
3.639296
3.639421
3.639447
3.639475
3.639483
3.639575
3.639631
3.639845
3.639901
3.639966
3.640033
3.640035
3.640296
3.640316
3.640434
3.640512
3.640516
3.640648
3.640651
3.640754
3.640941
3.640962
3.641106
3.641422
3.641771
3.641795
3.641799
3.641920
3.641952
3.642101
3.642109
3.642181
3.642280
3.642338
3.642342
3.642489
3.642610
3.642775
3.642997
3.643117
3.643194
3.643203
3.643250
3.643265
3.643271
3.643616
3.643789
3.643816
3.643944
3.643992
3.644073
3.644079
3.644098
3.644166
3.644417
3.644439
3.644568
3.644606
3.644704
3.644943
3.645257
3.645260
3.645269
3.645354
3.645383
3.645404
3.645408
3.645535
3.645567
3.645582
3.645610
3.645803
3.646004
3.646028
3.646046
3.646100
3.646138
3.646293
3.646350
3.646362
3.646391
3.646435
3.646446
3.646455
3.646460
3.646563
3.646568
3.646680
3.646866
3.646970
3.646991
3.646998
3.647011
3.647081
3.647180
3.647291
3.647297
3.647542
3.647620
3.647783
3.647813
3.647912
3.648020
3.648059
3.648062
3.648138
3.648186
3.648465
3.648485
3.648570
3.648602
3.648643
3.648709
3.648717
3.648965
3.649106
3.649152
3.649198
3.649226
3.649342
3.649391
3.649435
3.649462
3.649546
3.649658
3.649719
3.649754
3.649794
3.649878
3.649929
3.650281
3.650442
3.650492
3.650583
3.650664
3.650692
3.650721
3.650756
3.650782
3.650930
3.650943
3.651070
3.651139
3.651208
3.651416
3.651454
3.651500
3.651561
3.651609
3.651718
3.651719
3.651719
3.651985
3.652013
3.652024
3.652177
3.652313
3.652557
3.652565
3.652610
3.652744
3.652958
3.653120
3.653135
3.653206
3.653436
3.653447
3.653557
3.653589
3.653608
3.653831
3.653921
3.653976
3.653980
3.654046
3.654169
3.654181
3.654214
3.654271
3.654274
3.654315
3.654525
3.654555
3.654587
3.654603
3.654603
3.654726
3.654911
3.655043
3.655166
3.655206
3.655214
3.655309
3.655362
3.655395
3.655525
3.655545
3.655547
3.655577
3.655609
3.655658
3.655767
3.655897
3.655915
3.655959
3.656113
3.656179
3.656273
3.656407
3.656460
3.656540
3.656825
3.656851
3.656945
3.657148
3.657239
3.657304
3.657363
3.657399
3.657491
3.657849
3.657884
3.657957
3.657961
3.657969
3.657975
3.658139
3.658220
3.658523
3.658527
3.658535
3.658576
3.658590
3.658733
3.658767
3.658870
3.658918
3.659121
3.659330
3.659366
3.659513
3.659525
3.659727
3.659901
3.659959
3.660060
3.660116
3.660158
3.660160
3.660280
3.660374
3.660447
3.660479
3.660568
3.660659
3.660768
3.661143
3.661166
3.661179
3.661186
3.661187
3.661191
3.661373
3.661376
3.661391
3.661405
3.661463
3.661587
3.661607
3.661656
3.662104
3.662169
3.662712
3.662843
3.662943
3.662950
3.663141
3.663422
3.663423
3.663441
3.663552
3.663579
3.663745
3.663758
3.663793
3.663985
3.664186
3.664205
3.664212
3.664212
3.664245
3.664363
3.664718
3.664843
3.664870
3.664978
3.665097
3.665138
3.665171
3.665174
3.665411
3.665427
3.665503
3.665504
3.665667
3.665670
3.665843
3.665967
3.666094
3.666100
3.666245
3.666512
3.666551
3.666574
3.666590
3.666678
3.666765
3.666951
3.667232
3.667346
3.667375
3.667418
3.667435
3.667519
3.667646
3.667807
3.667817
3.667837
3.667865
3.667872
3.667931
3.668038
3.668219
3.668758
3.668864
3.669084
3.669194
3.669246
3.669379
3.669611
3.669625
3.669686
3.669794
3.669851
3.669880
3.669886
3.670168
3.670223
3.670231
3.670380
3.670383
3.670390
3.670682
3.670683
3.670752
3.670784
3.670861
3.670866
3.670924
3.671062
3.671126
3.671198
3.671237
3.671263
3.671384
3.671502
3.671525
3.671751
3.671760
3.671893
3.672062
3.672107
3.672176
3.672193
3.672250
3.672426
3.672461
3.672517
3.672554
3.672890
3.672902
3.672973
3.673006
3.673033
3.673090
3.673139
3.673445
3.673511
3.673518
3.673535
3.673583
3.673965
3.673973
3.674075
3.674114
3.674143
3.674152
3.674166
3.674500
3.674504
3.674636
3.674941
3.675070
3.675089
3.675110
3.675232
3.675276
3.675281
3.675445
3.675481
3.675619
3.675756
3.675807
3.675817
3.675859
3.675895
3.675941
3.675959
3.676026
3.676047
3.676380
3.676433
3.676530
3.676595
3.676627
3.676855
3.677179
3.677258
3.677319
3.677342
3.677397
3.677464
3.677598
3.677665
3.677709
3.677716
3.677727
3.677759
3.677816
3.677930
3.678146
3.678234
3.678242
3.678330
3.678618
3.678728
3.678863
3.679015
3.679122
3.679245
3.679320
3.679494
3.679610
3.679627
3.679656
3.679667
3.679689
3.679770
3.679776
3.679908
3.679911
3.679921
3.679965
3.680038
3.680115
3.680156
3.680304
3.680385
3.680413
3.680593
3.680655
3.680659
3.680668
3.680680
3.680773
3.680988
3.681033
3.681043
3.681243
3.681425
3.681533
3.681535
3.681573
3.681713
3.681726
3.681799
3.681852
3.682184
3.682259
3.682314
3.682373
3.682546
3.682567
3.682694
3.682753
3.682789
3.682899
3.683241
3.683260
3.683516
3.683673
3.683730
3.683740
3.683865
3.684028
3.684062
3.684075
3.684190
3.684227
3.684452
3.684483
3.684720
3.684902
3.685153
3.685447
3.685562
3.685641
3.685768
3.685795
3.686013
3.686060
3.686347
3.686358
3.686413
3.686423
3.686434
3.686443
3.686455
3.686681
3.686998
3.687214
3.687349
3.687423
3.687538
3.687561
3.687627
3.687637
3.687677
3.687712
3.687854
3.687890
3.687897
3.687955
3.688129
3.688632
3.688787
3.688808
3.688917
3.688953
3.689073
3.689209
3.689617
3.689687
3.689714
3.689743
3.689808
3.690066
3.690085
3.690214
3.690247
3.690264
3.690288
3.690483
3.690488
3.690490
3.690630
3.690677
3.690768
3.690969
3.691031
3.691108
3.691252
3.691425
3.691443
3.691792
3.691854
3.691969
3.692037
3.692059
3.692126
3.692238
3.692368
3.692376
3.692418
3.692446
3.692533
3.692548
3.692560
3.692589
3.692620
3.692925
3.692930
3.693305
3.693549
3.693651
3.693688
3.693761
3.693811
3.693928
3.694132
3.694140
3.694179
3.694186
3.694193
3.694200
3.694419
3.694459
3.694700
3.694840
3.694916
3.694943
3.695097
3.695138
3.695208
3.695251
3.695389
3.695433
3.695503
3.695533
3.695691
3.695737
3.695749
3.695787
3.695788
3.695799
3.695820
3.696043
3.696128
3.696267
3.696272
3.696285
3.696316
3.696367
3.696438
3.696486
3.696567
3.696753
3.696783
3.696945
3.697131
3.697135
3.697157
3.697244
3.697304
3.697347
3.697440
3.697595
3.697712
3.697741
3.697780
3.698159
3.698199
3.698257
3.698822
3.698880
3.699090
3.699136
3.699183
3.699363
3.699456
3.699462
3.699468
3.699536
3.699547
3.699563
3.699607
3.699642
3.699737
3.699818
3.699875
3.700016
3.700229
3.700302
3.700310
3.700471
3.700561
3.700693
3.700698
3.700832
3.700969
3.700971
3.701259
3.701367
3.701456
3.701506
3.701722
3.701880
3.702096
3.702130
3.702150
3.702328
3.702405
3.702421
3.702490
3.702534
3.702609
3.702634
3.702642
3.702759
3.702792
3.702811
3.702934
3.702954
3.702959
3.703053
3.703105
3.703116
3.703150
3.703315
3.703560
3.703623
3.703747
3.703799
3.703889
3.703946
3.704000
3.704054
3.704094
3.704097
3.704166
3.704388
3.704607
3.704642
3.704780
3.704784
3.704849
3.705001
3.705075
3.705106
3.705122
3.705200
3.705206
3.705305
3.705349
3.705507
3.705608
3.705608
3.705751
3.705863
3.705871
3.705925
3.705938
3.706020
3.706057
3.706228
3.706555
3.706595
3.706651
3.706794
3.706803
3.706875
3.706884
3.707069
3.707244
3.707285
3.707326
3.707468
3.707634
3.707718
3.707852
3.707857
3.708016
3.708109
3.708341
3.708388
3.708416
3.708481
3.708483
3.708488
3.708614
3.708866
3.708902
3.708937
3.708972
3.709005
3.709025
3.709240
3.709245
3.709309
3.709311
3.709472
3.709472
3.709475
3.709524
3.709534
3.709575
3.709656
3.709766
3.709796
3.710009
3.710074
3.710100
3.710307
3.710393
3.710502
3.710551
3.710613
3.710752
3.710809
3.711031
3.711056
3.711089
3.711198
3.711466
3.711585
3.711634
3.711648
3.711651
3.711655
3.711678
3.711864
3.711935
3.711971
3.711973
3.712000
3.712034
3.712219
3.712219
3.712307
3.712383
3.712524
3.712723
3.712776
3.712930
3.713075
3.713131
3.713191
3.713214
3.713412
3.713444
3.713497
3.713604
3.713635
3.713725
3.713823
3.713877
3.713978
3.714019
3.714072
3.714158
3.714277
3.714501
3.714519
3.714520
3.714586
3.714745
3.714800
3.714829
3.714937
3.714989
3.714991
3.715037
3.715047
3.715277
3.715330
3.715427
3.715557
3.715593
3.715598
3.715650
3.715847
3.716094
3.716143
3.716209
3.716314
3.716321
3.716393
3.716447
3.716453
3.716884
3.716944
3.716946
3.716953
3.716996
3.717139
3.717323
3.717349
3.717352
3.717486
3.717536
3.717789
3.717841
3.717850
3.717857
3.717921
3.718071
3.718073
3.718157
3.718166
3.718178
3.718183
3.718204
3.718230
3.718310
3.718379
3.718405
3.718854
3.719076
3.719101
3.719113
3.719120
3.719321
3.719334
3.719546
3.719565
3.719576
3.719597
3.719654
3.719778
3.719786
3.719826
3.720045
3.720132
3.720234
3.720275
3.720281
3.720281
3.720351
3.720570
3.720681
3.720713
3.720718
3.720771
3.720791
3.720829
3.720877
3.721009
3.721052
3.721098
3.721109
3.721176
3.721201
3.721226
3.721251
3.721264
3.721343
3.721368
3.721488
3.721504
3.721516
3.721539
3.721896
3.721925
3.721956
3.722089
3.722097
3.722134
3.722288
3.722289
3.722401
3.722460
3.722499
3.722638
3.722667
3.722686
3.722723
3.722766
3.722844
3.722921
3.723006
3.723026
3.723094
3.723160
3.723197
3.723267
3.723485
3.723588
3.723628
3.723659
3.724190
3.724231
3.724635
3.724719
3.724789
3.724824
3.725207
3.725384
3.725446
3.725533
3.725536
3.725601
3.726063
3.726147
3.726246
3.726444
3.726611
3.726619
3.726803
3.726931
3.726985
3.727085
3.727108
3.727401
3.727414
3.727486
3.727500
3.727521
3.727529
3.727577
3.727701
3.727966
3.727970
3.728072
3.728161
3.728230
3.728362
3.728382
3.728457
3.728601
3.728626
3.728667
3.728748
3.728834
3.728904
3.728945
3.728982
3.728990
3.729062
3.729124
3.729240
3.729493
3.729500
3.729539
3.729684
3.729735
3.729775
3.729779
3.729817
3.730007
3.730141
3.730216
3.730309
3.730395
3.730448
3.730670
3.730709
3.730894
3.730995
3.731036
3.731141
3.731275
3.731280
3.731391
3.731519
3.731620
3.731632
3.731745
3.732105
3.732177
3.732193
3.732213
3.732363
3.732394
3.732450
3.732477
3.732504
3.732642
3.732736
3.732831
3.733167
3.733258
3.733491
3.733647
3.733699
3.733734
3.733740
3.733746
3.733773
3.733831
3.733871
3.733949
3.733970
3.734002
3.734046
3.734278
3.734294
3.734295
3.734403
3.734482
3.734572
3.734594
3.734662
3.734806
3.734978
3.735031
3.735101
3.735262
3.735268
3.735303
3.735342
3.735597
3.735598
3.735965
3.736035
3.736090
3.736195
3.736253
3.736533
3.736558
3.736563
3.736618
3.736639
3.736742
3.736771
3.736885
3.736891
3.737018
3.737062
3.737088
3.737157
3.737328
3.737345
3.737348
3.737611
3.737805
3.738072
3.738181
3.738229
3.738271
3.738282
3.738373
3.738467
3.738542
3.738579
3.738678
3.738768
3.738782
3.738854
3.739031
3.739161
3.739286
3.739551
3.739653
3.739825
3.739869
3.739886
3.739997
3.740130
3.740220
3.740236
3.740267
3.740504
3.740802
3.741115
3.741427
3.741508
3.741887
3.741914
3.741959
3.742204
3.742220
3.742267
3.742275
3.742488
3.742595
3.742600
3.742620
3.742650
3.742669
3.742818
3.742865
3.742884
3.742947
3.743198
3.743270
3.743272
3.743515
3.743634
3.743637
3.743769
3.743777
3.743969
3.743983
3.743988
3.744076
3.744107
3.744347
3.744403
3.744844
3.744866
3.744900
3.744983
3.744993
3.745001
3.745046
3.745107
3.745149
3.745203
3.745264
3.745548
3.745565
3.745736
3.745811
3.745814
3.745866
3.745991
3.746221
3.746244
3.746291
3.746331
3.746355
3.746458
3.746486
3.746492
3.746521
3.746664
3.746759
3.746871
3.746878
3.746948
3.747072
3.747073
3.747228
3.747459
3.747541
3.747679
3.747730
3.748064
3.748152
3.748231
3.748252
3.748296
3.748323
3.748594
3.748656
3.748703
3.748915
3.749169
3.749184
3.749231
3.749285
3.749435
3.749576
3.749884
3.749888
3.750075
3.750113
3.750248
3.750289
3.750292
3.750334
3.750436
3.750534
3.750602
3.750605
3.750665
3.750746
3.750905
3.751189
3.751215
3.751458
3.751503
3.751532
3.751595
3.751705
3.751741
3.751751
3.751780
3.751803
3.751811
3.751989
3.752008
3.752229
3.752416
3.752426
3.752567
3.752618
3.752762
3.752820
3.752854
3.752894
3.753039
3.753055
3.753132
3.753372
3.753433
3.753465
3.753577
3.753632
3.753658
3.753801
3.753811
3.753906
3.753983
3.754008
3.754131
3.754149
3.754157
3.754251
3.754325
3.754450
3.754492
3.754538
3.754723
3.754748
3.754821
3.754823
3.754983
3.755291
3.755408
3.755471
3.755486
3.755650
3.755852
3.755869
3.755969
3.756131
3.756160
3.756257
3.756293
3.756442
3.756449
3.756479
3.756592
3.756685
3.756734
3.756747
3.756879
3.756925
3.757256
3.757277
3.757532
3.757582
3.757593
3.757688
3.757859
3.758095
3.758110
3.758212
3.758224
3.758257
3.758257
3.758279
3.758514
3.758605
3.758806
3.759012
3.759018
3.759089
3.759149
3.759174
3.759208
3.759257
3.759468
3.759503
3.759510
3.759835
3.759935
3.760046
3.760100
3.760334
3.760454
3.760515
3.760631
3.760657
3.760686
3.760700
3.760841
3.760868
3.760887
3.761109
3.761547
3.761653
3.761730
3.761769
3.761806
3.761825
3.761942
3.761993
3.762038
3.762111
3.762182
3.762275
3.762362
3.762512
3.762660
3.762737
3.762931
3.762945
3.762946
3.763101
3.763146
3.763186
3.763223
3.763429
3.763464
3.763528
3.763700
3.763776
3.763832
3.763842
3.763982
3.764374
3.764606
3.764809
3.764859
3.764984
3.764989
3.764993
3.765022
3.765071
3.765188
3.765190
3.765324
3.765769
3.765791
3.765811
3.765875
3.765890
3.766044
3.766084
3.766101
3.766238
3.766252
3.766584
3.766787
3.766789
3.766845
3.767167
3.767244
3.767262
3.767263
3.767267
3.767393
3.767561
3.767601
3.767647
3.767658
3.767670
3.767752
3.767797
3.767871
3.768232
3.768252
3.768294
3.768312
3.768484
3.768838
3.768863
3.769047
3.769157
3.769211
3.769249
3.769337
3.769711
3.769722
3.769755
3.769772
3.769780
3.769892
3.769908
3.769936
3.769951
3.769971
3.770118
3.770182
3.770283
3.770393
3.770533
3.770664
3.770688
3.770836
3.770919
3.771032
3.771253
3.771506
3.771554
3.771630
3.771641
3.771878
3.771901
3.771958
3.772234
3.772274
3.772336
3.772361
3.772480
3.772528
3.772583
3.772628
3.772653
3.772818
3.772834
3.773085
3.773350
3.773389
3.773404
3.773461
3.773718
3.773746
3.773831
3.773918
3.773949
3.773989
3.774010
3.774278
3.774312
3.774329
3.774374
3.774550
3.774606
3.774658
3.774693
3.774694
3.775049
3.775063
3.775081
3.775194
3.775439
3.775545
3.775582
3.775855
3.775946
3.776318
3.776341
3.776422
3.776541
3.776652
3.776752
3.777106
3.777457
3.777472
3.777530
3.778119
3.778125
3.778186
3.778214
3.778364
3.778368
3.778435
3.778717
3.778811
3.778931
3.778937
3.779317
3.779474
3.779541
3.779543
3.779748
3.779809
3.779819
3.779820
3.779854
3.779884
3.779951
3.779951
3.779977
3.780005
3.780215
3.780401
3.780406
3.780665
3.780695
3.780742
3.780817
3.780860
3.780995
3.781104
3.781156
3.781178
3.781349
3.781373
3.781435
3.781816
3.782007
3.782091
3.782181
3.782219
3.782290
3.782462
3.782492
3.782746
3.782915
3.782995
3.783141
3.783152
3.783291
3.783306
3.783316
3.783395
3.783460
3.783873
3.783947
3.783963
3.783971
3.784031
3.784137
3.784172
3.784237
3.784342
3.784392
3.784662
3.784754
3.784755
3.784892
3.785093
3.785189
3.785318
3.785438
3.785545
3.785619
3.785653
3.785884
3.785921
3.785964
3.786016
3.786073
3.786225
3.786237
3.786295
3.786529
3.786706
3.786839
3.786860
3.786907
3.786977
3.787046
3.787091
3.787111
3.787276
3.787283
3.787389
3.787397
3.787410
3.787476
3.787776
3.787953
3.788316
3.788325
3.788371
3.788558
3.788661
3.788821
3.788863
3.789093
3.789146
3.789161
3.789317
3.789334
3.789343
3.789375
3.789871
3.789891
3.789978
3.790013
3.790061
3.790091
3.790106
3.790179
3.790197
3.790235
3.790295
3.790355
3.790377
3.790825
3.790838
3.790845
3.790878
3.790957
3.791034
3.791189
3.791202
3.791231
3.791242
3.791295
3.791351
3.791428
3.791685
3.791713
3.791902
3.792010
3.792285
3.792312
3.792316
3.792316
3.792377
3.792420
3.792464
3.792476
3.792479
3.792480
3.792503
3.792508
3.792510
3.792515
3.792520
3.792555
3.792560
3.792592
3.792606
3.792691
3.792712
3.792715
3.792746
3.792759
3.792780
3.792782
3.792786
3.792791
3.792797
3.792798
3.792798
3.792798
3.792798
3.792798
3.792798
3.792798
3.792798
3.792798
3.792799
3.792799
3.792799
3.792799
3.792799
3.792799
3.792799
3.792799
3.792799
3.792799
3.792800
3.792800
3.792800
3.792800
3.792800
3.792800
3.792800
3.792800
3.792801
3.792801
3.792801
3.792801
3.792801
3.792801
3.792802
3.792802
3.792802
3.792802
3.792802
3.792802
3.792803
3.792803
3.792803
3.792803
3.792803
3.792804
