1.000000
1.204326
1.523692
1.539902
1.715831
1.748547
1.856625
2.118801
2.142781
2.175403
2.249374
2.257234
2.266953
2.286076
2.303308
2.358558
2.383846
2.406342
2.431791
2.480968
2.519277
2.546779
2.577526
2.607572
2.622176
2.731011
2.791374
2.796436
2.802002
2.860763
2.869731
2.975344
2.975678
2.991904
2.999307
3.058177
3.066407
3.073327
3.111270
3.136037
3.138340
3.220546
3.225523
3.234574
3.243263
3.251009
3.323682
3.339587
3.343441
3.343813
3.367091
3.412805
3.433571
3.481256
3.494362
3.501064
3.537034
3.539312
3.541934
3.550096
3.550122
3.554776
3.590358
3.606467
3.618890
3.622738
3.657494
3.664811
3.703286
3.708736
3.736690
3.740178
3.745788
3.746072
3.749214
3.755576
3.763393
3.801162
3.809686
3.814631
3.824138
3.833068
3.840212
3.855813
3.871119
3.873172
3.876665
3.884084
3.888455
3.892239
3.893414
3.902246
3.902434
3.913776
3.914788
3.915919
3.918310
3.920180
3.923890
3.924316
3.925387
3.932996
3.943087
3.949111
3.952763
3.955322
3.959852
3.961447
3.961890
3.970045
3.971347
3.974811
3.975642
3.981619
3.991768
3.993253
4.002056
4.004240
4.007992
4.009364
4.011619
4.017990
4.026104
4.027111
4.027179
4.030333
4.031715
4.039772
4.052168
4.057234
4.060010
4.063547
4.064291
4.064538
4.066242
4.076620
4.082952
4.088207
4.088541
4.089004
4.094263
4.094881
4.095231
4.097472
4.098095
4.098994
4.102347
4.107214
4.107907
4.107971
4.108809
4.108985
4.111682
4.114875
4.115366
4.118015
4.119679
4.120204
4.120403
4.124521
4.127036
4.133525
4.134645
4.147758
4.148741
4.151397
4.160199
4.161233
4.167311
4.168823
4.169161
4.173593
4.175750
4.179186
4.179942
4.182058
4.184071
4.184743
4.187824
4.193048
4.193329
4.196444
4.198987
4.207702
4.209831
4.210505
4.223841
4.229342
4.230493
4.233187
4.241037
4.241195
4.247488
4.252400
4.253665
4.256991
4.259459
4.267425
4.270638
4.271575
4.272512
4.273147
4.273863
4.274137
4.285727
4.289051
4.291107
4.293485
4.294467
4.297146
4.297765
4.300309
4.309083
4.311188
4.314571
4.315001
4.316283
4.317206
4.317443
4.318336
4.319126
4.320486
4.320778
4.321031
4.323537
4.324746
4.324931
4.325041
4.331873
4.336482
4.339626
4.345440
4.346413
4.346714
4.350452
4.353312
4.355501
4.355904
4.356972
4.357042
4.358577
4.364211
4.364735
4.365170
4.365255
4.365837
4.366877
4.372691
4.374480
4.375006
4.379386
4.380767
4.380911
4.386622
4.388849
4.392305
4.396034
4.396917
4.399058
4.399110
4.401488
4.403594
4.403923
4.405302
4.405447
4.407573
4.411517
4.412547
4.418602
4.420822
4.423101
4.424570
4.425033
4.432097
4.435849
4.436631
4.437883
4.439599
4.440455
4.442599
4.444075
4.449081
4.450552
4.454766
4.456448
4.457923
4.458364
4.459511
4.460495
4.462178
4.462547
4.462572
4.466918
4.470536
4.470616
4.471111
4.472400
4.472515
4.472729
4.473137
4.473195
4.473262
4.475962
4.476314
4.477780
4.477782
4.478262
4.481601
4.482360
4.482990
4.483815
4.483835
4.484177
4.485619
4.487539
4.487595
4.488036
4.488470
4.489834
4.491748
4.491994
4.492858
4.495864
4.496360
4.496401
4.497658
4.500540
4.501487
4.502518
4.503536
4.505356
4.505445
4.505818
4.507634
4.515630
4.517128
4.518478
4.518802
4.523520
4.524699
4.525024
4.525255
4.527260
4.529260
4.531295
4.531738
4.532706
4.536710
4.538374
4.540894
4.543628
4.543928
4.544014
4.547298
4.548267
4.549037
4.549787
4.550588
4.553882
4.555388
4.557833
4.558298
4.558749
4.558870
4.559231
4.564138
4.565518
4.565782
4.565917
4.568444
4.570206
4.570373
4.571015
4.575173
4.579880
4.582615
4.583766
4.584164
4.585389
4.585896
4.587027
4.587162
4.590110
4.592245
4.592865
4.594334
4.596627
4.596774
4.598803
4.600365
4.606288
4.608355
4.611615
4.612487
4.615044
4.615450
4.615626
4.616339
4.616776
4.617923
4.618674
4.620125
4.620878
4.621259
4.621709
4.622058
4.622235
4.622544
4.622953
4.623031
4.624827
4.625523
4.627254
4.631146
4.631803
4.633922
4.635393
4.635788
4.636227
4.636985
4.637681
4.639437
4.640506
4.641591
4.641959
4.643280
4.645487
4.646083
4.646378
4.647161
4.648045
4.649809
4.650368
4.652688
4.653052
4.654607
4.656273
4.657121
4.660168
4.661499
4.666518
4.666840
4.667557
4.669434
4.670630
4.675562
4.681648
4.682215
4.683879
4.684511
4.684633
4.686706
4.687061
4.687424
4.693852
4.697380
4.697690
4.698641
4.699971
4.701069
4.703259
4.703938
4.704207
4.707062
4.707076
4.709744
4.710797
4.711785
4.712261
4.715826
4.718375
4.719212
4.719776
4.721102
4.721609
4.721992
4.722039
4.725221
4.725834
4.726831
4.729553
4.729965
4.730634
4.731020
4.731717
4.732913
4.733149
4.733679
4.733713
4.735501
4.736641
4.737620
4.739557
4.740404
4.740452
4.741006
4.741507
4.741975
4.743113
4.744293
4.745122
4.745429
4.746655
4.747252
4.748140
4.749547
4.749743
4.749792
4.750449
4.755423
4.758845
4.759448
4.759856
4.759890
4.760828
4.761828
4.763012
4.763143
4.763526
4.765283
4.765459
4.766074
4.766125
4.767615
4.767806
4.767930
4.768657
4.770004
4.771810
4.772461
4.772604
4.772703
4.773386
4.773396
4.773497
4.773501
4.775605
4.776073
4.776317
4.776779
4.778111
4.780080
4.782007
4.782611
4.782646
4.784032
4.784319
4.785682
4.785886
4.786650
4.787829
4.788635
4.789024
4.790392
4.791573
4.792620
4.794433
4.795105
4.796626
4.798886
4.799129
4.801719
4.802176
4.803377
4.804905
4.805545
4.806701
4.807933
4.808014
4.808464
4.808740
4.809623
4.810903
4.813292
4.814458
4.815018
4.818419
4.818468
4.818734
4.818863
4.818999
4.819396
4.821034
4.821046
4.822470
4.822872
4.823180
4.823898
4.824691
4.827705
4.830697
4.830966
4.831264
4.831294
4.831470
4.831659
4.832339
4.832373
4.832613
4.833026
4.833249
4.833303
4.835329
4.836003
4.836524
4.838200
4.839238
4.840018
4.840050
4.843593
4.844407
4.844895
4.845310
4.846184
4.846532
4.846711
4.848351
4.848827
4.849285
4.850764
4.850962
4.852062
4.853552
4.854620
4.854852
4.855203
4.855365
4.855512
4.855652
4.856527
4.858891
4.858947
4.859064
4.860250
4.861487
4.862185
4.862632
4.862700
4.864160
4.865737
4.866325
4.867319
4.867635
4.867769
4.869740
4.869802
4.870416
4.873920
4.874932
4.874970
4.875618
4.875961
4.876479
4.877002
4.877034
4.877318
4.877770
4.878466
4.878598
4.879757
4.882014
4.882543
4.882802
4.883413
4.884643
4.885125
4.885190
4.885636
4.887111
4.887119
4.888699
4.889872
4.889922
4.895411
4.897856
4.898715
4.899220
4.899776
4.899801
4.900084
4.900177
4.900297
4.901547
4.902313
4.902608
4.902708
4.903253
4.904380
4.905189
4.905511
4.905599
4.906230
4.906644
4.907656
4.909478
4.910409
4.910509
4.910729
4.912277
4.913532
4.913940
4.915025
4.915920
4.918267
4.918371
4.918499
4.918946
4.919100
4.921385
4.923032
4.923804
4.923825
4.923892
4.928602
4.929407
4.931485
4.935910
4.936830
4.937308
4.940252
4.940403
4.940526
4.941192
4.943451
4.943643
4.943707
4.945323
4.947359
4.948573
4.948921
4.949050
4.949666
4.950120
4.950346
4.950757
4.951024
4.951849
4.953336
4.953547
4.954361
4.954396
4.954726
4.955003
4.956039
4.956118
4.956679
4.956785
4.958694
4.959365
4.962048
4.962236
4.962252
4.962336
4.962843
4.965177
4.966002
4.966025
4.966407
4.966471
4.968423
4.969972
4.970063
4.972870
4.973478
4.973668
4.973893
4.974956
4.974979
4.975987
4.977467
4.977619
4.977651
4.978142
4.978149
4.978506
4.978538
4.980447
4.981143
4.981365
4.984647
4.984736
4.985009
4.985358
4.985944
4.986289
4.986557
4.989460
4.990542
4.990978
4.991201
4.991654
4.993988
4.994536
4.995273
4.995331
4.995405
4.995423
4.995470
4.998879
4.999193
4.999747
5.002509
5.003955
5.004178
5.004859
5.006256
5.006721
5.007380
5.007412
5.007607
5.009028
5.009649
5.009840
5.011300
5.011525
5.012698
5.013776
5.014446
5.014512
5.016956
5.017065
5.019141
5.019773
5.025362
5.026162
5.027348
5.027682
5.027822
5.028327
5.028841
5.029138
5.029661
5.029975
5.030479
5.031536
5.033011
5.033036
5.034287
5.034521
5.034586
5.036018
5.036171
5.036392
5.036934
5.037218
5.037956
5.038882
5.039037
5.040817
5.041520
5.041668
5.044937
5.046916
5.048153
5.049112
5.051260
5.052208
5.052338
5.054393
5.056563
5.057811
5.057962
5.058612
5.058810
5.059983
5.060244
5.061342
5.061745
5.064097
5.064327
5.065291
5.066421
5.067081
5.067585
5.068610
5.069180
5.069756
5.071477
5.071520
5.071692
5.074176
5.075229
5.076096
5.076864
5.077436
5.079700
5.080212
5.080396
5.080523
5.081578
5.085716
5.086477
5.087313
5.088074
5.089336
5.089897
5.090856
5.093235
5.093616
5.094254
5.094373
5.094995
5.095829
5.095902
5.096231
5.099013
5.099358
5.099377
5.099626
5.101035
5.101461
5.102175
5.103825
5.104075
5.104268
5.105392
5.105470
5.108281
5.109288
5.109538
5.110253
5.111488
5.111553
5.112625
5.112763
5.113932
5.114542
5.114707
5.117154
5.117826
5.118382
5.119195
5.120082
5.120529
5.120686
5.122454
5.123159
5.123918
5.126484
5.127008
5.127044
5.128588
5.128828
5.128986
5.129972
5.131180
5.132885
5.133215
5.134410
5.137089
5.137127
5.138018
5.138258
5.138664
5.138860
5.138897
5.139821
5.140042
5.140827
5.142891
5.143192
5.145253
5.148449
5.149606
5.150270
5.150326
5.150911
5.151452
5.151494
5.152036
5.152940
5.153387
5.153617
5.154055
5.154605
5.154793
5.155307
5.157277
5.157615
5.157708
5.159164
5.160202
5.160842
5.161516
5.161523
5.161697
5.161736
5.161812
5.162415
5.162720
5.164250
5.166816
5.168530
5.168577
5.168618
5.168699
5.169008
5.170700
5.171205
5.172479
5.173860
5.174300
5.175171
5.175754
5.175926
5.177044
5.177500
5.179051
5.179676
5.180226
5.180377
5.181214
5.182118
5.182995
5.183190
5.184584
5.184717
5.185540
5.185857
5.186086
5.186790
5.188329
5.188532
5.188799
5.188938
5.189358
5.189973
5.191052
5.191354
5.191932
5.194005
5.194259
5.195699
5.196285
5.197090
5.197519
5.197624
5.198334
5.198423
5.199021
5.202157
5.204159
5.204165
5.204711
5.205339
5.205398
5.206138
5.206933
5.207197
5.208511
5.210447
5.210667
5.211715
5.212969
5.214279
5.215326
5.215932
5.216976
5.218631
5.219644
5.219736
5.219947
5.220999
5.221695
5.221978
5.223458
5.223459
5.223995
5.224217
5.224265
5.224401
5.224807
5.224854
5.225519
5.226202
5.229245
5.229258
5.229743
5.230090
5.230367
5.230422
5.230460
5.230670
5.231337
5.231582
5.231627
5.232726
5.232816
5.234542
5.236446
5.236859
5.237931
5.238911
5.239674
5.241181
5.241226
5.242404
5.242859
5.243087
5.243748
5.243761
5.243958
5.244161
5.245157
5.247260
5.247337
5.247830
5.248033
5.248211
5.250108
5.250804
5.251175
5.251629
5.252219
5.252434
5.252657
5.253253
5.253605
5.253880
5.254358
5.255717
5.256376
5.257159
5.257873
5.258300
5.258611
5.259857
5.259869
5.262606
5.263135
5.263834
5.264387
5.265526
5.265865
5.266162
5.266738
5.267663
5.267978
5.268984
5.269082
5.269545
5.270125
5.270501
5.271905
5.272058
5.272204
5.272970
5.273039
5.273264
5.274403
5.274709
5.274960
5.275807
5.275822
5.275978
5.277142
5.277988
5.278106
5.278174
5.278183
5.279201
5.279319
5.279346
5.279780
5.279953
5.279958
5.280504
5.281381
5.283093
5.285909
5.286555
5.286695
5.286750
5.287016
5.287574
5.287992
5.288846
5.288979
5.289220
5.289807
5.289983
5.290549
5.292386
5.293246
5.293265
5.293409
5.294795
5.295339
5.295578
5.295859
5.296566
5.296755
5.296917
5.297094
5.297337
5.297782
5.298811
5.298892
5.299212
5.300813
5.301125
5.301305
5.302493
5.302780
5.303623
5.303735
5.303742
5.303924
5.304778
5.305120
5.305945
5.306061
5.306778
5.307418
5.307447
5.308247
5.309424
5.309812
5.310106
5.310586
5.310976
5.311087
5.313388
5.313493
5.313722
5.314784
5.317193
5.317777
5.319512
5.322785
5.324010
5.324996
5.325613
5.327439
5.327579
5.329539
5.330278
5.330320
5.330503
5.331407
5.331755
5.332035
5.332766
5.333472
5.334153
5.334316
5.334663
5.335087
5.336277
5.336640
5.336676
5.337138
5.338103
5.338203
5.338490
5.338564
5.339074
5.339190
5.340704
5.343417
5.343687
5.344088
5.344940
5.345598
5.345676
5.346220
5.346341
5.346632
5.347104
5.347411
5.347916
5.349079
5.350482
5.351062
5.351313
5.351777
5.352623
5.353685
5.353787
5.354112
5.354345
5.354829
5.355149
5.355301
5.355484
5.355584
5.355960
5.356450
5.356514
5.357922
5.359128
5.359561
5.360140
5.360674
5.361447
5.363018
5.364693
5.365256
5.367382
5.367633
5.369896
5.370866
5.371311
5.371874
5.374487
5.375693
5.376251
5.377043
5.377154
5.377539
5.377804
5.378592
5.378824
5.379667
5.379766
5.380565
5.382424
5.382831
5.382894
5.383405
5.384550
5.385137
5.385448
5.385980
5.386123
5.386621
5.386726
5.387276
5.387752
5.388946
5.389298
5.389459
5.391341
5.391860
5.392836
5.392859
5.392921
5.393795
5.394905
5.395350
5.396657
5.396881
5.397262
5.397330
5.397783
5.399199
5.399818
5.400119
5.400346
5.400712
5.400943
5.401378
5.401731
5.401733
5.402213
5.404023
5.405037
5.405734
5.405962
5.407621
5.407638
5.407645
5.407720
5.407811
5.409136
5.409643
5.410074
5.410250
5.411270
5.411554
5.411733
5.412388
5.412480
5.412694
5.412807
5.413465
5.413737
5.414053
5.414132
5.414383
5.415336
5.416109
5.416327
5.416655
5.416702
5.416800
5.417864
5.418467
5.419239
5.419293
5.419620
5.420610
5.420704
5.420889
5.421421
5.421459
5.422336
5.423261
5.424651
5.426500
5.427493
5.427690
5.427824
5.427906
5.428487
5.428526
5.429671
5.429702
5.430190
5.430322
5.430551
5.430757
5.431574
5.431745
5.431819
5.431929
5.434018
5.435905
5.436120
5.436129
5.436348
5.436631
5.437576
5.438350
5.438453
5.438596
5.438946
5.439564
5.441288
5.444291
5.445319
5.445634
5.445740
5.446118
5.446691
5.446713
5.446778
5.446880
5.447748
5.448488
5.449346
5.450277
5.450521
5.450764
5.451522
5.451726
5.452118
5.452205
5.452351
5.453204
5.453294
5.453513
5.453632
5.454253
5.455824
5.457664
5.458326
5.458563
5.459047
5.459807
5.460183
5.460187
5.460838
5.462137
5.462904
5.463027
5.463938
5.464479
5.465046
5.465198
5.465326
5.465367
5.465673
5.465873
5.465972
5.466733
5.467725
5.468207
5.468803
5.469007
5.469013
5.470068
5.470723
5.472301
5.473444
5.474240
5.474732
5.474933
5.475109
5.475464
5.475839
5.475949
5.476221
5.476246
5.476453
5.477332
5.477550
5.478689
5.478749
5.478937
5.479360
5.479638
5.480214
5.480482
5.480539
5.481413
5.482465
5.483218
5.483559
5.483728
5.483831
5.484208
5.485044
5.485809
5.485815
5.486018
5.486191
5.487532
5.488460
5.489879
5.490183
5.492227
5.492640
5.492733
5.492764
5.493093
5.494459
5.494521
5.494627
5.494713
5.495227
5.497872
5.498037
5.498997
5.499034
5.499877
5.499957
5.501165
5.501170
5.502039
5.502233
5.502980
5.502990
5.503225
5.503315
5.504192
5.504339
5.504946
5.505466
5.507254
5.507972
5.508121
5.508396
5.508604
5.508641
5.508751
5.509300
5.509317
5.509697
5.509785
5.510072
5.510435
5.510868
5.511366
5.511485
5.511510
5.512717
5.512891
5.513018
5.513504
5.513734
5.514512
5.514636
5.514648
5.514733
5.515019
5.515564
5.515593
5.515739
5.516501
5.516593
5.517245
5.518079
5.519178
5.519533
5.519817
5.520261
5.520294
5.520349
5.520473
5.520784
5.520967
5.521074
5.521664
5.521840
5.521904
5.521934
5.522516
5.522574
5.522958
5.523283
5.523749
5.525721
5.525839
5.526291
5.526670
5.527080
5.527393
5.528792
5.529506
5.529633
5.532031
5.532102
5.532352
5.532361
5.533111
5.533595
5.534121
5.534398
5.534543
5.534571
5.535175
5.535443
5.537705
5.537920
5.538020
5.538078
5.538580
5.538630
5.538661
5.538789
5.538789
5.539695
5.540023
5.540262
5.540298
5.540684
5.541388
5.541788
5.542761
5.544003
5.544271
5.544491
5.544766
5.544853
5.545220
5.545931
5.547097
5.547398
5.548101
5.549324
5.549623
5.549911
5.550062
5.550130
5.550212
5.550969
5.551781
5.552476
5.552542
5.553159
5.553598
5.554317
5.554385
5.554653
5.555418
5.555440
5.555557
5.556098
5.557378
5.557642
5.557698
5.557976
5.558965
5.559062
5.559072
5.559161
5.559210
5.559518
5.559906
5.561898
5.562069
5.562131
5.562314
5.562757
5.563314
5.564076
5.564196
5.565729
5.566019
5.566609
5.567209
5.567607
5.567783
5.568048
5.568101
5.569776
5.570476
5.571753
5.571885
5.572812
5.573254
5.573634
5.573812
5.573870
5.574072
5.574373
5.574896
5.575851
5.575867
5.576327
5.576910
5.577055
5.577809
5.578028
5.578125
5.578578
5.578639
5.579759
5.579813
5.579885
5.579905
5.580136
5.580322
5.580726
5.580910
5.581048
5.581090
5.582135
5.582302
5.582426
5.582682
5.582963
5.583071
5.583076
5.583199
5.583844
5.584864
5.587094
5.587107
5.588117
5.588256
5.589023
5.589272
5.589283
5.589448
5.589736
5.589815
5.589971
5.590244
5.590734
5.591002
5.592338
5.592366
5.592546
5.592727
5.592856
5.593216
5.593393
5.593535
5.593648
5.594019
5.594266
5.594338
5.594449
5.594571
5.594687
5.594848
5.595047
5.595202
5.595920
5.596383
5.596408
5.596527
5.596706
5.597562
5.597732
5.597754
5.598586
5.598846
5.599402
5.599833
5.600154
5.600273
5.600698
5.601035
5.601121
5.601401
5.601686
5.601718
5.601721
5.601738
5.601812
5.601875
5.602339
5.602495
5.602512
5.602717
5.603393
5.603880
5.604219
5.604945
5.605523
5.605900
5.606421
5.606510
5.607110
5.607350
5.608665
5.608716
5.608975
5.610335
5.610349
5.610673
5.611004
5.611572
5.611733
5.612514
5.612980
5.613321
5.613378
5.614038
5.614294
5.614677
5.614776
5.614822
5.614985
5.615107
5.615237
5.615448
5.615531
5.615584
5.615891
5.616279
5.616534
5.616919
5.617567
5.617685
5.617844
5.618091
5.618122
5.618232
5.618304
5.618412
5.618552
5.619323
5.619628
5.622386
5.622819
5.623588
5.623621
5.623919
5.624012
5.624054
5.624268
5.624874
5.624889
5.624927
5.625017
5.626298
5.626730
5.627181
5.627924
5.628149
5.628607
5.628636
5.628822
5.629077
5.629521
5.629878
5.630006
5.630305
5.630825
5.631450
5.631599
5.631782
5.631873
5.632120
5.632174
5.632211
5.632682
5.632689
5.632851
5.633713
5.633948
5.634058
5.634422
5.634451
5.635229
5.635810
5.635846
5.635847
5.636521
5.636818
5.637386
5.637660
5.637891
5.637901
5.637938
5.638179
5.638223
5.639361
5.639470
5.640088
5.640091
5.640277
5.640392
5.640701
5.640727
5.640798
5.640930
5.641114
5.641769
5.641907
5.642028
5.642161
5.642529
5.642674
5.643171
5.643309
5.643631
5.643837
5.643879
5.643993
5.644032
5.644182
5.644458
5.644934
5.645856
5.646093
5.646102
5.647346
5.647505
5.647710
5.647935
5.648063
5.648146
5.648187
5.648224
5.648336
5.648733
5.649147
5.649362
5.649683
5.649761
5.649901
5.650034
5.650051
5.650069
5.650157
5.650223
5.650427
5.651314
5.651689
5.651854
5.651916
5.652405
5.652517
5.652735
5.652750
5.652754
5.652808
5.652914
5.653029
5.653232
5.653366
5.653532
5.653709
5.654292
5.654592
5.655008
5.655126
5.655657
5.655663
5.656001
5.656007
5.656079
5.658688
5.658949
5.659265
5.659839
5.659922
5.660320
5.660337
5.660491
5.661486
5.662288
5.663508
5.664123
5.664291
5.664351
5.664524
5.664527
5.664767
5.664906
5.664920
5.665498
5.665649
5.665689
5.665925
5.666074
5.666162
5.666520
5.666848
5.667511
5.667977
5.668487
5.668652
5.668660
5.668885
5.669014
5.669075
5.669220
5.669482
5.669919
5.670255
5.670488
5.671599
5.671888
5.672060
5.672256
5.672390
5.672830
5.673284
5.673577
5.673729
5.673800
5.674342
5.674453
5.674497
5.674512
5.674623
5.674867
5.674966
5.675115
5.675528
5.675773
5.675783
5.675798
5.675844
5.676116
5.676595
5.676849
5.676963
5.677048
5.677159
5.677360
5.677503
5.677744
5.677914
5.678258
5.678349
5.678939
5.679238
5.679378
5.679742
5.679837
5.680312
5.680323
5.680399
5.680465
5.680604
5.680623
5.681182
5.681184
5.681365
5.681427
5.681857
5.682789
5.683099
5.683589
5.683695
5.683756
5.684330
5.685389
5.685485
5.685551
5.685611
5.685802
5.685869
5.686178
5.686884
5.687172
5.687529
5.688037
5.688038
5.688075
5.688160
5.688289
5.688368
5.688435
5.688440
5.688495
5.688604
5.688713
5.688810
5.688961
5.689260
5.689266
5.689433
5.689525
5.689934
5.689961
5.690111
5.690231
5.690362
5.690385
5.690581
5.690862
5.690957
5.690974
5.691130
5.691400
5.691488
5.691491
5.691677
5.691749
5.691843
5.691889
5.691901
5.691906
5.691977
5.692102
5.692113
5.692144
5.692152
5.692178
5.692220
5.692234
5.692253
5.692293
5.692300
5.692300
5.692301
5.692301
5.692301
5.692301
5.692301
5.692302
5.692302
5.692302
5.692303
5.692304
5.692305
5.692307
