1.000000
1.376510
1.504308
1.687892
1.789063
1.966088
2.062762
2.113323
2.175947
2.200271
2.223330
2.297853
2.362838
2.392772
2.473716
2.503467
2.608062
2.687392
2.701425
2.701812
2.702237
2.748833
2.821181
2.822055
2.988647
2.993202
3.056890
3.085199
3.097772
3.179251
3.229924
3.298805
3.304705
3.409530
3.499373
3.516066
3.596616
3.624806
3.641826
3.674301
3.676389
3.740430
3.766549
3.856255
3.879093
3.914377
3.945110
3.972275
3.972357
4.103763
4.158021
4.209193
4.213090
4.218496
4.268363
4.362101
4.481352
4.503747
4.519842
4.535520
4.585039
4.605978
4.607187
4.722870
4.731498
4.759953
4.809342
4.860789
5.012377
5.077419
5.182769
5.262255
5.266750
5.289424
5.337539
5.344653
5.357605
5.371735
5.412062
5.446173
5.460568
5.489153
5.503455
5.594773
5.636029
5.661135
5.674635
5.698002
5.752043
5.754671
5.853783
5.891150
6.011754
6.038857
6.059013
6.061942
6.087688
6.097687
6.111114
6.220809
6.279905
6.323932
6.367034
6.406283
6.465452
6.510297
6.541909
6.552142
6.555564
6.586012
6.696325
6.780391
6.790618
6.870993
6.926467
6.942361
6.943796
7.015905
7.073536
7.134146
7.260511
7.299007
7.315000
7.522867
7.562435
7.640768
7.664785
7.685051
7.692051
7.737662
7.740478
7.774676
7.836486
7.909571
7.953292
7.986122
8.252951
8.344766
8.408175
8.476181
8.476199
8.500264
8.603971
8.646557
8.978200
9.031812
9.080606
9.163916
9.219680
9.306622
9.366115
9.368244
9.402963
9.454695
9.514075
9.519171
9.532395
9.573936
9.641698
9.671455
9.683881
9.774376
9.799673
9.934397
9.977579
9.982249
10.037845
10.042586
10.054939
10.105338
10.116042
10.133111
10.147202
10.156894
10.219151
10.280388
10.281066
10.282227
10.326704
10.327484
10.375581
10.415372
10.445657
10.502539
10.510860
10.559880
10.592520
10.612757
10.636217
10.652333
10.665537
10.804317
10.907308
11.033461
11.041124
11.094205
11.180875
11.198497
11.248176
11.286688
11.290534
11.290588
11.360712
11.367449
11.371084
11.391784
11.406523
11.412076
11.463958
11.512591
11.526105
11.528020
11.544044
11.567389
11.576383
11.580953
11.616310
11.621561
11.623195
11.626431
11.629279
11.709590
11.718676
11.740307
11.744104
11.748644
11.754538
11.801173
11.804637
11.807603
11.807755
11.814100
11.815478
11.823336
11.824841
11.832476
11.839294
11.854687
11.862181
11.894114
11.948895
11.961000
11.967694
11.968596
11.973567
12.009581
12.017184
12.017440
12.028190
12.042173
12.042550
12.045827
12.050860
12.073675
12.095331
12.102648
12.109674
12.109718
12.109736
12.119415
12.122188
12.139493
12.156984
12.157456
12.191459
12.198909
12.205406
12.212258
12.212301
12.222427
12.225455
12.232766
12.235012
12.245491
12.255967
12.261096
12.261434
12.266696
12.267523
12.268727
12.273872
12.275699
12.281130
12.289599
12.296491
12.308022
12.311200
12.322971
12.333861
12.336891
12.339314
12.356604
12.360334
12.365981
12.376745
12.383261
12.383517
12.391778
12.397722
12.405353
12.409662
12.413879
12.418589
12.424206
12.429295
12.434470
12.458234
12.474626
12.475216
12.477239
12.492863
12.493414
12.510227
12.516415
12.519406
12.544766
12.551455
12.557729
12.564461
12.565445
12.571429
12.580883
12.581009
12.585286
12.594985
12.612414
12.613310
12.620314
12.630167
12.632442
12.648282
12.648428
12.664284
12.673213
12.681739
12.697600
12.705382
12.717388
12.721519
12.760862
12.774371
12.777796
12.782136
12.785892
12.788278
12.797032
12.798409
12.802170
12.808037
12.814931
12.823725
12.829472
12.835640
12.836429
12.845709
12.873388
12.879737
12.913428
12.914753
12.917354
12.938142
12.942815
12.943580
12.944143
12.954553
12.957681
12.960117
12.972800
12.983667
12.990242
12.999261
12.999510
13.015211
13.023026
13.024525
13.030906
13.043451
13.048189
13.048373
13.048771
13.053385
13.054749
13.057175
13.061299
13.074368
13.081612
13.082042
13.088299
13.093373
13.099198
13.105256
13.106468
13.109136
13.131024
13.134184
13.144838
13.149220
13.153709
13.171931
13.172954
13.175315
13.187342
13.188859
13.188962
13.189484
13.191720
13.194032
13.200806
13.210371
13.213009
13.215605
13.220087
13.229832
13.236189
13.256774
13.259636
13.263864
13.267167
13.276148
13.276505
13.278124
13.283731
13.287015
13.290655
13.296263
13.303008
13.307531
13.311662
13.315957
13.324163
13.330736
13.332696
13.333529
13.345055
13.345562
13.356592
13.356709
13.357825
13.366425
13.369877
13.378962
13.381853
13.390358
13.395840
13.396993
13.410016
13.417028
13.422609
13.424434
13.424588
13.442690
13.446535
13.447880
13.455197
13.468266
13.469381
13.486808
13.494236
13.496752
13.499876
13.503116
13.509777
13.512091
13.521008
13.521527
13.527978
13.528162
13.528799
13.534227
13.576517
13.578030
13.584583
13.584654
13.585382
13.588541
13.593916
13.597091
13.603920
13.609829
13.610185
13.610626
13.616511
13.625646
13.625878
13.626966
13.628928
13.632653
13.639630
13.645865
13.653388
13.654547
13.657673
13.664247
13.679445
13.681552
13.684170
13.689001
13.691313
13.699528
13.722333
13.727534
13.728416
13.744506
13.754796
13.755513
13.757756
13.758069
13.771888
13.776584
13.784397
13.789447
13.797270
13.800095
13.804707
13.805461
13.813963
13.817715
13.832207
13.837769
13.839383
13.840394
13.844349
13.849913
13.859736
13.860088
13.866031
13.871608
13.874708
13.876084
13.890628
13.891421
13.899979
13.900857
13.922317
13.925055
13.926342
13.931726
13.935081
13.938648
13.940502
13.948686
13.951457
13.951718
13.953376
13.955320
13.958386
13.959691
13.962006
13.963103
13.963200
13.963316
13.974153
13.976823
13.984159
13.986290
13.989627
14.002184
14.003767
14.004519
14.011707
14.015522
14.023564
14.023713
14.023770
14.025348
14.027287
14.030903
14.036977
14.042422
14.047844
14.051256
14.060827
14.061370
14.062302
14.062621
14.064430
14.064628
14.066449
14.068279
14.073983
14.076699
14.080554
14.082494
14.083023
14.084896
14.085037
14.088496
14.092123
14.097378
14.102084
14.106931
14.106990
14.115337
14.115888
14.120803
14.122501
14.122985
14.131816
14.132730
14.134986
14.146045
14.150134
14.152435
14.153482
14.153787
14.159288
14.161268
14.167733
14.168314
14.171562
14.172604
14.180534
14.181695
14.182902
14.184372
14.188386
14.194305
14.198801
14.208089
14.210417
14.214847
14.220900
14.221834
14.224494
14.228390
14.229013
14.229874
14.230004
14.235123
14.235662
14.246958
14.260555
14.272905
14.273628
14.274833
14.282077
14.282175
14.283353
14.290633
14.292490
14.293368
14.296065
14.301493
14.307081
14.308743
14.311136
14.321497
14.323214
14.324226
14.326062
14.327259
14.327418
14.327546
14.329380
14.330206
14.335464
14.336190
14.337612
14.337948
14.343741
14.344891
14.346216
14.349384
14.349974
14.353320
14.354598
14.357388
14.357777
14.359064
14.363276
14.365851
14.367910
14.368874
14.372321
14.372752
14.373460
14.375357
14.375440
14.377184
14.378051
14.381350
14.381631
14.381859
14.383649
14.384815
14.385135
14.392676
14.393138
14.393837
14.400794
14.408069
14.418276
14.418470
14.421785
14.422908
14.424534
14.430986
14.431124
14.433557
14.434122
14.439060
14.444296
14.444657
14.447055
14.448354
14.449903
14.451663
14.454041
14.454286
14.455874
14.456100
14.459163
14.464216
14.464943
14.466475
14.467884
14.470655
14.471098
14.471116
14.472113
14.472253
14.472369
14.472630
14.474363
14.479159
14.479609
14.486046
14.488740
14.489797
14.490722
14.493546
14.494042
14.495848
14.498244
14.500326
14.500363
14.505235
14.506074
14.507298
14.507902
14.509530
14.510962
14.517744
14.522589
14.523425
14.529467
14.529490
14.531547
14.532025
14.534807
14.535151
14.536855
14.538790
14.540066
14.542657
14.543690
14.544836
14.547761
14.551085
14.551630
14.556703
14.560735
14.562070
14.562531
14.564447
14.565745
14.568682
14.569206
14.571860
14.573745
14.573958
14.575363
14.575799
14.576666
14.576666
14.580604
14.580847
14.584594
14.585988
14.588839
14.590954
14.593184
14.594615
14.598601
14.600603
14.602948
14.604279
14.607071
14.610190
14.611358
14.613560
14.614658
14.615238
14.615371
14.615712
14.620324
14.620387
14.620736
14.620827
14.621949
14.622102
14.623334
14.624700
14.629421
14.630793
14.635441
14.636361
14.636857
14.637368
14.637497
14.637933
14.638349
14.638914
14.641728
14.641764
14.649566
14.655966
14.659522
14.659616
14.661149
14.661357
14.662603
14.665536
14.669454
14.670992
14.673452
14.673589
14.674292
14.676774
14.683905
14.688692
14.691595
14.694006
14.694557
14.696692
14.696918
14.700201
14.702766
14.703525
14.704372
14.706041
14.707129
14.707473
14.712779
14.716087
14.720207
14.720959
14.721064
14.722913
14.728332
14.733175
14.736881
14.737934
14.739575
14.742592
14.743708
14.744950
14.747153
14.752439
14.754166
14.754418
14.754593
14.756999
14.765840
14.766691
14.767159
14.769422
14.769733
14.769917
14.773114
14.773488
14.774097
14.774933
14.775341
14.776001
14.777411
14.781131
14.785371
14.786351
14.786507
14.788109
14.791489
14.792264
14.797681
14.799360
14.799458
14.800040
14.800259
14.802140
14.805214
14.809836
14.810447
14.811225
14.814458
14.815606
14.817391
14.817863
14.818279
14.818833
14.823491
14.825342
14.825576
14.828533
14.828682
14.835184
14.836437
14.837301
14.838435
14.840575
14.842082
14.842278
14.845336
14.849177
14.850616
14.850991
14.851896
14.852110
14.852126
14.853716
14.854457
14.854607
14.854632
14.855296
14.858006
14.858953
14.860676
14.862758
14.872972
14.874108
14.874351
14.875061
14.876204
14.878542
14.883024
14.886907
14.887603
14.888440
14.890210
14.893183
14.893314
14.893979
14.894979
14.899315
14.899364
14.900136
14.900460
14.902533
14.903289
14.905288
14.905652
14.908113
14.909679
14.918285
14.918512
14.921297
14.922331
14.924456
14.925063
14.925830
14.928935
14.930837
14.931292
14.934622
14.935736
14.936807
14.940176
14.942134
14.944235
14.944513
14.944977
14.948733
14.952188
14.952413
14.953106
14.954641
14.955114
14.955692
14.957673
14.958539
14.959558
14.961320
14.961553
14.962959
14.963809
14.963935
14.967460
14.968690
14.968941
14.969344
14.969946
14.971381
14.972095
14.973464
14.974541
14.975261
14.976022
14.977160
14.978237
14.979323
14.979818
14.982965
14.984035
14.986718
14.988083
14.989311
14.995719
14.996467
14.996808
14.998306
14.998402
15.001645
15.002028
15.004376
15.005343
15.006406
15.010041
15.011481
15.012156
15.012193
15.012858
15.013647
15.014034
15.014324
15.018793
15.020141
15.022738
15.025089
15.025208
15.029277
15.030050
15.030568
15.031443
15.031635
15.032021
15.033548
15.034753
15.035687
15.037244
15.041099
15.043113
15.044852
15.050054
15.051896
15.052517
15.058708
15.060719
15.061668
15.063452
15.064837
15.065190
15.065590
15.065947
15.066052
15.067719
15.067863
15.068733
15.076923
15.077111
15.077840
15.079557
15.080514
15.082056
15.082542
15.083577
15.086072
15.087084
15.088309
15.093621
15.095260
15.095929
15.096017
15.096828
15.097157
15.099230
15.099650
15.102774
15.103892
15.106144
15.106477
15.109732
15.110835
15.116799
15.122112
15.125788
15.127182
15.128139
15.128702
15.129240
15.129514
15.129671
15.130339
15.134389
15.137071
15.137880
15.138899
15.139750
15.141292
15.142034
15.142400
15.146155
15.147507
15.148472
15.149617
15.151554
15.151594
15.152879
15.153195
15.153659
15.154388
15.156395
15.156919
15.157350
15.157903
15.160098
15.161568
15.162600
15.162889
15.164573
15.165217
15.165420
15.166247
15.167338
15.168304
15.170181
15.170602
15.170837
15.171020
15.171033
15.171868
15.172415
15.174325
15.177167
15.183483
15.184432
15.185607
15.186846
15.188535
15.189118
15.189917
15.190006
15.190187
15.190341
15.190628
15.191417
15.193570
15.194335
15.195291
15.196907
15.197008
15.197269
15.198062
15.198065
15.200992
15.201056
15.201785
15.203501
15.203862
15.205627
15.207335
15.210181
15.210186
15.210649
15.211226
15.211597
15.212736
15.215629
15.218206
15.218844
15.219670
15.221177
15.224951
15.225830
15.226689
15.227128
15.233810
15.236532
15.237180
15.239796
15.240611
15.241389
15.241887
15.242672
15.242856
15.243671
15.244539
15.249976
15.250428
15.251133
15.252032
15.253799
15.256802
15.256863
15.257484
15.258080
15.258173
15.258596
15.259513
15.260062
15.260674
15.260720
15.269968
15.270889
15.270909
15.271898
15.272633
15.273261
15.274098
15.274649
15.276291
15.277897
15.279370
15.280033
15.280073
15.280680
15.281576
15.283538
15.284593
15.286402
15.286800
15.287976
15.291271
15.291901
15.294461
15.294477
15.297382
15.300461
15.300875
15.301747
15.302000
15.302024
15.302686
15.303175
15.307680
15.308121
15.310259
15.310943
15.311431
15.313410
15.313478
15.314398
15.315116
15.317829
15.318942
15.319164
15.319689
15.319993
15.324718
15.327888
15.327917
15.329912
15.330369
15.330612
15.331566
15.332001
15.333583
15.333754
15.335622
15.336843
15.343294
15.343638
15.345664
15.346797
15.347720
15.347754
15.349801
15.352524
15.353353
15.353540
15.354315
15.359950
15.362297
15.362905
15.364940
15.365107
15.365805
15.367221
15.370618
15.371039
15.372499
15.372692
15.375044
15.376783
15.377948
15.380812
15.380904
15.382329
15.382421
15.384930
15.385705
15.386924
15.387888
15.388389
15.389813
15.391584
15.392068
15.393261
15.394677
15.395835
15.397337
15.399972
15.400166
15.400317
15.401722
15.402248
15.403248
15.406666
15.406748
15.407421
15.410138
15.410337
15.410386
15.411236
15.412596
15.413028
15.413281
15.413613
15.416045
15.417185
15.417275
15.419641
15.420093
15.421694
15.422079
15.423024
15.423151
15.423965
15.425406
15.426907
15.427692
15.427990
15.431216
15.431935
15.434902
15.437008
15.438216
15.438397
15.440351
15.444654
15.444921
15.445283
15.447675
15.448968
15.450799
15.451060
15.451540
15.451663
15.454695
15.455142
15.456712
15.457691
15.458551
15.458557
15.458937
15.462563
15.466246
15.466745
15.470387
15.473231
15.473759
15.474283
15.474469
15.474637
15.475404
15.476597
15.477329
15.478536
15.479276
15.481509
15.483474
15.483774
15.487028
15.488098
15.488385
15.488402
15.488609
15.489726
15.489878
15.493514
15.493522
15.493550
15.493752
15.493895
15.496909
15.498061
15.498258
15.498366
15.498933
15.502008
15.502433
15.503395
15.505154
15.505593
15.505774
15.507067
15.507297
15.507612
15.508750
15.508760
15.509342
15.509740
15.511504
15.511677
15.512877
15.514196
15.515408
15.517017
15.517994
15.518044
15.518464
15.519926
15.521230
15.521770
15.522388
15.526690
15.529605
15.529648
15.530990
15.531712
15.532911
15.533122
15.533531
15.534137
15.535800
15.537218
15.537734
15.538569
15.539147
15.539269
15.540813
15.542070
15.542766
15.542773
15.545579
15.545647
15.547300
15.548678
15.549076
15.550225
15.550447
15.552435
15.552846
15.552916
15.554265
15.554441
15.555447
15.556724
15.556777
15.558232
15.559403
15.559530
15.560253
15.563685
15.564460
15.565246
15.566457
15.568091
15.568463
15.572223
15.572417
15.576568
15.579739
15.582946
15.584280
15.584654
15.584854
15.586390
15.587976
15.588306
15.588802
15.589225
15.591154
15.591660
15.592700
15.592742
15.593054
15.594357
15.595968
15.599414
15.599756
15.599803
15.600183
15.602945
15.603665
15.604395
15.605584
15.608803
15.611041
15.615096
15.615145
15.616454
15.616725
15.617041
15.619812
15.620955
15.622372
15.624813
15.630655
15.632847
15.633870
15.634170
15.638452
15.639065
15.639439
15.641048
15.642550
15.643538
15.643544
15.644759
15.644807
15.645264
15.646156
15.648205
15.648820
15.650421
15.653360
15.654953
15.655346
15.655757
15.656069
15.656399
15.656590
15.659122
15.660981
15.661137
15.662598
15.663363
15.663930
15.666398
15.668163
15.669323
15.672110
15.672197
15.673317
15.674798
15.676648
15.680310
15.681257
15.681296
15.683363
15.685291
15.687366
15.687403
15.687668
15.687980
15.689794
15.691650
15.692095
15.693847
15.694770
15.694960
15.695170
15.698536
15.698771
15.699504
15.700557
15.701380
15.703762
15.705653
15.707975
15.708253
15.709094
15.709901
15.710774
15.712581
15.712649
15.714133
15.714170
15.714740
15.714872
15.716722
15.716868
15.717574
15.719812
15.719994
15.722608
15.725391
15.726649
15.727377
15.727995
15.728189
15.730893
15.731504
15.732320
15.732374
15.732622
15.732693
15.733199
15.734113
15.736253
15.737473
15.739904
15.740932
15.742972
15.743507
15.745580
15.748866
15.749153
15.749210
15.749258
15.750545
15.751624
15.751950
15.752489
15.752883
15.753159
15.755319
15.756974
15.757504
15.757572
15.758277
15.760712
15.760720
15.760964
15.761151
15.761816
15.762383
15.768788
15.770047
15.770497
15.771930
15.773993
15.774014
15.774900
15.776461
15.777545
15.777752
15.779337
15.781563
15.782119
15.783119
15.784520
15.785054
15.786295
15.786495
15.786625
15.787896
15.788042
15.789272
15.789618
15.789646
15.790667
15.791881
15.793275
15.793940
15.794799
15.795718
15.796895
15.797105
15.798945
15.799238
15.801071
15.801122
15.802042
15.802862
15.804873
15.805026
15.805328
15.807643
15.812402
15.812443
15.815429
15.817472
15.818811
15.819445
15.820531
15.820917
15.822005
15.824945
15.825721
15.825876
15.826774
15.828129
15.829558
15.833216
15.834306
15.834733
15.837443
15.837617
15.837977
15.839604
15.841140
15.841614
15.843204
15.843861
15.844415
15.846043
15.848125
15.848908
15.850883
15.851945
15.855309
15.856092
15.856702
15.857985
15.858225
15.858292
15.859298
15.860804
15.861118
15.863127
15.864673
15.864690
15.864993
15.866347
15.867657
15.867678
15.868361
15.868688
15.869636
15.869807
15.872221
15.872648
15.873094
15.873548
15.874724
15.874798
15.875491
15.875713
15.876756
15.877007
15.877265
15.878339
15.878411
15.879888
15.881972
15.883571
15.884215
15.884902
15.885274
15.885866
15.886123
15.887846
15.888579
15.889997
15.890835
15.890904
15.891706
15.893356
15.895328
15.895627
15.896406
15.896571
15.896677
15.896864
15.897493
15.898976
15.899969
15.900291
15.901312
15.901584
15.903316
15.903966
15.904681
15.904871
15.905180
15.905536
15.905937
15.906676
15.907353
15.907428
15.908230
15.909885
15.910778
15.910904
15.911120
15.912510
15.913472
15.914066
15.914181
15.914410
15.914440
15.915202
15.915935
15.917409
15.917706
15.917732
15.917789
15.918664
15.918738
15.919007
15.919294
15.919406
15.920337
15.920431
15.921407
15.921475
15.923131
15.923725
15.924013
15.924955
15.927184
15.928832
15.928996
15.929129
15.930224
15.931635
15.932444
15.932572
15.933779
15.936124
15.936631
15.936813
15.936853
15.937236
15.937255
15.939967
15.940331
15.940362
15.941095
15.941982
15.942093
15.942360
15.942722
15.943531
15.947424
15.947482
15.948997
15.949806
15.950591
15.950884
15.952148
15.952803
15.952956
15.955177
15.955989
15.957723
15.958055
15.958805
15.959380
15.959586
15.959888
15.961902
15.963128
15.963387
15.963537
15.964371
15.965029
15.965465
15.966299
15.966738
15.969546
15.971099
15.971216
15.971770
15.972528
15.973776
15.974365
15.975114
15.975139
15.975492
15.976780
15.976847
15.977966
15.978576
15.979601
15.979864
15.980581
15.981481
15.981575
15.982984
15.983341
15.983971
15.984032
15.984532
15.985083
15.985673
15.985928
15.986587
15.988339
15.988754
15.989239
15.992436
15.992676
15.993516
15.994488
15.995420
15.995722
15.996552
15.996851
15.999069
15.999170
15.999250
15.999934
16.002930
16.003180
16.003632
16.003637
16.003950
16.004141
16.006838
16.006874
16.007099
16.007296
16.007399
16.008091
16.008772
16.009001
16.009401
16.009789
16.010492
16.011971
16.012054
16.016657
16.017187
16.018965
16.020391
16.020651
16.021593
16.021696
16.021782
16.021906
16.022228
16.022989
16.023266
16.023584
16.023808
16.024237
16.024284
16.024508
16.025188
16.026114
16.026215
16.027834
16.028191
16.028618
16.029762
16.031275
16.031731
16.034018
16.034077
16.034252
16.034384
16.035059
16.035231
16.035532
16.035555
16.036119
16.039888
16.039904
16.040033
16.041161
16.041771
16.042154
16.042419
16.042465
16.043697
16.044254
16.044388
16.046068
16.048170
16.049170
16.049711
16.050198
16.050610
16.050943
16.051258
16.054754
16.055201
16.055288
16.055313
16.055960
16.055986
16.056135
16.057417
16.057571
16.057951
16.058149
16.058283
16.061714
16.061743
16.062014
16.062967
16.063042
16.063068
16.064159
16.065109
16.066393
16.066519
16.067234
16.068316
16.068329
16.068441
16.068485
16.068726
16.070856
16.073174
16.073639
16.078760
16.079893
16.080170
16.081141
16.081488
16.081518
16.083223
16.084246
16.084488
16.084761
16.085268
16.085632
16.087763
16.088486
16.088717
16.090286
16.092281
16.093058
16.093908
16.095362
16.096067
16.096115
16.096973
16.097061
16.097113
16.099110
16.099562
16.099733
16.100073
16.101065
16.104225
16.105782
16.108763
16.108824
16.109076
16.109077
16.110203
16.110266
16.111223
16.111805
16.111847
16.112541
16.112841
16.114174
16.114429
16.114952
16.115343
16.115717
16.118374
16.118668
16.120337
16.120974
16.122656
16.123064
16.123695
16.124605
16.124723
16.125017
16.125525
16.125574
16.125927
16.127020
16.127277
16.128407
16.130096
16.130163
16.130806
16.133213
16.133453
16.133867
16.136868
16.137506
16.139532
16.139727
16.140364
16.140398
16.140398
16.141432
16.141697
16.142328
16.143332
16.144131
16.144987
16.145384
16.145712
16.145718
16.147017
16.147339
16.147835
16.148134
16.148355
16.149029
16.150335
16.150373
16.150591
16.151318
16.152094
16.152460
16.153103
16.153240
16.154501
16.154682
16.155621
16.158714
16.158972
16.159122
16.159445
16.159851
16.160814
16.161066
16.161322
16.161541
16.162113
16.162146
16.162596
16.163507
16.164923
16.165691
16.166222
16.166485
16.167122
16.168238
16.168495
16.170717
16.172010
16.173038
16.174055
16.174238
16.176302
16.176447
16.177036
16.178427
16.179171
16.179749
16.180861
16.180954
16.181133
16.185997
16.187397
16.189548
16.190458
16.191177
16.191227
16.191814
16.191891
16.192051
16.193033
16.193996
16.194960
16.195322
16.195694
16.196381
16.199148
16.199869
16.200394
16.200607
16.200634
16.201294
16.201298
16.202353
16.203688
16.204214
16.205151
16.206362
16.207115
16.207308
16.207560
16.208271
16.209009
16.209042
16.209347
16.210575
16.212349
16.212912
16.213224
16.216801
16.217066
16.217276
16.218061
16.218292
16.218647
16.220709
16.221285
16.223309
16.224199
16.225927
16.226114
16.226706
16.227503
16.228369
16.228455
16.229385
16.230225
16.230957
16.233307
16.234097
16.234831
16.235323
16.235441
16.236876
16.238935
16.240204
16.240841
16.244312
16.245535
16.245806
16.246000
16.247940
16.248194
16.248196
16.249062
16.250179
16.250551
16.252302
16.253338
16.254694
16.256708
16.256840
16.257551
16.258289
16.258474
16.258575
16.258900
16.259045
16.259851
16.260006
16.260767
16.261192
16.261906
16.262188
16.263189
16.263460
16.264004
16.264341
16.266670
16.267828
16.268047
16.269495
16.270113
16.271524
16.272293
16.272705
16.275036
16.276106
16.276266
16.277323
16.277340
16.277489
16.277569
16.277996
16.278269
16.278759
16.281345
16.282019
16.283873
16.284002
16.285480
16.285513
16.286108
16.286184
16.286657
16.286818
16.288771
16.291039
16.291258
16.291296
16.291533
16.291561
16.291931
16.292332
16.292339
16.293781
16.294048
16.295116
16.295153
16.295715
16.295834
16.296015
16.296677
16.296883
16.297667
16.299284
16.299524
16.299921
16.301014
16.301811
16.302189
16.302988
16.303038
16.303391
16.304539
16.304596
16.305170
16.306210
16.306494
16.307211
16.307238
16.307436
16.309677
16.310312
16.310539
16.310755
16.311523
16.312889
16.313026
16.313221
16.313889
16.314312
16.315077
16.315302
16.315615
16.316158
16.316225
16.316650
16.317013
16.317787
16.317858
16.318169
16.319422
16.319672
16.320667
16.321564
16.322142
16.322285
16.324221
16.324715
16.324743
16.325895
16.326246
16.326689
16.327351
16.328197
16.328360
16.329046
16.331755
16.332197
16.332609
16.332745
16.332840
16.335140
16.335222
16.335676
16.336002
16.336432
16.337452
16.337801
16.339216
16.340908
16.341093
16.341490
16.341648
16.341679
16.342257
16.342455
16.343491
16.344786
16.346447
16.346447
16.346512
16.346825
16.346912
16.347250
16.348904
16.348957
16.350050
16.350246
16.350817
16.351816
16.352018
16.352190
16.352858
16.353281
16.354412
16.354998
16.355249
16.355631
16.355679
16.355852
16.356201
16.357153
16.357790
16.359167
16.359873
16.362070
16.363022
16.363733
16.365110
16.365427
16.365612
16.366072
16.366163
16.367376
16.367859
16.368862
16.369350
16.369671
16.371624
16.371758
16.372429
16.373070
16.376129
16.376587
16.376982
16.376993
16.377352
16.377850
16.378782
16.378952
16.379093
16.379173
16.380686
16.381037
16.383808
16.383808
16.384220
16.385485
16.385708
16.385900
16.387094
16.387167
16.389881
16.391283
16.391586
16.393091
16.393095
16.394121
16.394560
16.394934
16.395113
16.395426
16.395937
16.397411
16.398172
16.398571
16.402651
16.402725
16.403103
16.403679
16.403732
16.404173
16.406580
16.406937
16.407471
16.408674
16.408838
16.410147
16.410444
16.411079
16.412848
16.416142
16.416176
16.417345
16.417505
16.419289
16.419447
16.419470
16.420050
16.420067
16.420544
16.421213
16.422234
16.423254
16.424221
16.424816
16.425024
16.425413
16.425871
16.426434
16.426754
16.427675
16.428167
16.428827
16.428831
16.429440
16.429827
16.429951
16.430092
16.430422
16.430939
16.431360
16.431730
16.432264
16.432577
16.432980
16.433384
16.433706
16.433792
16.433989
16.434101
16.434252
16.434555
16.434687
16.435440
16.436569
16.438864
16.438961
16.439480
16.439634
16.440237
16.440277
16.440607
16.441465
16.442104
16.442436
16.443420
16.444321
16.444920
16.445826
16.446173
16.447292
16.447735
16.447977
16.447983
16.448578
16.448811
16.449169
16.449282
16.449690
16.449772
16.450409
16.450575
16.452629
16.452822
16.453457
16.453831
16.455263
16.456238
16.456535
16.459452
16.459734
16.460018
16.460476
16.460880
16.461779
16.462296
16.464098
16.464289
16.464701
16.466576
16.468269
16.468794
16.469419
16.469738
16.469936
16.469967
16.473494
16.474123
16.474882
16.477427
16.478262
16.478651
16.479084
16.479834
16.480082
16.480915
16.481335
16.481352
16.481634
16.482367
16.483191
16.484989
16.485161
16.485405
16.485703
16.486038
16.486271
16.486620
16.486900
16.487118
16.489082
16.489141
16.490370
16.491144
16.492104
16.492830
16.493858
16.494734
16.495020
16.495104
16.495811
16.495848
16.496094
16.496166
16.496555
16.496590
16.497538
16.498009
16.500610
16.500753
16.502205
16.502628
16.503214
16.504044
16.504076
16.504515
16.504782
16.505121
16.505245
16.505941
16.508650
16.509766
16.509768
16.511057
16.511431
16.512131
16.513168
16.513865
16.514080
16.514492
16.516491
16.517923
16.518030
16.518372
16.518709
16.519413
16.521202
16.522413
16.524206
16.524567
16.524693
16.524803
16.525105
16.525852
16.526318
16.527302
16.527744
16.528133
16.528711
16.529276
16.530302
16.530905
16.532007
16.532190
16.534517
16.535391
16.535967
16.535995
16.537178
16.537275
16.537643
16.538311
16.538935
16.539846
16.540195
16.540201
16.540928
16.541737
16.543692
16.545462
16.545618
16.545883
16.546017
16.546223
16.546236
16.548344
16.548822
16.550171
16.550352
16.550867
16.551113
16.551485
16.552338
16.552841
16.553909
16.554665
16.554703
16.555294
16.555563
16.556419
16.556742
16.556974
16.557997
16.558372
16.558624
16.558928
16.559566
16.560539
16.561256
16.561934
16.562508
16.562843
16.563772
16.564312
16.565464
16.565489
16.565790
16.568037
16.568367
16.568487
16.568932
16.569122
16.569622
16.570942
16.571335
16.572317
16.572790
16.573132
16.573334
16.575680
16.577679
16.578293
16.578470
16.578577
16.578823
16.579676
16.579800
16.579992
16.580290
16.581291
16.581993
16.581993
16.582140
16.582714
16.583237
16.583824
16.584219
16.584808
16.586073
16.586424
16.586821
16.587648
16.588446
16.589077
16.589762
16.589907
16.591412
16.592585
16.593695
16.594683
16.596193
16.596714
16.597042
16.597511
16.598495
16.598581
16.598625
16.598864
16.599659
16.599720
16.599855
16.599968
16.601681
16.601799
16.603674
16.605474
16.606142
16.606318
16.606604
16.606817
16.606939
16.606976
16.607426
16.607700
16.608265
16.609190
16.609701
16.609905
16.609989
16.611170
16.611296
16.611317
16.612661
16.612875
16.613192
16.613476
16.614040
16.615778
16.617346
16.617405
16.619137
16.620266
16.621098
16.621349
16.621674
16.623955
16.624054
16.624836
16.624855
16.625019
16.626492
16.627029
16.627113
16.627449
16.628134
16.628263
16.628296
16.629681
16.630241
16.630465
16.631111
16.631227
16.631321
16.631695
16.632048
16.632666
16.632772
16.633076
16.633387
16.633543
16.633551
16.634031
16.634888
16.634899
16.635401
16.635481
16.635811
16.637735
16.638020
16.638678
16.640911
16.641350
16.642258
16.642973
16.644869
16.645433
16.646061
16.647038
16.647793
16.647844
16.648172
16.648344
16.648502
16.648853
16.649097
16.649546
16.649874
16.650349
16.650530
16.653318
16.653351
16.653440
16.653944
16.654633
16.655230
16.655483
16.656490
16.656780
16.657604
16.658226
16.658590
16.658800
16.658808
16.660067
16.660173
16.660742
16.660858
16.661247
16.661709
16.661860
16.661932
16.663284
16.664154
16.664227
16.664265
16.665089
16.665159
16.665165
16.665777
16.667154
16.668194
16.668617
16.668930
16.669653
16.670769
16.671534
16.672316
16.673101
16.673290
16.674126
16.674149
16.674723
16.674789
16.675266
16.676853
16.677362
16.677624
16.678797
16.678993
16.679064
16.679674
16.680336
16.681973
16.683020
16.683174
16.684059
16.684160
16.684389
16.684616
16.685904
16.686819
16.686895
16.687481
16.688540
16.691397
16.691904
16.692085
16.692099
16.693373
16.693451
16.694311
16.694468
16.695360
16.697124
16.700254
16.701164
16.701752
16.701778
16.702404
16.702827
16.702940
16.703213
16.703318
16.703564
16.704983
16.705128
16.705330
16.705805
16.705965
16.706123
16.706488
16.706488
16.708572
16.711699
16.712149
16.712994
16.713818
16.713890
16.714642
16.714806
16.715311
16.715654
16.716404
16.717066
16.718170
16.718454
16.718533
16.718605
16.719437
16.720512
16.720778
16.720913
16.721241
16.721338
16.721352
16.722971
16.723560
16.723570
16.723915
16.724329
16.725098
16.725306
16.726540
16.727434
16.727871
16.728123
16.729465
16.729578
16.730154
16.730795
16.730907
16.731215
16.731750
16.732069
16.732658
16.732695
16.733231
16.733463
16.733988
16.734413
16.735025
16.735180
16.735180
16.735342
16.736856
16.737009
16.737070
16.737232
16.738094
16.738371
16.739498
16.740150
16.740574
16.741022
16.741659
16.741796
16.741980
16.743145
16.743347
16.744881
16.747454
16.747904
16.748117
16.748243
16.749567
16.750216
16.750292
16.750607
16.750805
16.751257
16.751289
16.751413
16.752457
16.753088
16.754683
16.755297
16.755539
16.756216
16.757559
16.758041
16.758152
16.758284
16.759943
16.760538
16.762392
16.762465
16.763018
16.763298
16.763515
16.764477
16.764662
16.766798
16.767036
16.767063
16.767860
16.768852
16.769352
16.769497
16.770729
16.771082
16.771124
16.771673
16.772192
16.773066
16.773603
16.773718
16.774515
16.776163
16.777960
16.778114
16.778414
16.779732
16.780521
16.780685
16.781174
16.781425
16.783646
16.783718
16.784460
16.784473
16.784883
16.785101
16.785152
16.785654
16.785919
16.786072
16.786118
16.786219
16.786619
16.789869
16.789907
16.790180
16.791128
16.791277
16.791414
16.791746
16.792988
16.793909
16.794138
16.795074
16.795517
16.795643
16.795925
16.796137
16.796543
16.796886
16.797661
16.798040
16.798231
16.798298
16.798471
16.798700
16.799543
16.799574
16.800079
16.800495
16.800724
16.800772
16.800922
16.800976
16.802103
16.802519
16.803202
16.804598
16.805653
16.806343
16.806702
16.807953
16.808601
16.810577
16.810593
16.810682
16.811087
16.811861
16.812546
16.813164
16.813421
16.813784
16.814146
16.815233
16.816542
16.817026
16.817484
16.818964
16.819359
16.819704
16.819778
16.820704
16.823061
16.823275
16.824486
16.825605
16.826490
16.826832
16.827147
16.827330
16.828741
16.829966
16.830448
16.830471
16.831892
16.832006
16.832062
16.832134
16.832560
16.833178
16.833252
16.833445
16.833735
16.833860
16.834211
16.834337
16.835672
16.836685
16.836800
16.837523
16.838350
16.838959
16.839035
16.839495
16.839914
16.840187
16.840187
16.841026
16.841078
16.841543
16.841555
16.841568
16.841873
16.843910
16.844168
16.844215
16.844345
16.845217
16.845638
16.845997
16.846306
16.846777
16.847698
16.850706
16.851862
16.852003
16.853634
16.856487
16.858105
16.859415
16.859457
16.859806
16.860439
16.861080
16.861153
16.862810
16.863493
16.864416
16.865751
16.866753
16.867542
16.868025
16.869120
16.869234
16.869297
16.871054
16.871624
16.871977
16.872589
16.872715
16.873133
16.874540
16.876049
16.876348
16.876993
16.877598
16.877844
16.878023
16.878101
16.878235
16.878353
16.879414
16.880030
16.880159
16.880440
16.880947
16.881222
16.882181
16.882669
16.882975
16.883366
16.884315
16.884878
16.884991
16.885010
16.885431
16.886507
16.887688
16.889177
16.889580
16.891317
16.892746
16.893782
16.893919
16.894394
16.894442
16.895142
16.895313
16.896297
16.896477
16.897047
16.897537
16.898125
16.898289
16.898430
16.898941
16.900482
16.901140
16.902437
16.902672
16.903193
16.903675
16.904552
16.905313
16.906416
16.906666
16.906866
16.906971
16.907076
16.907282
16.907564
16.908188
16.908224
16.908451
16.908672
16.909204
16.909285
16.909582
16.910173
16.910418
16.911945
16.912659
16.913624
16.913950
16.914101
16.915613
16.915953
16.916012
16.916117
16.916828
16.916969
16.917122
16.917643
16.917654
16.918636
16.919264
16.919317
16.919399
16.920877
16.921574
16.921858
16.921907
16.922352
16.922415
16.922613
16.922710
16.924334
16.924337
16.924397
16.924633
16.924814
16.924892
16.924908
16.924990
16.925232
16.925972
16.927076
16.927191
16.927488
16.928108
16.931133
16.931425
16.934134
16.934340
16.935329
16.935356
16.935524
16.935896
16.936314
16.936720
16.937532
16.937550
16.937811
16.938824
16.939240
16.940611
16.941277
16.941654
16.943142
16.943499
16.944635
16.944935
16.946152
16.946800
16.947199
16.947309
16.948528
16.948696
16.949850
16.950151
16.950314
16.950588
16.954111
16.954716
16.955963
16.956264
16.956684
16.957308
16.957386
16.957411
16.957430
16.958126
16.958673
16.958769
16.959610
16.959948
16.959963
16.960876
16.962711
16.963339
16.963797
16.964443
16.964907
16.965029
16.965267
16.966093
16.966597
16.966904
16.967636
16.968107
16.968534
16.968641
16.968777
16.969753
16.970562
16.970633
16.970703
16.972031
16.972101
16.972227
16.972425
16.973253
16.973665
16.973715
16.973833
16.977535
16.977640
16.978203
16.978302
16.978611
16.980005
16.980509
16.980822
16.981129
16.981346
16.981400
16.981413
16.981533
16.982464
16.984564
16.984737
16.985029
16.985592
16.985678
16.985737
16.985748
16.986298
16.987539
16.987839
16.988983
16.989155
16.989237
16.990129
16.990265
16.990719
16.990854
16.991186
16.991680
16.993076
16.994822
16.995081
16.995506
16.996586
16.997053
16.997181
16.997366
16.997488
16.999809
17.001450
17.001926
17.003098
17.003433
17.003874
17.005230
17.005907
17.006287
17.009134
17.009277
17.010366
17.011797
17.012140
17.012453
17.014677
17.014874
17.014894
17.015223
17.015507
17.015913
17.016623
17.017014
17.017157
17.018677
17.019321
17.019447
17.020784
17.020927
17.023006
17.023706
17.024290
17.024296
17.024445
17.024614
17.025219
17.027719
17.028658
17.029673
17.029684
17.029999
17.030991
17.033913
17.034218
17.034225
17.034510
17.034527
17.035862
17.036531
17.036770
17.038528
17.038982
17.040056
17.040848
17.041342
17.041763
17.042059
17.043453
17.044416
17.044847
17.045025
17.045549
17.045645
17.045740
17.046423
17.046560
17.047371
17.048447
17.050255
17.050369
17.051283
17.051456
17.052406
17.053429
17.053619
17.053822
17.053843
17.054596
17.054617
17.054649
17.056284
17.056934
17.057241
17.059088
17.060711
17.060812
17.060890
17.060944
17.061266
17.061441
17.062647
17.062922
17.063593
17.063852
17.064974
17.065908
17.066227
17.066498
17.067636
17.068110
17.068363
17.070278
17.070337
17.070610
17.071737
17.073395
17.073805
17.075001
17.075125
17.075882
17.076197
17.076525
17.076822
17.079590
17.080904
17.080967
17.081526
17.081833
17.082083
17.083006
17.083075
17.084229
17.084970
17.086020
17.086136
17.087271
17.087423
17.087561
17.087561
17.088331
17.088696
17.089081
17.089380
17.091072
17.092129
17.092325
17.092754
17.093451
17.094326
17.095507
17.095812
17.096064
17.097431
17.098160
17.098677
17.098825
17.099951
17.100248
17.100975
17.101109
17.101223
17.101820
17.102043
17.102076
17.103638
17.103680
17.104086
17.104424
17.104485
17.105291
17.105330
17.106361
17.106684
17.106766
17.107080
17.107616
17.108025
17.108246
17.111179
17.111301
17.111380
17.112852
17.112978
17.113157
17.113333
17.114061
17.114412
17.116535
17.117151
17.117706
17.118967
17.120544
17.124065
17.124859
17.126411
17.126417
17.126684
17.126810
17.127174
17.127554
17.128305
17.129406
17.130413
17.130552
17.130596
17.132349
17.133793
17.134809
17.135349
17.137285
17.137312
17.137529
17.137648
17.138071
17.138275
17.138580
17.139280
17.140442
17.140444
17.141006
17.141432
17.141529
17.141695
17.142300
17.143127
17.143248
17.143366
17.143705
17.143745
17.144463
17.144556
17.144566
17.144806
17.144833
17.145126
17.145542
17.146515
17.147997
17.148428
17.149435
17.149710
17.150106
17.151810
17.152664
17.152689
17.152908
17.153519
17.154129
17.154350
17.155994
17.156967
17.157394
17.158077
17.158392
17.158426
17.158525
17.158636
17.158766
17.159262
17.160093
17.161455
17.161510
17.163046
17.163092
17.163105
17.163607
17.164062
17.165188
17.165825
17.166857
17.168606
17.168636
17.169138
17.169470
17.170519
17.170568
17.170679
17.170908
17.171043
17.171181
17.171247
17.171282
17.171579
17.171730
17.172441
17.172497
17.173159
17.173309
17.174372
17.174477
17.174643
17.174700
17.175158
17.175314
17.175941
17.176754
17.177885
17.178162
17.178459
17.178490
17.178963
17.179186
17.179543
17.179546
17.179571
17.179604
17.180326
17.180462
17.180477
17.180946
17.181635
17.182718
17.183096
17.183653
17.183701
17.183767
17.184307
17.184439
17.185892
17.186403
17.188055
17.188452
17.188604
17.188869
17.189209
17.189608
17.190483
17.190599
17.190958
17.191019
17.191736
17.191938
17.192099
17.192671
17.193512
17.193752
17.193787
17.193958
17.194624
17.196184
17.197472
17.198244
17.198294
17.198458
17.199501
17.201044
17.201221
17.201336
17.202053
17.203812
17.204748
17.204958
17.206221
17.206394
17.206656
17.206839
17.207552
17.208021
17.209192
17.209322
17.209457
17.209909
17.211946
17.212688
17.213102
17.213865
17.213982
17.214506
17.215015
17.215059
17.215212
17.215351
17.215946
17.216318
17.216578
17.216938
17.217026
17.218107
17.218746
17.219217
17.219837
17.220064
17.220425
17.220680
17.221037
17.221149
17.221176
17.221594
17.222469
17.223858
17.225441
17.226246
17.228754
17.229155
17.229160
17.229725
17.229988
17.230005
17.230398
17.230484
17.231112
17.231350
17.231388
17.231552
17.232075
17.232655
17.233416
17.233419
17.233774
17.233843
17.233877
17.234333
17.235378
17.235378
17.236506
17.237410
17.238380
17.239580
17.239891
17.240034
17.240274
17.240751
17.240786
17.241928
17.242001
17.243073
17.244379
17.245207
17.245703
17.246538
17.246971
17.247093
17.247347
17.248810
17.249292
17.249449
17.249851
17.250076
17.250097
17.250528
17.250584
17.250610
17.252150
17.252504
17.252541
17.252592
17.252630
17.253782
17.254066
17.254478
17.254738
17.254986
17.255003
17.255064
17.255800
17.256233
17.257917
17.257933
17.258202
17.258739
17.259140
17.259665
17.260799
17.261326
17.261665
17.261847
17.262081
17.262468
17.262505
17.262836
17.264423
17.265219
17.265583
17.265816
17.266287
17.267649
17.268723
17.268923
17.269390
17.269499
17.269667
17.270573
17.271084
17.271677
17.271700
17.273001
17.273373
17.273581
17.273987
17.274015
17.274273
17.274826
17.275417
17.275969
17.277992
17.278143
17.278231
17.278246
17.279186
17.279440
17.279446
17.280336
17.280582
17.280853
17.280933
17.280951
17.281227
17.282572
17.282867
17.283377
17.284298
17.284359
17.285166
17.285248
17.285269
17.285599
17.285604
17.285975
17.286840
17.286997
17.289162
17.289442
17.289692
17.290037
17.290340
17.291193
17.292850
17.293142
17.293776
17.294031
17.294813
17.294876
17.295143
17.295206
17.295235
17.295757
17.296000
17.296171
17.297066
17.297924
17.297939
17.299072
17.299133
17.299212
17.299845
17.300810
17.300980
17.301058
17.301197
17.302486
17.303600
17.303812
17.304729
17.304970
17.305128
17.305182
17.305195
17.307602
17.307693
17.307919
17.308413
17.310558
17.311060
17.312056
17.312128
17.313540
17.314520
17.314743
17.315313
17.315353
17.316452
17.316757
17.317045
17.317423
17.317429
17.318214
17.318314
17.318363
17.318445
17.319920
17.319935
17.320061
17.320070
17.320456
17.321741
17.321846
17.321896
17.322376
17.322672
17.323246
17.323534
17.324331
17.324711
17.325573
17.326525
17.327448
17.327463
17.328560
17.329224
17.329624
17.330090
17.330797
17.332159
17.333618
17.333858
17.334543
17.334549
17.335035
17.335213
17.335297
17.335299
17.335413
17.335506
17.335857
17.335863
17.335905
17.336287
17.336403
17.336443
17.336636
17.337107
17.337891
17.337997
17.338446
17.338707
17.339251
17.339485
17.339630
17.341866
17.342291
17.344595
17.346117
17.346668
17.347620
17.347689
17.347708
17.347767
17.348368
17.348719
17.349224
17.351019
17.352087
17.352186
17.354029
17.354525
17.354549
17.355286
17.355303
17.355560
17.356602
17.356691
17.357021
17.357342
17.357512
17.357574
17.357702
17.357819
17.358168
17.358360
17.359343
17.360151
17.360781
17.360790
17.360847
17.360928
17.361656
17.361702
17.361952
17.362202
17.362270
17.362331
17.363014
17.365032
17.365261
17.365780
17.366304
17.367113
17.367517
17.367586
17.367716
17.367725
17.367952
17.368286
17.368713
17.369423
17.369606
17.369938
17.370752
17.370834
17.371515
17.371939
17.372776
17.373802
17.373959
17.374777
17.375603
17.376059
17.376102
17.376242
17.376520
17.377436
17.378084
17.380655
17.381329
17.381540
17.382372
17.382969
17.383095
17.383234
17.383833
17.385155
17.386473
17.387583
17.388227
17.389322
17.389385
17.389521
17.389603
17.390322
17.390734
17.390924
17.391226
17.392038
17.392056
17.392080
17.392269
17.393080
17.393332
17.393541
17.394363
17.395235
17.397276
17.398520
17.398678
17.398705
17.398798
17.399290
17.399813
17.399954
17.400507
17.401606
17.402899
17.403246
17.404560
17.404802
17.404852
17.404909
17.405605
17.405638
17.405899
17.406199
17.406374
17.406698
17.407131
17.407192
17.408157
17.408537
17.408592
17.408728
17.409145
17.409346
17.410410
17.410725
17.410873
17.412025
17.413740
17.414381
17.414557
17.415119
17.415688
17.416851
17.416922
17.417210
17.417585
17.417727
17.418304
17.418617
17.418943
17.419588
17.420137
17.420748
17.421499
17.421825
17.422590
17.423315
17.423407
17.423948
17.423956
17.424320
17.424376
17.425137
17.425711
17.425730
17.425947
17.426287
17.426786
17.427578
17.427977
17.428011
17.429150
17.429562
17.430634
17.430653
17.431160
17.431181
17.431837
17.431932
17.432022
17.432064
17.433294
17.434450
17.434841
17.435358
17.435469
17.435822
17.436022
17.436186
17.437359
17.437948
17.438780
17.439959
17.440027
17.440760
17.440802
17.441452
17.441561
17.442059
17.442152
17.443470
17.443979
17.444185
17.444221
17.444723
17.444979
17.445051
17.445599
17.445728
17.446306
17.446503
17.447304
17.447344
17.448334
17.448687
17.450279
17.450979
17.451447
17.451559
17.451881
17.451925
17.452423
17.452703
17.452835
17.452894
17.452915
17.453056
17.453234
17.453444
17.453960
17.454142
17.454338
17.454563
17.454784
17.455534
17.455770
17.456636
17.457788
17.458202
17.458576
17.458632
17.458752
17.459023
17.459421
17.459621
17.459726
17.459782
17.460154
17.460772
17.460953
17.461409
17.462095
17.462141
17.462622
17.463041
17.463568
17.464678
17.465315
17.465374
17.465481
17.467306
17.467590
17.468237
17.468311
17.468950
17.468985
17.470409
17.470787
17.471699
17.472149
17.473146
17.473782
17.475052
17.475071
17.475349
17.475615
17.475733
17.475803
17.475952
17.476999
17.479219
17.479908
17.480455
17.481258
17.482216
17.482449
17.482693
17.482914
17.483028
17.483330
17.483650
17.484217
17.484718
17.486052
17.487003
17.487471
17.488012
17.488096
17.490170
17.490719
17.490730
17.490761
17.491247
17.491373
17.491758
17.491959
17.492067
17.492117
17.492603
17.493551
17.494539
17.494772
17.495008
17.495239
17.495966
17.496962
17.497993
17.498165
17.498695
17.500048
17.500427
17.500814
17.501410
17.501465
17.502405
17.502859
17.503189
17.503378
17.503416
17.504892
17.505136
17.505209
17.506021
17.506207
17.506397
17.506456
17.506708
17.506859
17.506939
17.506992
17.507591
17.508877
17.509295
17.509403
17.509584
17.509645
17.509703
17.510193
17.510656
17.511604
17.512337
17.513149
17.513802
17.514118
17.514692
17.515396
17.515545
17.515692
17.515802
17.515823
17.517168
17.517319
17.517319
17.518808
17.518896
17.519007
17.519224
17.519373
17.520332
17.520393
17.521124
17.522079
17.522652
17.523249
17.524096
17.524122
17.524187
17.524315
17.524479
17.524834
17.525074
17.525320
17.525942
17.526674
17.527046
17.528128
17.528181
17.528887
17.529329
17.529655
17.529894
17.530798
17.534311
17.534388
17.534588
17.534761
17.534887
17.535213
17.535873
17.535906
17.535961
17.536234
17.537079
17.537437
17.537657
17.537766
17.538134
17.538563
17.538916
17.539360
17.539679
17.539890
17.540064
17.540071
17.540085
17.540167
17.540251
17.540279
17.542341
17.542343
17.542362
17.542385
17.543737
17.544874
17.545683
17.546972
17.548145
17.548615
17.549173
17.549942
17.550056
17.550253
17.550859
17.551134
17.551292
17.551840
17.551970
17.552557
17.552956
17.553034
17.553123
17.553526
17.553652
17.553665
17.553686
17.553913
17.554377
17.554676
17.554819
17.555937
17.557453
17.557936
17.558136
17.558788
17.558990
17.559814
17.560474
17.561758
17.562265
17.562363
17.562372
17.563887
17.564257
17.564587
17.564800
17.565403
17.565807
17.565861
17.566196
17.566483
17.566523
17.566820
17.567612
17.568306
17.569063
17.569500
17.569809
17.569876
17.569885
17.570194
17.570236
17.571110
17.572517
17.572908
17.573446
17.575594
17.575808
17.577282
17.577778
17.578054
17.578745
17.578838
17.579222
17.579727
17.580923
17.581047
17.581390
17.582857
17.583704
17.585104
17.585945
17.586073
17.587349
17.587553
17.587868
17.588066
17.588165
17.589916
17.590357
17.590963
17.591520
17.591589
17.592171
17.592384
17.592442
17.593962
17.594423
17.594524
17.594709
17.594818
17.595211
17.596104
17.596613
17.597389
17.597494
17.597517
17.597748
17.597841
17.597858
17.598040
17.599459
17.599470
17.599955
17.601278
17.601559
17.601814
17.601826
17.602634
17.602869
17.602951
17.602966
17.603012
17.604004
17.604424
17.605007
17.605377
17.605478
17.606012
17.606838
17.607080
17.607107
17.607271
17.607388
17.608017
17.608536
17.610235
17.610590
17.611418
17.611586
17.613844
17.614073
17.614281
17.614998
17.615646
17.615688
17.616302
17.616461
17.616768
17.616804
17.617107
17.617277
17.617996
17.618134
17.618414
17.619095
17.619316
17.619795
17.620497
17.620676
17.621002
17.621283
17.621370
17.621742
17.622511
17.622791
17.623102
17.623587
17.623806
17.624502
17.625229
17.626078
17.626995
17.629972
17.630489
17.630566
17.631514
17.632206
17.632364
17.632895
17.633175
17.634874
17.635019
17.635738
17.635904
17.636118
17.636568
17.636656
17.636858
17.637087
17.637800
17.639217
17.640142
17.640154
17.640165
17.640848
17.641857
17.641973
17.642780
17.643196
17.643332
17.643343
17.643614
17.643749
17.643751
17.643795
17.644186
17.644358
17.644836
17.645433
17.645575
17.646193
17.646549
17.647001
17.647680
17.648106
17.648737
17.648918
17.649042
17.650393
17.650581
17.651011
17.651289
17.652651
17.653900
17.654663
17.654934
17.656063
17.656183
17.657087
17.657120
17.657127
17.658358
17.659796
17.660410
17.660820
17.662355
17.664557
17.665077
17.665243
17.666351
17.666445
17.667105
17.667452
17.667654
17.668377
17.669001
17.669315
17.669596
17.669910
17.670431
17.671183
17.671505
17.673115
17.675591
17.677198
17.677877
17.678026
17.678133
17.678144
17.678417
17.679289
17.680010
17.680134
17.681267
17.682318
17.683344
17.683416
17.683426
17.683628
17.685093
17.685097
17.685360
17.686657
17.687061
17.687895
17.688669
17.689190
17.689928
17.690205
17.690275
17.691458
17.691656
17.691866
17.692558
17.692835
17.692837
17.693796
17.694040
17.695793
17.695820
17.696552
17.696636
17.697926
17.698059
17.698488
17.698795
17.700483
17.700790
17.701164
17.701458
17.701542
17.702108
17.702604
17.702883
17.703445
17.703560
17.703709
17.704477
17.704790
17.707228
17.709507
17.709633
17.710032
17.710238
17.710279
17.710539
17.710684
17.712856
17.713123
17.713980
17.714432
17.714808
17.717205
17.717720
17.718466
17.719013
17.720310
17.720432
17.720699
17.720835
17.721273
17.722588
17.722672
17.723299
17.723797
17.724957
17.725725
17.725851
17.727043
17.727322
17.727730
17.728300
17.728888
17.728939
17.729177
17.729370
17.729761
17.730186
17.730324
17.730776
17.731100
17.731211
17.732296
17.733410
17.735271
17.736240
17.736279
17.736448
17.736855
17.738380
17.739159
17.739849
17.739855
17.741289
17.741854
17.742979
17.743408
17.743486
17.743536
17.744230
17.744766
17.745487
17.745962
17.746058
17.746683
17.746887
17.747051
17.747501
17.747736
17.747974
17.749470
17.749807
17.749907
17.750391
17.750515
17.752129
17.752436
17.752590
17.752953
17.753584
17.754200
17.754652
17.755098
17.755663
17.756021
17.756229
17.757006
17.758537
17.758898
17.759304
17.760296
17.760685
17.760828
17.761246
17.761322
17.761419
17.762127
17.763054
17.763403
17.765245
17.765760
17.766140
17.766672
17.766674
17.766870
17.767035
17.767458
17.768179
17.768560
17.768957
17.769012
17.769152
17.769567
17.769728
17.770412
17.771427
17.771709
17.772869
17.772945
17.773298
17.773310
17.773378
17.773443
17.773777
17.773792
17.774054
17.775326
17.775606
17.775728
17.776930
17.777210
17.777308
17.777464
17.778345
17.778399
17.778423
17.778538
17.778574
17.779133
17.780626
17.781050
17.781563
17.781780
17.781967
17.782354
17.782501
17.782768
17.782881
17.784866
17.786251
17.787550
17.789764
17.789818
17.789825
17.790350
17.790617
17.790806
17.790945
17.791071
17.792057
17.792067
17.792444
17.792631
17.792910
17.793600
17.794630
17.794956
17.795132
17.795324
17.795643
17.796227
17.796419
17.796526
17.796749
17.797344
17.797405
17.797585
17.797895
17.797953
17.798056
17.798889
17.799255
17.799271
17.799614
17.799927
17.800226
17.801537
17.801992
17.802643
17.803490
17.804420
17.804689
17.804884
17.805002
17.806074
17.806744
17.807680
17.808081
17.808516
17.808737
17.808855
17.809076
17.809523
17.809908
17.809959
17.811691
17.812500
17.812826
17.814041
17.814348
17.814913
17.815418
17.815784
17.816006
17.816689
17.816912
17.817118
17.817202
17.817389
17.817852
17.818272
17.818773
17.819115
17.819489
17.820440
17.820732
17.821247
17.821445
17.821840
17.821882
17.822138
17.822296
17.823336
17.823927
17.825079
17.825109
17.825357
17.826399
17.828070
17.829067
17.830893
17.831102
17.832314
17.832413
17.832611
17.833092
17.833445
17.834354
17.834553
17.836535
17.836575
17.836813
17.837151
17.837477
17.837616
17.837681
17.837721
17.838120
17.838404
17.838861
17.839203
17.839941
17.840000
17.841135
17.841209
17.841923
17.842140
17.842199
17.842369
17.843472
17.843628
17.843782
17.843842
17.844296
17.844633
17.845009
17.845390
17.845644
17.846510
17.846983
17.847557
17.848717
17.849785
17.850302
17.851519
17.851587
17.852520
17.852789
17.852901
17.853809
17.854038
17.854158
17.856222
17.856300
17.856674
17.856947
17.857386
17.857971
17.859087
17.859343
17.859619
17.860558
17.860624
17.860807
17.861401
17.861464
17.861778
17.862307
17.862724
17.864723
17.864927
17.865128
17.865463
17.865572
17.865931
17.866053
17.866879
17.866974
17.868696
17.869347
17.869928
17.869957
17.870827
17.872782
17.874399
17.874472
17.874809
17.874876
17.874981
17.875532
17.876686
17.877197
17.877394
17.877832
17.878365
17.879181
17.880184
17.880636
17.880653
17.880764
17.880936
17.881367
17.881824
17.883083
17.883196
17.883373
17.883785
17.884935
17.885044
17.885218
17.885530
17.886356
17.886713
17.886808
17.888382
17.888412
17.888870
17.889280
17.890385
17.890631
17.890640
17.890991
17.891037
17.891256
17.891296
17.891302
17.891670
17.892199
17.893101
17.893124
17.893744
17.894760
17.895348
17.896564
17.897064
17.898375
17.899504
17.900333
17.900581
17.900654
17.900682
17.901575
17.901936
17.902000
17.902767
17.904036
17.904184
17.905159
17.905401
17.905764
17.906052
17.906860
17.907005
17.907619
17.908386
17.909698
17.909906
17.910215
17.911133
17.911205
17.912355
17.912542
17.912704
17.912788
17.913633
17.913998
17.914188
17.914192
17.914412
17.914562
17.915041
17.915178
17.915285
17.916775
17.917631
17.918678
17.918825
17.919079
17.919786
17.920471
17.920818
17.921511
17.921682
17.922531
17.922583
17.922625
17.923573
17.923792
17.926506
17.928402
17.929293
17.929810
17.930447
17.930536
17.930859
17.931562
17.931671
17.932699
17.933369
17.933794
17.933855
17.933867
17.934322
17.935129
17.935287
17.935806
17.936077
17.936838
17.937473
17.938225
17.938515
17.938755
17.939064
17.939238
17.939276
17.940697
17.940781
17.940844
17.940910
17.941557
17.941813
17.942102
17.943098
17.946138
17.946630
17.946730
17.947180
17.947777
17.947878
17.947884
17.948488
17.948847
17.950060
17.950331
17.951097
17.951164
17.951569
17.951721
17.951866
17.952654
17.953102
17.953873
17.954975
17.956556
17.956856
17.957729
17.959064
17.959146
17.959200
17.959589
17.959845
17.960278
17.960520
17.961348
17.961632
17.962782
17.962812
17.963696
17.965012
17.965429
17.965467
17.966072
17.966082
17.967672
17.968187
17.969324
17.969862
17.969999
17.970045
17.970327
17.970819
17.970848
17.971443
17.971460
17.971506
17.972019
17.972416
17.973032
17.974005
17.974022
17.974058
17.975088
17.976213
17.976328
17.976395
17.976414
17.976643
17.978260
17.978699
17.979963
17.980125
17.980385
17.980465
17.980572
17.980696
17.980970
17.981033
17.981684
17.982685
17.983200
17.983433
17.983538
17.983618
17.983881
17.984026
17.984091
17.984123
17.984512
17.984623
17.985548
17.985579
17.985586
17.987234
17.988295
17.988684
17.988781
17.988922
17.989210
17.989542
17.989792
17.989876
17.989933
17.990963
17.991173
17.991608
17.992149
17.992863
17.992952
17.992992
17.994089
17.994179
17.994511
17.994879
17.995052
17.995319
17.996628
17.996737
17.997295
17.997610
17.998060
17.998161
17.998177
17.998625
17.998810
17.999777
17.999876
18.000269
18.001112
18.001335
18.001965
18.002182
18.002230
18.002537
18.002691
18.002783
18.003225
18.003361
18.003862
18.003887
18.004419
18.004564
18.004808
18.004866
18.004984
18.004990
18.005436
18.006151
18.006266
18.006458
18.006737
18.007059
18.007614
18.007677
18.008608
18.008701
18.009411
18.009628
18.010046
18.010078
18.010416
18.010630
18.011105
18.011969
18.013018
18.013096
18.013277
18.013592
18.013834
18.014158
18.014423
18.014700
18.014971
18.015379
18.015694
18.016436
18.016718
18.016773
18.017879
18.018244
18.019012
18.019129
18.019432
18.019871
18.020163
18.020247
18.020485
18.021437
18.022614
18.023108
18.023224
18.023439
18.023977
18.025414
18.026106
18.026701
18.026752
18.028463
18.028826
18.030365
18.030910
18.030989
18.031044
18.032316
18.032927
18.032951
18.033932
18.034262
18.035103
18.035494
18.035496
18.036575
18.036749
18.037600
18.038275
18.038624
18.038923
18.039049
18.040150
18.040182
18.040295
18.040426
18.040516
18.040733
18.040895
18.042387
18.043036
18.044138
18.045124
18.046356
18.046652
18.046820
18.047611
18.048380
18.048906
18.049011
18.050829
18.051861
18.052052
18.052530
18.052586
18.052599
18.053017
18.053619
18.054516
18.055126
18.055237
18.055265
18.055754
18.055841
18.055855
18.056517
18.057278
18.057823
18.057825
18.058228
18.058350
18.058794
18.059336
18.060095
18.060520
18.060785
18.060955
18.062166
18.062517
18.062727
18.062761
18.063082
18.063519
18.063524
18.064341
18.064369
18.066227
18.067017
18.068403
18.068615
18.069038
18.069229
18.069578
18.069614
18.070185
18.070694
18.071209
18.072788
18.073421
18.074362
18.074659
18.077246
18.078110
18.078850
18.078861
18.079067
18.079208
18.080105
18.080334
18.080486
18.080605
18.080812
18.081362
18.082500
18.083704
18.083841
18.084387
18.084896
18.085114
18.086174
18.086927
18.087086
18.088678
18.089209
18.089550
18.090925
18.091547
18.091782
18.092451
18.092533
18.092777
18.092836
18.093473
18.093483
18.093599
18.093657
18.093721
18.095337
18.095539
18.095837
18.096258
18.096386
18.096432
18.096983
18.097408
18.097492
18.097948
18.098141
18.098475
18.100496
18.100697
18.100733
18.101044
18.101070
18.101231
18.101856
18.103870
18.104053
18.104282
18.104855
18.105429
18.105520
18.106672
18.107773
18.107983
18.108124
18.108471
18.109636
18.109905
18.110388
18.110449
18.111029
18.111280
18.116219
18.116369
18.116798
18.116858
18.117075
18.117140
18.117277
18.117754
18.119112
18.119387
18.121033
18.121634
18.121798
18.121820
18.122063
18.122248
18.122267
18.122400
18.122639
18.123468
18.124510
18.124601
18.125515
18.125626
18.125748
18.126194
18.126743
18.126764
18.126791
18.127035
18.127174
18.127504
18.128696
18.129665
18.129692
18.129856
18.130508
18.131485
18.131578
18.131828
18.132643
18.133169
18.133253
18.134323
18.134365
18.134478
18.136396
18.137920
18.138121
18.139568
18.140623
18.141735
18.143091
18.145754
18.145830
18.146036
18.146284
18.146307
18.146847
18.148447
18.148865
18.149609
18.149858
18.149899
18.150015
18.150074
18.150640
18.151564
18.151587
18.151926
18.151993
18.152525
18.152782
18.154119
18.154314
18.155378
18.155800
18.156258
18.156408
18.156860
18.157253
18.157616
18.157833
18.157902
18.158695
18.158697
18.158943
18.159092
18.159367
18.159462
18.159670
18.160025
18.160740
18.160959
18.160990
18.162031
18.162533
18.162540
18.163500
18.164124
18.164415
18.165434
18.168240
18.168699
18.170469
18.171181
18.171492
18.172146
18.172184
18.172892
18.173000
18.173351
18.173895
18.174011
18.174198
18.175619
18.175966
18.176235
18.177197
18.178211
18.179085
18.179340
18.179907
18.179995
18.181030
18.183033
18.183065
18.183653
18.184072
18.184418
18.185726
18.185757
18.186455
18.186806
18.186831
18.187098
18.187853
18.188154
18.188635
18.189034
18.190189
18.190639
18.191374
18.191675
18.192348
18.192842
18.193230
18.193230
18.193615
18.194677
18.195202
18.195246
18.195444
18.195854
18.196022
18.196112
18.197994
18.198570
18.198734
18.199492
18.199724
18.199799
18.199867
18.199947
18.200397
18.201038
18.202387
18.203972
18.205393
18.206064
18.206066
18.207447
18.208643
18.209414
18.209530
18.209656
18.209927
18.211355
18.212156
18.213158
18.213905
18.214121
18.214285
18.214521
18.214788
18.215075
18.215372
18.215895
18.216682
18.216761
18.216991
18.217123
18.218788
18.219414
18.219915
18.220030
18.220383
18.221138
18.221846
18.222059
18.222092
18.222446
18.222889
18.224094
18.224577
18.225006
18.225174
18.225529
18.225683
18.225685
18.225687
18.226364
18.228365
18.228415
18.229496
18.229733
18.230181
18.231146
18.231237
18.231497
18.232079
18.234505
18.235027
18.235056
18.235458
18.235462
18.236017
18.236443
18.236666
18.236681
18.236698
18.236956
18.237425
18.237495
18.237951
18.238028
18.238241
18.239965
18.240360
18.241213
18.241428
18.242418
18.243107
18.243179
18.243408
18.243881
18.246735
18.247446
18.248402
18.248730
18.249043
18.249502
18.249929
18.251003
18.251419
18.252007
18.252010
18.252136
18.253395
18.253426
18.254713
18.256536
18.256872
18.256935
18.258015
18.258360
18.258553
18.259203
18.260324
18.260597
18.260706
18.261141
18.261780
18.262665
18.262901
18.263340
18.263428
18.263433
18.263821
18.264198
18.264946
18.266562
18.267130
18.267239
18.267277
18.267599
18.267916
18.268175
18.268639
18.268696
18.268866
18.271675
18.272562
18.273867
18.274509
18.274998
18.275074
18.275536
18.275555
18.276327
18.277403
18.279316
18.280331
18.281305
18.281569
18.281738
18.281967
18.282080
18.282570
18.283392
18.283625
18.283741
18.284376
18.284538
18.284546
18.284723
18.285572
18.285807
18.285990
18.286537
18.286840
18.287323
18.287868
18.288124
18.288284
18.288399
18.288727
18.290051
18.291161
18.291756
18.291838
18.292351
18.293177
18.293314
18.293629
18.294682
18.294926
18.295076
18.295322
18.295702
18.295815
18.297729
18.297831
18.297916
18.298763
18.298822
18.298826
18.299299
18.299866
18.300148
18.300180
18.300564
18.303089
18.304214
18.304283
18.304651
18.306141
18.306253
18.306787
18.307049
18.307459
18.307554
18.308062
18.308355
18.308592
18.310905
18.311237
18.312006
18.313053
18.314398
18.314808
18.315094
18.315332
18.315884
18.315886
18.316174
18.317894
18.318377
18.319242
18.319878
18.320244
18.320820
18.321579
18.322132
18.322554
18.322680
18.322910
18.323881
18.324377
18.325605
18.326069
18.326103
18.326155
18.326733
18.327358
18.327705
18.327782
18.328363
18.328398
18.330357
18.331028
18.332338
18.332792
18.333834
18.334391
18.335268
18.335400
18.335632
18.336248
18.338053
18.339504
18.339529
18.340433
18.340719
18.341074
18.341085
18.341875
18.342516
18.343111
18.343203
18.343401
18.345407
18.345442
18.346746
18.346987
18.347015
18.347506
18.348045
18.348108
18.349951
18.350981
18.351936
18.352592
18.353508
18.354450
18.355026
18.355225
18.356018
18.357891
18.358051
18.358534
18.358864
18.359266
18.359499
18.359823
18.361561
18.362112
18.362450
18.364120
18.365171
18.365843
18.366922
18.367628
18.368858
18.369318
18.369726
18.370377
18.372042
18.372402
18.372622
18.372728
18.372799
18.374516
18.374723
18.375654
18.376236
18.376266
18.377893
18.377954
18.378475
18.378601
18.378681
18.379513
18.380091
18.380180
18.381369
18.381708
18.381960
18.382801
18.383465
18.383652
18.383842
18.383928
18.384542
18.385603
18.386414
18.386662
18.386730
18.389435
18.391006
18.391037
18.393221
18.393246
18.394352
18.394455
18.394600
18.395094
18.395403
18.395512
18.396566
18.396725
18.398903
18.399136
18.399157
18.399494
18.399786
18.400215
18.400219
18.400293
18.400660
18.400787
18.400936
18.401279
18.401701
18.404314
18.404503
18.407444
18.408678
18.408897
18.410437
18.410950
18.411638
18.412613
18.413229
18.413408
18.413740
18.414110
18.415497
18.417086
18.417377
18.417433
18.419260
18.421389
18.421461
18.421743
18.421904
18.421949
18.422443
18.423063
18.423740
18.424593
18.424635
18.425215
18.425364
18.426033
18.426199
18.426228
18.427818
18.428043
18.428375
18.428415
18.428532
18.429571
18.429794
18.430008
18.430031
18.430082
18.430143
18.430183
18.431187
18.431433
18.431501
18.432152
18.433931
18.434502
18.434687
18.436146
18.436966
18.437408
18.437540
18.438152
18.438528
18.438736
18.439230
18.439919
18.440268
18.440313
18.440477
18.440964
18.441051
18.442858
18.444319
18.444904
18.445175
18.445450
18.446381
18.449305
18.450209
18.451195
18.451454
18.451677
18.451935
18.452131
18.452612
18.453196
18.454090
18.454315
18.455093
18.455641
18.455879
18.456394
18.456404
18.456833
18.457451
18.457542
18.458195
18.458199
18.458206
18.458450
18.458641
18.458954
18.459801
18.460003
18.460880
18.462088
18.463392
18.463444
18.464840
18.465076
18.465300
18.467041
18.467241
18.467352
18.467550
18.467648
18.468290
18.469641
18.470217
18.471485
18.472412
18.472862
18.472864
18.476177
18.476784
18.477087
18.479286
18.479532
18.479626
18.479670
18.479679
18.480627
18.481230
18.482517
18.482529
18.482599
18.482704
18.483894
18.485538
18.485826
18.486174
18.486485
18.486710
18.486752
18.487017
18.487200
18.488304
18.488756
18.489796
18.490643
18.491116
18.492611
18.493141
18.493494
18.493999
18.494217
18.494656
18.496321
18.496323
18.497341
18.497377
18.498196
18.498922
18.498924
18.499323
18.499878
18.500622
18.500982
18.501047
18.501263
18.501732
18.501738
18.501787
18.502201
18.502398
18.503147
18.503647
18.504147
18.504471
18.505339
18.506361
18.506948
18.507301
18.507383
18.508471
18.509155
18.509426
18.511021
18.511230
18.511547
18.512396
18.512569
18.513212
18.515127
18.515507
18.515524
18.515629
18.515930
18.516100
18.516121
18.516676
18.517378
18.518536
18.519693
18.520967
18.522980
18.523333
18.523804
18.524191
18.524611
18.525026
18.525188
18.525469
18.526627
18.527174
18.527195
18.527321
18.527788
18.527864
18.528387
18.528568
18.528755
18.529087
18.529602
18.529957
18.530146
18.531010
18.531347
18.531870
18.532009
18.532681
18.533194
18.533199
18.534424
18.535503
18.535599
18.535822
18.535856
18.536377
18.536629
18.536654
18.538601
18.539429
18.539528
18.540949
18.541138
18.541304
18.542278
18.542404
18.542465
18.543034
18.543173
18.543980
18.544369
18.544643
18.545055
18.545189
18.545389
18.546335
18.546921
18.547781
18.548409
18.550287
18.550646
18.550669
18.551548
18.552063
18.552837
18.552874
18.553070
18.553307
18.553877
18.554329
18.554985
18.555573
18.556118
18.557402
18.559828
18.559990
18.560049
18.560101
18.560539
18.560890
18.561382
18.563129
18.564915
18.565573
18.565758
18.565781
18.567226
18.567532
18.569269
18.570280
18.571009
18.572863
18.573412
18.573753
18.573816
18.577543
18.578415
18.579096
18.580145
18.580723
18.582493
18.582857
18.585390
18.585522
18.588152
18.589426
18.589455
18.590885
18.591404
18.591557
18.592123
18.592630
18.592669
18.593189
18.593403
18.594566
18.594591
18.594978
18.595108
18.595221
18.598457
18.599495
18.599936
18.600357
18.601622
18.602406
18.602425
18.602535
18.602810
18.603247
18.604141
18.604691
18.605686
18.605692
18.607136
18.608139
18.608789
18.609123
18.609230
18.609642
18.610426
18.611124
18.611773
18.612183
18.612402
18.613190
18.614773
18.615496
18.615681
18.616611
18.617317
18.617535
18.617619
18.618988
18.619484
18.622244
18.623940
18.624743
18.624773
18.625202
18.625238
18.625679
18.625689
18.626429
18.626612
18.626921
18.629995
18.630629
18.631971
18.632212
18.633022
18.633230
18.635439
18.635736
18.635792
18.635910
18.636684
18.636694
18.637337
18.637354
18.637468
18.638437
18.639399
18.639578
18.640177
18.640984
18.641544
18.641993
18.642553
18.644230
18.644413
18.644695
18.645786
18.646011
18.646086
18.646114
18.647480
18.648813
18.649899
18.650747
18.651520
18.651735
18.653185
18.653440
18.653515
18.654871
18.655554
18.656832
18.657257
18.658875
18.659149
18.659370
18.659626
18.659645
18.660446
18.661448
18.662436
18.663408
18.663900
18.664454
18.665089
18.665586
18.665630
18.666710
18.667116
18.667458
18.669415
18.670275
18.670309
18.670334
18.673199
18.675344
18.676479
18.676998
18.677931
18.678907
18.679939
18.681055
18.681984
18.682400
18.684557
18.685581
18.686903
18.687334
18.688063
18.688961
18.689524
18.689529
18.690174
18.691313
18.691648
18.696280
18.696674
18.697348
18.697964
18.698883
18.699072
18.699211
18.699493
18.700062
18.700747
18.702341
18.702721
18.704353
18.704409
18.704662
18.704855
18.708483
18.708633
18.709284
18.709848
18.709900
18.709938
18.710344
18.712080
18.713083
18.713402
18.714619
18.714994
18.715645
18.716288
18.717283
18.717815
18.718109
18.719788
18.719809
18.720304
18.720348
18.721489
18.721502
18.722183
18.723217
18.725559
18.725603
18.725718
18.727043
18.727083
18.727261
18.729321
18.729908
18.729935
18.730255
18.730518
18.731182
18.731918
18.731993
18.734850
18.735147
18.735956
18.737833
18.738373
18.739956
18.740282
18.741125
18.742151
18.743416
18.743433
18.745752
18.748360
18.749109
18.749355
18.750078
18.750319
18.750345
18.750523
18.750736
18.751459
18.752161
18.752546
18.753939
18.756790
18.756809
18.757557
18.758047
18.758194
18.758236
18.758768
18.760128
18.761192
18.763208
18.763708
18.765646
18.766233
18.766336
18.766409
18.767239
18.767687
18.768862
18.769150
18.769617
18.770819
18.771223
18.772408
18.772537
18.773436
18.775755
18.776390
18.777191
18.777479
18.777491
18.778175
18.778429
18.779510
18.780184
18.780262
18.780424
18.781609
18.781866
18.783365
18.784426
18.785229
18.785885
18.785902
18.790581
18.791212
18.792030
18.792538
18.794119
18.794722
18.794785
18.795731
18.795914
18.796194
18.796417
18.796824
18.798498
18.799379
18.800560
18.805582
18.806622
18.807096
18.807306
18.807364
18.811228
18.811449
18.812223
18.812723
18.813557
18.813911
18.818726
18.819008
18.820551
18.821072
18.821104
18.821400
18.821404
18.821629
18.821737
18.822140
18.825907
18.825991
18.826366
18.827339
18.827478
18.829535
18.830765
18.831730
18.832201
18.832588
18.834368
18.837042
18.837084
18.837496
18.837992
18.839579
18.839586
18.839722
18.840014
18.840929
18.841360
18.841831
18.842463
18.845882
18.846611
18.847748
18.850246
18.851255
18.851427
18.851910
18.852688
18.852936
18.853567
18.855915
18.858370
18.860172
18.860193
18.862892
18.864801
18.867874
18.868374
18.870394
18.874355
18.874655
18.876118
18.876316
18.876356
18.878643
18.879496
18.880220
18.884047
18.885820
18.886671
18.886864
18.887545
18.894838
18.895834
18.897497
18.897814
18.897871
18.899302
18.900822
18.902103
18.902718
18.903683
18.904512
18.905283
18.905939
18.906185
18.906590
18.906921
18.908400
18.908415
18.912260
18.912424
18.912529
18.912832
18.913048
18.913918
18.914932
18.915653
18.917019
18.919319
18.919775
18.920204
18.920685
18.921303
18.921667
18.922470
18.922886
18.924761
18.925474
18.925694
18.926712
18.930769
18.931429
18.932289
18.933615
18.933710
18.935991
18.936150
18.937094
18.940197
18.940500
18.941160
18.941195
18.945112
18.947466
18.950260
18.951637
18.952730
18.953039
18.953367
18.954485
18.957047
18.957996
18.958311
18.959892
18.960587
18.960836
18.961649
18.962357
18.964125
18.964140
18.966513
18.967239
18.969788
18.971256
18.973442
18.974283
18.975824
18.978163
18.978569
18.980021
18.982935
18.983686
18.985266
18.985401
18.985855
18.987135
18.988403
18.988417
18.988445
18.989740
18.991322
18.991930
18.995422
18.997866
18.998501
18.999651
19.000366
19.005205
19.005896
19.007483
19.007666
19.008142
19.008881
19.018629
19.020975
19.022427
19.022440
19.025143
19.026188
19.026743
19.027269
19.027370
19.027500
19.028917
19.030186
19.031860
19.032387
19.033463
19.033808
19.035101
19.035336
19.035721
19.040224
19.042326
19.044538
19.045107
19.045713
19.049204
19.051022
19.052608
19.058121
19.058218
19.063133
19.063410
19.065744
19.068031
19.070345
19.076971
19.090311
19.097073
19.100885
19.105061
19.107908
19.108370
19.108543
19.110340
19.112700
19.118032
19.121702
19.122238
19.122385
19.123898
19.124954
