1.000000
1.310832
1.468845
1.492312
1.590866
1.655960
1.664799
1.707954
1.773970
1.781804
1.794452
1.855909
1.919467
1.929314
1.968194
1.984121
1.993078
2.006569
2.057766
2.081983
2.123780
2.134910
2.187412
2.254914
2.271563
2.322046
2.338695
2.367351
2.391201
2.447165
2.457221
2.459464
2.471729
2.478351
2.481017
2.486424
2.490943
2.516494
2.532470
2.557467
2.576798
2.589424
2.597767
2.618981
2.620288
2.639409
2.643287
2.646980
2.670316
2.676364
2.679088
2.716793
2.747572
2.781767
2.783006
2.797786
2.806574
2.815897
2.839529
2.845626
2.853073
2.859650
2.883830
2.886050
2.888654
2.907264
2.920100
2.931181
2.937587
2.938269
2.950356
2.952432
2.962112
2.970203
2.989074
3.001094
3.018965
3.029652
3.041510
3.043816
3.051508
3.060252
3.078200
3.079160
3.088823
3.119773
3.127500
3.130975
3.140522
3.147698
3.148040
3.148592
3.151130
3.159707
3.162364
3.171951
3.173631
3.182079
3.188234
3.205299
3.217561
3.224510
3.232320
3.232719
3.240426
3.243949
3.253028
3.270635
3.271082
3.272056
3.273864
3.274174
3.280070
3.281606
3.282977
3.286328
3.287075
3.308287
3.312776
3.326982
3.335210
3.337012
3.337571
3.341024
3.344607
3.345596
3.356359
3.356939
3.357895
3.358225
3.363076
3.367156
3.368824
3.370988
3.371218
3.375386
3.375818
3.378906
3.378965
3.382924
3.384648
3.389687
3.392729
3.405242
3.410284
3.413578
3.418795
3.419381
3.422253
3.430265
3.433514
3.434834
3.434864
3.436794
3.441437
3.445304
3.446703
3.448742
3.449534
3.451237
3.451935
3.455554
3.457345
3.461732
3.462819
3.463065
3.463977
3.466525
3.469985
3.472694
3.479073
3.479577
3.484618
3.484627
3.491203
3.493492
3.494205
3.495266
3.504666
3.508688
3.515561
3.516299
3.517914
3.519779
3.521077
3.523433
3.528671
3.531967
3.535787
3.535862
3.537766
3.538207
3.540197
3.541796
3.543010
3.543422
3.546920
3.547413
3.549571
3.553000
3.553055
3.553615
3.555286
3.556477
3.559650
3.559709
3.563356
3.565690
3.566771
3.571456
3.574548
3.579242
3.581646
3.582675
3.586023
3.587613
3.588439
3.588789
3.594526
3.597032
3.597767
3.598252
3.602382
3.604358
3.607267
3.608284
3.621535
3.624273
3.630524
3.631713
3.633042
3.633539
3.634735
3.636152
3.636153
3.639609
3.641294
3.646698
3.651088
3.657362
3.657703
3.661133
3.665516
3.666935
3.668574
3.671552
3.672067
3.672447
3.672585
3.675775
3.677084
3.678627
3.681015
3.683268
3.688012
3.689095
3.690415
3.692739
3.695302
3.695778
3.697740
3.698788
3.698920
3.699724
3.700011
3.701781
3.703962
3.705853
3.706128
3.707892
3.708444
3.710341
3.712928
3.715394
3.719102
3.719965
3.723543
3.724755
3.725327
3.729826
3.730199
3.732637
3.734823
3.736651
3.738242
3.740531
3.742561
3.742821
3.745396
3.745760
3.746701
3.749665
3.750268
3.753716
3.753916
3.761874
3.762344
3.764779
3.766590
3.767130
3.770681
3.771688
3.781240
3.781257
3.786310
3.788152
3.788950
3.789941
3.794037
3.794207
3.795239
3.799828
3.800438
3.810425
3.811306
3.814207
3.814696
3.815388
3.816064
3.818879
3.819808
3.822688
3.823067
3.823918
3.826437
3.827094
3.828769
3.829961
3.830472
3.836654
3.837066
3.839541
3.841675
3.841818
3.841903
3.842932
3.843956
3.844588
3.844672
3.846810
3.847481
3.848422
3.849496
3.852975
3.854414
3.856232
3.857715
3.857898
3.859524
3.859582
3.860471
3.861984
3.863706
3.869765
3.869797
3.870225
3.871524
3.873177
3.873528
3.875988
3.877147
3.877884
3.878996
3.880092
3.881179
3.881624
3.881939
3.886033
3.890541
3.891263
3.891604
3.893219
3.894935
3.896006
3.896151
3.898455
3.901553
3.903285
3.905459
3.906100
3.906168
3.906694
3.908623
3.908813
3.910545
3.911095
3.911254
3.914187
3.914677
3.916100
3.916141
3.916365
3.917947
3.918534
3.919706
3.922592
3.922918
3.923470
3.926868
3.927027
3.927611
3.928294
3.928486
3.929228
3.930072
3.931896
3.931911
3.934396
3.935693
3.936629
3.936745
3.937625
3.939010
3.941203
3.942120
3.945034
3.945119
3.946774
3.947916
3.951114
3.951739
3.953462
3.956264
3.957858
3.957930
3.958281
3.959143
3.960860
3.961343
3.961599
3.962965
3.964144
3.965314
3.965772
3.965916
3.968299
3.969803
3.971090
3.973301
3.973907
3.975041
3.978687
3.978806
3.980442
3.981433
3.981830
3.982274
3.983329
3.985989
3.986506
3.988696
3.989540
3.990915
3.991269
3.991367
3.993134
3.993919
3.996018
3.996096
3.996573
3.996848
3.997533
3.998976
3.999087
3.999380
4.000857
4.000891
4.001732
4.002007
4.002103
4.002977
4.003994
4.004915
4.005349
4.005378
4.006930
4.008879
4.013750
4.016266
4.017333
4.017889
4.020097
4.021010
4.022744
4.024761
4.025118
4.025277
4.026772
4.028265
4.028354
4.029543
4.029611
4.030556
4.032597
4.035469
4.035784
4.036852
4.037364
4.037424
4.040008
4.040215
4.041195
4.042600
4.044115
4.044172
4.044961
4.045067
4.046522
4.046750
4.048604
4.048942
4.055285
4.055521
4.057722
4.058877
4.060015
4.060125
4.062138
4.062945
4.063343
4.065691
4.065824
4.066104
4.066208
4.066746
4.067839
4.068369
4.068787
4.068852
4.069457
4.070863
4.071156
4.071495
4.075335
4.077167
4.078903
4.081367
4.082294
4.082329
4.082982
4.084757
4.084791
4.086441
4.088350
4.089770
4.090717
4.093205
4.094625
4.094924
4.095596
4.096024
4.096455
4.099671
4.100282
4.100832
4.100860
4.100944
4.102064
4.105160
4.105594
4.106729
4.107043
4.107646
4.111177
4.111825
4.112549
4.113432
4.113482
4.113622
4.116236
4.117563
4.117665
4.117874
4.118636
4.119749
4.120617
4.120821
4.122138
4.122692
4.125685
4.126086
4.126910
4.127123
4.127142
4.127851
4.129633
4.129925
4.130224
4.130830
4.131032
4.132297
4.132699
4.132812
4.134740
4.134922
4.135952
4.136086
4.137359
4.137663
4.138007
4.138964
4.139283
4.139513
4.139624
4.140925
4.142012
4.142960
4.144024
4.146161
4.146534
4.147945
4.148008
4.148345
4.149307
4.150722
4.151664
4.152631
4.153092
4.154799
4.156983
4.157168
4.157629
4.159071
4.159640
4.160745
4.160989
4.161388
4.161443
4.161900
4.162314
4.162703
4.163452
4.165178
4.165640
4.165737
4.167028
4.167708
4.167759
4.169608
4.171629
4.172054
4.173226
4.174384
4.175550
4.176352
4.177294
4.177533
4.180610
4.181571
4.182493
4.186668
4.186746
4.187797
4.187938
4.188438
4.188596
4.190124
4.191008
4.194359
4.194664
4.195495
4.195708
4.195797
4.196262
4.197033
4.197248
4.197491
4.198574
4.198602
4.201355
4.203352
4.203822
4.204042
4.205235
4.207458
4.209737
4.214053
4.215475
4.217093
4.217345
4.217581
4.217692
4.217944
4.220345
4.222626
4.222799
4.224749
4.228270
4.228987
4.229279
4.232274
4.233841
4.234707
4.235326
4.237039
4.238700
4.239784
4.239949
4.240283
4.240402
4.242092
4.242775
4.244226
4.244578
4.244589
4.245049
4.246802
4.247676
4.248920
4.250562
4.251634
4.252007
4.253172
4.253463
4.253814
4.254140
4.254663
4.256590
4.256601
4.256982
4.257497
4.257678
4.257735
4.258258
4.259491
4.259807
4.260098
4.260385
4.260764
4.263171
4.263423
4.263602
4.263870
4.266470
4.267499
4.268386
4.269104
4.270168
4.270474
4.271477
4.272688
4.273515
4.273633
4.274601
4.274693
4.275797
4.276095
4.277017
4.277292
4.278931
4.279369
4.279850
4.280416
4.281079
4.281278
4.281666
4.282253
4.284242
4.284857
4.288660
4.288975
4.289478
4.290390
4.291076
4.291188
4.291587
4.291709
4.291913
4.292304
4.293223
4.294053
4.294584
4.294676
4.296165
4.297077
4.297255
4.297410
4.298246
4.299374
4.299402
4.299981
4.300983
4.301691
4.301902
4.302132
4.302163
4.305381
4.306903
4.307104
4.308434
4.308740
4.309156
4.309371
4.310617
4.310871
4.312464
4.313170
4.313433
4.313736
4.314556
4.316198
4.316590
4.316738
4.317805
4.317979
4.318448
4.320895
4.320920
4.321527
4.321550
4.321689
4.322781
4.322799
4.326114
4.326551
4.326780
4.327455
4.329003
4.330010
4.330417
4.331448
4.332060
4.332346
4.333707
4.333773
4.334264
4.334922
4.335189
4.336149
4.336877
4.337682
4.338589
4.338735
4.338951
4.340137
4.342634
4.343447
4.343857
4.344285
4.344649
4.344746
4.345702
4.345873
4.346407
4.346450
4.347993
4.348011
4.348075
4.348724
4.348821
4.349647
4.350858
4.352250
4.353073
4.354041
4.354434
4.355689
4.355824
4.355981
4.356533
4.356611
4.356639
4.356796
4.357768
4.358850
4.359334
4.359972
4.361217
4.361804
4.362650
4.364558
4.365643
4.366119
4.367174
4.367415
4.368104
4.368488
4.369028
4.369065
4.369226
4.370292
4.371531
4.371684
4.372002
4.372682
4.373892
4.374269
4.374605
4.375359
4.376643
4.377769
4.378447
4.379642
4.380108
4.380860
4.381008
4.381706
4.382998
4.383220
4.384078
4.385085
4.385372
4.386420
4.387562
4.387638
4.387843
4.388579
4.389526
4.391041
4.391180
4.391656
4.391663
4.392064
4.392715
4.393447
4.394074
4.395226
4.395262
4.395501
4.395511
4.396700
4.397522
4.397563
4.398887
4.399140
4.399745
4.400677
4.404604
4.405180
4.406246
4.407308
4.408517
4.408812
4.409005
4.410244
4.411577
4.411932
4.412256
4.412343
4.412593
4.412740
4.413032
4.413420
4.413615
4.415178
4.415307
4.415317
4.415429
4.415640
4.416413
4.416832
4.418329
4.418956
4.419462
4.419590
4.419652
4.419789
4.422795
4.422974
4.423207
4.423830
4.424279
4.424456
4.424819
4.425076
4.425196
4.425682
4.426050
4.427356
4.427409
4.427939
4.428238
4.428494
4.429163
4.430052
4.431492
4.431600
4.432192
4.432761
4.433352
4.433713
4.435010
4.435117
4.436556
4.437377
4.437780
4.439085
4.439324
4.439750
4.440550
4.440746
4.440910
4.440951
4.442498
4.442875
4.443105
4.443936
4.444027
4.445041
4.445570
4.446015
4.449148
4.449376
4.449441
4.450163
4.451783
4.453406
4.454375
4.455104
4.456607
4.456689
4.456758
4.457379
4.457727
4.458070
4.458128
4.458719
4.458994
4.459252
4.459607
4.461254
4.462097
4.462728
4.462831
4.462851
4.463528
4.463595
4.464050
4.465259
4.468604
4.469212
4.469377
4.469409
4.469903
4.470747
4.472117
4.473692
4.474277
4.475844
4.475933
4.477418
4.478538
4.478734
4.478900
4.479514
4.479784
4.480053
4.480138
4.480223
4.480422
4.480612
4.480950
4.481787
4.482165
4.482234
4.482246
4.482602
4.483113
4.483133
4.483338
4.484617
4.485641
4.486035
4.486052
4.486210
4.486883
4.487130
4.487712
4.487862
4.489234
4.489284
4.490183
4.490218
4.492422
4.492500
4.492885
4.493640
4.493771
4.494686
4.494725
4.494913
4.495574
4.496353
4.496976
4.497102
4.497110
4.497393
4.497613
4.497870
4.499455
4.499921
4.499986
4.501027
4.501178
4.501346
4.501420
4.501823
4.502538
4.502945
4.503366
4.503531
4.503545
4.505794
4.506299
4.506674
4.506944
4.507705
4.507859
4.508559
4.509730
4.511945
4.512913
4.513028
4.513907
4.514294
4.515078
4.515564
4.515592
4.515915
4.516019
4.516268
4.516296
4.517064
4.517292
4.517808
4.518206
4.518805
4.518834
4.519753
4.520553
4.521655
4.521764
4.522544
4.523014
4.523561
4.523769
4.523808
4.524052
4.524079
4.524190
4.524377
4.524744
4.525028
4.525595
4.525763
4.526145
4.526475
4.526790
4.528624
4.530392
4.531312
4.533206
4.534906
4.535695
4.535760
4.536502
4.536586
4.536737
4.536788
4.536934
4.536950
4.537391
4.537800
4.538204
4.538608
4.538666
4.539552
4.539852
4.540327
4.540620
4.541214
4.541875
4.543162
4.543620
4.544822
4.546032
4.546343
4.547700
4.548092
4.548101
4.549001
4.549694
4.549908
4.549943
4.550846
4.551531
4.551963
4.552055
4.552766
4.554733
4.555396
4.555807
4.556184
4.556989
4.558726
4.558965
4.559738
4.560089
4.560460
4.560560
4.562550
4.562681
4.564140
4.564746
4.565433
4.565845
4.566706
4.567544
4.568839
4.569911
4.569914
4.570655
4.570929
4.571832
4.572209
4.572305
4.572320
4.573866
4.574069
4.574164
4.574704
4.574792
4.576427
4.578159
4.578494
4.578582
4.579255
4.580266
4.580366
4.581363
4.583684
4.583896
4.585081
4.585132
4.585147
4.585236
4.585252
4.585709
4.586097
4.586243
4.586672
4.587962
4.588437
4.588653
4.588803
4.588902
4.589460
4.590835
4.591068
4.591113
4.591421
4.592209
4.592308
4.594518
4.595929
4.596200
4.596912
4.597428
4.597788
4.597998
4.598080
4.598737
4.599570
4.599611
4.600708
4.600978
4.601431
4.602252
4.603259
4.603701
4.604236
4.604324
4.604401
4.604556
4.604986
4.605649
4.606135
4.606465
4.607176
4.607588
4.607639
4.607942
4.608059
4.608612
4.608699
4.608867
4.610098
4.611019
4.611259
4.612288
4.612697
4.612749
4.613182
4.613948
4.613970
4.615467
4.616225
4.616605
4.617554
4.617987
4.618085
4.618371
4.619258
4.619862
4.620243
4.620960
4.621191
4.621309
4.621712
4.621974
4.623746
4.623960
4.624498
4.625030
4.625749
4.626683
4.627295
4.627700
4.628158
4.629178
4.629470
4.629541
4.629895
4.630176
4.630963
4.630999
4.631592
4.631670
4.632346
4.632988
4.633152
4.633173
4.633273
4.634957
4.635778
4.636230
4.636580
4.636758
4.636860
4.636977
4.637585
4.637854
4.638111
4.638818
4.639501
4.639633
4.639958
4.640354
4.640975
4.641076
4.641383
4.642051
4.642446
4.643232
4.643723
4.643854
4.644599
4.645138
4.645232
4.645449
4.645534
4.645845
4.646133
4.646689
4.646991
4.647763
4.648118
4.648299
4.648667
4.648880
4.649275
4.649893
4.650113
4.650478
4.650847
4.651112
4.651248
4.651564
4.651758
4.652984
4.652991
4.654134
4.654836
4.654964
4.655398
4.656212
4.656358
4.656431
4.656649
4.656753
4.657012
4.657347
4.657788
4.657978
4.658608
4.659472
4.659945
4.659976
4.661438
4.661554
4.661693
4.661746
4.661769
4.662090
4.662119
4.662416
4.662589
4.662682
4.662733
4.663102
4.663600
4.663780
4.664379
4.664630
4.664649
4.664804
4.664823
4.665226
4.665431
4.666461
4.666623
4.666849
4.667387
4.668343
4.668381
4.668630
4.668776
4.669169
4.669302
4.670998
4.671224
4.671247
4.671257
4.671392
4.672233
4.672532
4.672625
4.672661
4.672676
4.672784
4.673756
4.674150
4.674801
4.675904
4.676214
4.676585
4.677069
4.677240
4.677699
4.678404
4.678753
4.679540
4.680648
4.680854
4.681006
4.681402
4.681674
4.681957
4.682786
4.682829
4.683197
4.683568
4.683591
4.683865
4.684668
4.685340
4.685818
4.686059
4.686122
4.686780
4.687000
4.687026
4.687723
4.688010
4.688629
4.688782
4.689771
4.689853
4.692411
4.692547
4.692573
4.692652
4.692736
4.693228
4.693612
4.694024
4.694699
4.694715
4.696210
4.696366
4.697674
4.697826
4.697981
4.698984
4.699105
4.699235
4.699239
4.699649
4.700470
4.700737
4.700914
4.700940
4.701039
4.701186
4.701957
4.702313
4.702381
4.702990
4.702996
4.703106
4.703123
4.703556
4.703931
4.704045
4.704800
4.705483
4.705533
4.705683
4.707027
4.707134
4.707195
4.707521
4.707635
4.708669
4.709762
4.710017
4.710048
4.710178
4.710339
4.710391
4.711001
4.711343
4.711408
4.711647
4.712027
4.712436
4.712443
4.712619
4.712858
4.713035
4.713150
4.713783
4.713952
4.713994
4.714005
4.714180
4.714286
4.714303
4.715433
4.715715
4.715716
4.715866
4.716131
4.716263
4.716564
4.716757
4.717246
4.717395
4.717822
4.718072
4.718094
4.718109
4.718375
4.718427
4.718484
4.718694
4.719899
4.720061
4.720156
4.720213
4.720435
4.720575
4.720893
4.721141
4.721529
4.721817
4.721886
4.721975
4.721985
4.722056
4.722322
4.722451
4.722585
4.723055
4.723100
4.723108
4.723332
4.723423
4.723614
4.723753
4.724016
4.724104
4.724216
4.724947
4.725364
4.725705
4.726184
4.726201
4.726541
4.726673
4.727079
4.727221
4.727261
4.727672
4.728140
4.728185
4.728331
4.728332
4.728426
4.728476
4.728824
4.728859
4.729374
4.729734
4.730168
4.730212
4.730402
4.730441
4.730495
4.730544
4.730705
4.730873
4.731007
4.731058
4.731161
4.731253
4.731298
4.731387
4.731535
4.731551
4.731821
4.731912
4.731946
4.732061
4.732082
4.732461
4.732575
4.732691
4.732839
4.733047
4.733698
4.733702
4.733730
4.733842
4.733932
4.734298
4.734354
4.734468
4.734550
4.734813
4.734907
4.734907
4.734913
4.735018
4.735119
4.735168
4.735228
4.735309
4.735329
4.735707
4.735738
4.735752
4.735782
4.735795
4.735910
4.735917
4.736274
4.736305
4.736362
4.736381
4.736458
4.736551
4.736571
4.736599
4.736639
4.736737
4.736780
4.736828
4.736828
4.736830
4.736848
4.736892
4.736937
4.736977
4.737012
4.737027
4.737187
4.737193
4.737194
4.737284
4.737308
4.737316
4.737352
4.737390
4.737402
4.737427
4.737452
4.737460
4.737460
4.737460
4.737461
4.737461
4.737461
4.737461
4.737462
4.737462
4.737463
4.737463
4.737463
4.737463
4.737464
