1.000000
1.051685
1.144998
1.226866
1.236109
1.266451
1.302162
1.318262
1.330936
1.353124
1.372215
1.376199
1.379065
1.399431
1.468282
1.469471
1.481565
1.491892
1.502249
1.551745
1.563711
1.568964
1.572908
1.590147
1.597462
1.609448
1.615832
1.618207
1.624018
1.630341
1.635372
1.643324
1.662405
1.687626
1.687827
1.736358
1.738766
1.740609
1.754923
1.763369
1.776609
1.785340
1.810674
1.811500
1.816516
1.820936
1.821220
1.821449
1.826724
1.830250
1.835500
1.837622
1.840088
1.843364
1.848102
1.853221
1.853681
1.872132
1.873482
1.876149
1.880032
1.881351
1.893400
1.899676
1.901734
1.908978
1.915206
1.918741
1.919205
1.926150
1.928545
1.931537
1.932813
1.938448
1.941007
1.942976
1.943027
1.943189
1.953904
1.954306
1.961878
1.965402
1.975377
1.980316
1.983125
1.985284
1.985904
1.993612
2.000984
2.005657
2.008379
2.008753
2.009368
2.017299
2.018507
2.019092
2.019985
2.020336
2.022616
2.024712
2.027161
2.028190
2.029938
2.032855
2.035100
2.035596
2.036454
2.038458
2.039803
2.045765
2.046413
2.048636
2.057740
2.059783
2.060838
2.061005
2.063931
2.064672
2.067401
2.067685
2.068290
2.069575
2.069628
2.069867
2.071376
2.075997
2.079154
2.079564
2.084903
2.086220
2.090162
2.094298
2.095663
2.095725
2.098348
2.099669
2.100347
2.103434
2.105055
2.105455
2.107054
2.107490
2.107981
2.108432
2.108582
2.109564
2.109648
2.109803
2.110539
2.112332
2.112572
2.113924
2.114328
2.114335
2.115948
2.117992
2.118043
2.118954
2.120414
2.121782
2.122838
2.123469
2.125170
2.126179
2.128189
2.131959
2.132978
2.133342
2.134112
2.135669
2.136544
2.136867
2.137939
2.142725
2.146706
2.147381
2.147912
2.150121
2.150869
2.152072
2.152184
2.153968
2.155023
2.155771
2.157578
2.158886
2.159130
2.160441
2.162789
2.164937
2.168499
2.171803
2.172736
2.172935
2.174654
2.175310
2.175369
2.177125
2.177308
2.179754
2.183641
2.185636
2.187292
2.191608
2.194135
2.194964
2.195208
2.196529
2.200837
2.201821
2.203895
2.206961
2.209037
2.209655
2.213420
2.213611
2.213681
2.215985
2.216104
2.218696
2.220651
2.223202
2.226339
2.231720
2.232027
2.233458
2.233681
2.235585
2.235980
2.236546
2.237066
2.237259
2.240026
2.241210
2.242927
2.243035
2.245692
2.246651
2.249001
2.250969
2.251959
2.256308
2.256701
2.258484
2.258730
2.259600
2.260356
2.260595
2.262712
2.262740
2.264618
2.266642
2.267315
2.267404
2.267566
2.270382
2.270833
2.271777
2.276722
2.276933
2.277304
2.277408
2.277945
2.278625
2.278847
2.279639
2.280316
2.280538
2.280915
2.281338
2.283793
2.284361
2.285242
2.285748
2.289046
2.290608
2.291290
2.292652
2.292863
2.297499
2.298531
2.300318
2.300538
2.301559
2.302682
2.308294
2.308402
2.309228
2.310195
2.311463
2.311888
2.313064
2.313593
2.315540
2.318026
2.318404
2.318620
2.318728
2.320610
2.322426
2.322665
2.324886
2.324907
2.326331
2.327121
2.328305
2.328705
2.332354
2.333220
2.333696
2.335716
2.337512
2.337653
2.338984
2.339516
2.340759
2.342210
2.342615
2.343729
2.343795
2.344726
2.345430
2.346734
2.349197
2.350479
2.350875
2.351933
2.352250
2.353384
2.353514
2.354031
2.355297
2.357044
2.357396
2.358097
2.358734
2.359840
2.360397
2.360504
2.363389
2.364547
2.364738
2.364878
2.366481
2.367329
2.367356
2.368464
2.368729
2.370128
2.370893
2.371656
2.372410
2.372787
2.373246
2.373763
2.374016
2.376926
2.378628
2.379692
2.381991
2.382204
2.384633
2.385437
2.385597
2.386788
2.387069
2.388317
2.389276
2.390258
2.390382
2.390712
2.390718
2.391391
2.391969
2.391982
2.392778
2.393052
2.393345
2.395053
2.395378
2.395648
2.395991
2.396071
2.397363
2.397404
2.398072
2.398184
2.398465
2.400288
2.400338
2.400472
2.401415
2.403405
2.404369
2.404685
2.405068
2.405134
2.405607
2.405676
2.406003
2.408741
2.408774
2.409121
2.410683
2.412073
2.412078
2.412468
2.412786
2.414123
2.414860
2.415447
2.416231
2.417497
2.417588
2.418193
2.418209
2.418738
2.419116
2.419857
2.420186
2.420485
2.421248
2.422150
2.424413
2.424498
2.424509
2.424862
2.424911
2.425671
2.427284
2.427450
2.427845
2.430344
2.430395
2.431417
2.433098
2.433154
2.434287
2.434998
2.436484
2.436857
2.440318
2.440875
2.441239
2.442060
2.442205
2.443036
2.443554
2.445763
2.446306
2.446513
2.446751
2.448346
2.448501
2.448696
2.450258
2.450566
2.450974
2.451003
2.451718
2.452391
2.452591
2.452831
2.453316
2.455348
2.457256
2.459069
2.461467
2.463517
2.463608
2.463967
2.464070
2.464536
2.465068
2.466341
2.466470
2.466971
2.468260
2.468306
2.468642
2.468949
2.469301
2.470131
2.470885
2.473639
2.474064
2.476173
2.476207
2.476796
2.477072
2.478283
2.478796
2.480613
2.480752
2.481267
2.484448
2.484962
2.485307
2.488048
2.489101
2.489301
2.490992
2.491006
2.491409
2.492255
2.492588
2.493223
2.494468
2.497009
2.497943
2.499179
2.499397
2.500060
2.501234
2.502317
2.502367
2.502367
2.502382
2.503134
2.504046
2.506250
2.506312
2.506525
2.509344
2.510071
2.512050
2.512843
2.513385
2.514890
2.515059
2.515448
2.516809
2.517164
2.517768
2.517960
2.519308
2.522063
2.524135
2.525024
2.525548
2.525634
2.527912
2.528336
2.528731
2.531695
2.531810
2.532583
2.533632
2.534537
2.535268
2.535655
2.537871
2.537979
2.538490
2.538664
2.539105
2.539155
2.541749
2.542056
2.542086
2.543225
2.544622
2.545642
2.546013
2.546296
2.547118
2.550373
2.550385
2.551167
2.551608
2.553006
2.555889
2.558119
2.558505
2.559675
2.560872
2.561091
2.561235
2.561362
2.561457
2.561664
2.562194
2.562479
2.562496
2.563275
2.565179
2.565946
2.566380
2.566396
2.567320
2.567924
2.568330
2.568636
2.569008
2.569219
2.570487
2.570890
2.571112
2.573431
2.573555
2.575156
2.575374
2.575409
2.575642
2.576095
2.576110
2.577472
2.578287
2.579148
2.579879
2.581118
2.581685
2.581835
2.581936
2.582139
2.582944
2.584200
2.584351
2.586126
2.586919
2.587082
2.588552
2.589408
2.590225
2.590421
2.591312
2.591387
2.592916
2.593380
2.595102
2.595757
2.595989
2.597148
2.597665
2.597973
2.598051
2.599058
2.600876
2.601353
2.602317
2.603515
2.604071
2.604413
2.604886
2.605606
2.605867
2.606092
2.607773
2.608221
2.608633
2.608999
2.609384
2.610719
2.611317
2.611480
2.612338
2.612527
2.613086
2.613623
2.614050
2.614123
2.614665
2.614789
2.615858
2.615870
2.616922
2.617025
2.617581
2.618390
2.619276
2.619649
2.620013
2.620087
2.620128
2.620911
2.622477
2.622608
2.623911
2.624548
2.625023
2.625176
2.625330
2.625736
2.625921
2.626656
2.626871
2.626989
2.627835
2.628140
2.630265
2.630899
2.631841
2.632143
2.632248
2.632448
2.632593
2.633035
2.633895
2.634320
2.637090
2.637151
2.637956
2.638114
2.638582
2.638671
2.638740
2.639217
2.639820
2.639959
2.640690
2.640751
2.640790
2.640793
2.643512
2.643598
2.643938
2.646275
2.646663
2.647046
2.647157
2.647729
2.651604
2.651960
2.655873
2.656138
2.656140
2.656257
2.656331
2.658964
2.660468
2.660597
2.660897
2.661414
2.661894
2.662181
2.663982
2.664414
2.665715
2.666398
2.666805
2.667969
2.668089
2.668458
2.668490
2.669009
2.669387
2.670696
2.672140
2.673182
2.673828
2.674555
2.674560
2.674965
2.675013
2.676725
2.677513
2.680049
2.680688
2.680689
2.680917
2.684319
2.684615
2.684665
2.685933
2.686504
2.689255
2.689948
2.690551
2.690762
2.693222
2.693480
2.694366
2.694894
2.695036
2.695718
2.695796
2.697851
2.698323
2.700228
2.702017
2.703165
2.704147
2.704519
2.704777
2.705328
2.708634
2.710119
2.711271
2.712203
2.712445
2.712700
2.712978
2.713164
2.713590
2.713860
2.714020
2.715623
2.716174
2.716338
2.716771
2.717475
2.718265
2.718591
2.719044
2.719521
2.720421
2.721119
2.721691
2.721852
2.722082
2.722085
2.722133
2.723089
2.723191
2.724360
2.725811
2.726655
2.726691
2.726691
2.726693
