1.000000
1.711125
1.814929
2.106265
2.242150
2.549178
2.558195
2.611176
2.663721
2.736093
2.847053
2.862252
3.248241
3.604231
3.674143
3.695436
3.736100
3.803075
3.952102
3.991563
4.376560
4.430740
4.586936
4.653825
4.822662
5.161925
5.170288
5.251788
5.298759
5.336928
5.358228
5.426015
5.812376
5.896629
6.005391
6.022362
6.079306
6.120938
6.168906
6.191312
6.247937
6.289290
6.322119
6.615949
6.684115
6.800115
6.938216
6.963608
7.166276
7.185419
7.465385
7.641866
7.651382
7.786325
7.806286
7.863106
7.892689
7.894396
7.913705
7.956328
7.975955
8.122305
8.161585
8.339550
8.481194
8.490377
8.611433
8.696835
8.707767
8.710944
8.776954
8.863266
8.867172
8.874584
8.932319
8.940092
9.029859
9.110576
9.172288
9.220073
9.242590
9.279707
9.303991
9.305502
9.308521
9.332344
9.336618
9.390036
9.412067
9.439063
9.465670
9.469026
9.515538
9.540249
9.554699
9.563505
9.584499
9.598255
9.640088
9.669352
9.686113
9.696210
9.717202
9.737135
9.747993
9.755089
9.758635
9.769863
9.779993
9.803246
9.810319
9.824251
9.834658
9.840951
9.845712
9.848178
9.864107
9.870293
9.916422
9.917084
9.939154
9.943870
9.969474
9.972503
9.973329
10.021610
10.032059
10.032386
10.059530
10.063043
10.072586
10.086019
10.100919
10.106032
10.108891
10.115996
10.136904
10.142713
10.153657
10.164759
10.169271
10.176389
10.181787
10.188507
10.195571
10.201530
10.203895
10.204740
10.210851
10.225857
10.226125
10.238728
10.240707
10.241553
10.241711
10.253160
10.253470
10.255581
10.258452
10.260905
10.267883
10.275814
10.277225
10.278963
10.295238
10.295337
10.307616
10.308211
10.313416
10.320229
10.330176
10.335544
10.340372
10.387840
10.390699
10.391598
10.393339
10.398869
10.402884
10.406648
10.408280
10.422138
10.422718
10.436219
10.447467
10.449243
10.456442
10.459762
10.461464
10.476405
10.480693
10.482158
10.488734
10.492045
10.497218
10.498833
10.499032
10.509887
10.514958
10.519182
10.522717
10.525965
10.529622
10.530387
10.539709
10.547741
10.550989
10.555488
10.555812
10.565531
10.568621
10.572385
10.580483
10.598863
10.599825
10.613973
10.615117
10.615174
10.616114
10.616855
10.618371
10.627940
10.636331
10.645973
10.653956
10.662923
10.669962
10.675126
10.675713
10.679665
10.686707
10.686955
10.691927
10.692471
10.693230
10.697198
10.697916
10.699392
10.704332
10.718911
10.729746
10.732056
10.735680
10.745185
10.757936
10.769078
10.779495
10.800845
10.802018
10.805894
10.806059
10.809381
10.813646
10.827758
10.829067
10.858467
10.861616
10.882326
10.883596
10.890780
10.899362
10.902745
10.907252
10.911926
10.926820
10.931766
10.934652
10.937954
10.938298
10.945487
10.962984
10.975241
10.975303
10.977281
10.982901
10.984647
10.988377
11.000836
11.009612
11.017957
11.020929
11.027402
11.034554
11.039488
11.046534
11.058972
11.066621
11.072202
11.077787
11.079152
11.079839
11.080878
11.090028
11.094128
11.094699
11.098455
11.100491
11.106421
11.107903
11.109656
11.127351
11.131949
11.132245
11.136936
11.137060
11.137063
11.148322
11.151753
11.167666
11.175237
11.175286
11.175974
11.177529
11.179758
11.180481
11.183672
11.186511
11.197262
11.203981
11.205392
11.208460
11.213211
11.216922
11.217257
11.220305
11.220942
11.221185
11.226469
11.229422
11.231659
11.232075
11.235446
11.239488
11.240465
11.246135
11.247293
11.248555
11.268789
11.272932
11.273573
11.290862
11.295382
11.296943
11.302854
11.304440
11.316283
11.328782
11.340170
11.342776
11.343784
11.349437
11.381316
11.384865
11.389582
11.390185
11.406319
11.408487
11.409562
11.428535
11.434525
11.438302
11.453800
11.455631
11.464874
11.474000
11.475905
11.478420
11.480536
11.481118
11.481635
11.484077
11.494446
11.495888
11.501153
11.521255
11.529396
11.529557
11.533012
11.534240
11.535833
11.536424
11.536647
11.543686
11.555320
11.562419
11.563371
11.566079
11.566965
11.567786
11.572762
11.575459
11.578158
11.584642
11.591066
11.592899
11.597409
11.600065
11.605880
11.606498
11.617259
11.620065
11.620078
11.620128
11.621912
11.624648
11.630975
11.640786
11.646824
11.648076
11.648837
11.650061
11.652759
11.653452
11.655751
11.659917
11.660525
11.661897
11.662285
11.662607
11.662750
11.673290
11.675340
11.684857
11.685515
11.687193
11.689577
11.694096
11.711460
11.715003
11.718026
11.719128
11.722253
11.722676
11.723328
11.724501
11.725671
11.725988
11.729878
11.733601
11.734352
11.734542
11.736425
11.738467
11.739174
11.739226
11.751229
11.752434
11.765779
11.780868
11.784534
11.785281
11.787423
11.787811
11.789488
11.789545
11.791094
11.799896
11.805872
11.807264
11.810577
11.813969
11.816189
11.819249
11.820350
11.820656
11.823799
11.824543
11.825705
11.828282
11.830381
11.837800
11.842159
11.844016
11.844304
11.858774
11.873734
11.875008
11.878129
11.882167
11.884148
11.886237
11.886905
11.886939
11.888414
11.888660
11.889984
11.893681
11.894468
11.899257
11.901535
11.902164
11.902520
11.909669
11.910750
11.915010
11.920226
11.920511
11.921308
11.933759
11.935286
11.935486
11.936903
11.943056
11.943441
11.945314
11.945992
11.949549
11.958949
11.960432
11.966980
11.967354
11.970213
11.987885
11.989227
11.990384
11.993294
12.004176
12.010234
12.010787
12.015087
12.015431
12.018171
12.018721
12.018786
12.023006
12.023139
12.023446
12.024172
12.031355
12.033009
12.034581
12.034615
12.036146
12.039604
12.046938
12.052966
12.061631
12.062954
12.065782
12.068759
12.069169
12.069937
12.070333
12.072948
12.073761
12.074402
12.075530
12.077427
12.080297
12.083110
12.092243
12.098516
12.098591
12.098692
12.101564
12.105120
12.105714
12.107950
12.109502
12.110954
12.111412
12.115746
12.120841
12.121289
12.125143
12.125448
12.126961
12.126984
12.132637
12.137951
12.143550
12.143657
12.143706
12.148935
12.149362
12.150365
12.151809
12.152353
12.155739
12.158731
12.158823
12.159622
12.161519
12.161881
12.162724
12.165163
12.165513
12.166264
12.167320
12.170525
12.170892
12.172632
12.174865
12.176815
12.178831
12.179499
12.180166
12.183502
12.187747
12.188938
12.189883
12.191969
12.193820
12.194309
12.200040
12.201831
12.203875
12.204908
12.206352
12.208019
12.208743
12.210774
12.211655
12.212063
12.216283
12.216311
12.220807
12.221598
12.227485
12.228382
12.230368
12.231707
12.233669
12.235906
12.236021
12.245054
12.247524
12.247741
12.251305
12.251781
12.252146
12.252656
12.252992
12.254230
12.259116
12.260275
12.264563
12.267379
12.270407
12.271343
12.272951
12.274862
12.278495
12.279785
12.280892
12.281756
12.284809
12.290974
12.293275
12.295730
12.297305
12.298744
12.298774
12.298780
12.304751
12.304983
12.306375
12.307663
12.311253
12.316007
12.317494
12.317625
12.320561
12.325324
12.329097
12.331540
12.332726
12.335613
12.335916
12.336160
12.336514
12.338974
12.343364
12.343764
12.347644
12.350481
12.351562
12.355602
12.357640
12.358467
12.358759
12.361093
12.362540
12.365759
12.366586
12.371942
12.374755
12.374837
12.374847
12.375441
12.376484
12.379242
12.380159
12.382393
12.382434
12.382662
12.384076
12.387357
12.388134
12.390932
12.394534
12.394983
12.395247
12.396793
12.397220
12.400411
12.402469
12.404964
12.405421
12.406461
12.406744
12.407550
12.408293
12.410456
12.411944
12.412847
12.416327
12.421975
12.421980
12.425845
12.429271
12.431617
12.434263
12.434420
12.435236
12.437979
12.438021
12.438933
12.440256
12.442889
12.444166
12.445349
12.445374
12.445988
12.454959
12.458438
12.458711
12.461035
12.462298
12.463437
12.464163
12.465083
12.468686
12.474790
12.477493
12.479754
12.480454
12.481121
12.485939
12.486569
12.488472
12.489135
12.489537
12.490728
12.492992
12.494478
12.497499
12.497838
12.498276
12.499159
12.499205
12.500502
12.500704
12.503214
12.510006
12.511340
12.516629
12.518935
12.521088
12.522629
12.524103
12.530830
12.531260
12.532969
12.535890
12.539359
12.539370
12.542023
12.543901
12.544822
12.545081
12.545655
12.545695
12.545750
12.546023
12.547960
12.552071
12.552114
12.554090
12.555235
12.556384
12.561168
12.561548
12.562673
12.563137
12.563659
12.565489
12.569196
12.569701
12.569894
12.572865
12.573042
12.576528
12.576585
12.577958
12.579475
12.580333
12.581668
12.582739
12.584024
12.584046
12.584713
12.587043
12.588568
12.591854
12.595176
12.595478
12.598220
12.603735
12.607747
12.611883
12.611903
12.612450
12.613811
12.615990
12.616882
12.618165
12.619317
12.622810
12.624258
12.624669
12.625870
12.626051
12.626427
12.626445
12.628695
12.629923
12.631598
12.632337
12.632721
12.635518
12.640957
12.645605
12.646808
12.648141
12.648230
12.648656
12.650804
12.652782
12.653314
12.653464
12.655722
12.656240
12.656397
12.660855
12.661057
12.664298
12.665518
12.666552
12.668049
12.669107
12.671053
12.672279
12.672437
12.673701
12.675239
12.677302
12.679416
12.679916
12.680601
12.680681
12.682968
12.684061
12.685000
12.686443
12.688094
12.690062
12.693651
12.695073
12.695477
12.695723
12.698990
12.701944
12.702433
12.706987
12.707808
12.709474
12.710439
12.710716
12.715488
12.716749
12.718447
12.719954
12.720166
12.722011
12.722363
12.723338
12.724762
12.727787
12.736147
12.738090
12.739188
12.743550
12.743631
12.745188
12.745252
12.748389
12.749533
12.750601
12.750893
12.750920
12.751053
12.751071
12.752244
12.753928
12.754045
12.754082
12.759230
12.763482
12.767405
12.767412
12.767581
12.767698
12.767745
12.767775
12.770431
12.775055
12.775370
12.776084
12.777962
12.778807
12.780117
12.781114
12.781322
12.781341
12.781395
12.783355
12.784817
12.786086
12.786537
12.787551
12.789030
12.789524
12.791037
12.791544
12.791822
12.793387
12.794176
12.795127
12.797105
12.798225
12.798462
12.799848
12.799866
12.801908
12.802727
12.802833
12.803715
12.803882
12.805119
12.805461
12.805533
12.805973
12.806365
12.806453
12.812250
12.813020
12.813565
12.816290
12.817990
12.818009
12.823863
12.825261
12.827994
12.829529
12.830282
12.831472
12.836854
12.838371
12.838538
12.847791
12.848248
12.848947
12.848956
12.850294
12.852242
12.853119
12.856155
12.866982
12.867258
12.867386
12.869349
12.870581
12.871819
12.874043
12.875026
12.878343
12.878429
12.880585
12.880922
12.881855
12.882459
12.884591
12.884962
12.885183
12.885316
12.885576
12.887164
12.887447
12.888438
12.889010
12.889750
12.890056
12.890213
12.890932
12.892945
12.893003
12.893909
12.894545
12.898944
12.900747
12.900819
12.903374
12.904825
12.906114
12.906455
12.908016
12.908586
12.910268
12.911762
12.911922
12.916317
12.918530
12.918982
12.919611
12.920739
12.920888
12.921896
12.921900
12.924561
12.926012
12.926561
12.927258
12.927829
12.934711
12.937616
12.937697
12.937943
12.939684
12.939742
12.940056
12.941652
12.941700
12.944250
12.944323
12.946193
12.946215
12.946718
12.947182
12.947358
12.950731
12.955102
12.957552
12.957749
12.959809
12.959975
12.961358
12.965501
12.967526
12.968857
12.969148
12.972006
12.972281
12.976371
12.976784
12.977089
12.977320
12.980580
12.983360
12.987152
12.987313
12.989366
12.990370
12.993005
12.996504
12.998443
12.998522
13.001645
13.002175
13.003963
13.008947
13.013498
13.014235
13.014287
13.015966
13.016293
13.019346
13.019917
13.022927
13.022942
13.023914
13.025251
13.026104
13.027142
13.027335
13.031508
13.032677
13.033025
13.033525
13.034165
13.034288
13.035374
13.035928
13.037164
13.038499
13.039208
13.039459
13.040057
13.043476
13.044452
13.045143
13.046786
13.050531
13.050930
13.053122
13.053580
13.054108
13.054333
13.054787
13.055031
13.055084
13.055085
13.056782
13.057012
13.057273
13.058746
13.060686
13.062017
13.062860
13.066074
13.066108
13.066542
13.067725
13.068031
13.069551
13.069639
13.070634
13.070849
13.071647
13.072183
13.074396
13.076650
13.077115
13.077490
13.080264
13.080330
13.081940
13.083364
13.084046
13.085978
13.086227
13.086356
13.088014
13.088086
13.088737
13.089748
13.090044
13.090722
13.090805
13.093760
13.093812
13.095131
13.095748
13.096030
13.096327
13.097315
13.101942
13.106581
13.107522
13.107712
13.107977
13.110493
13.114007
13.114120
13.114437
13.115240
13.116286
13.116670
13.117170
13.118363
13.119062
13.120252
13.122105
13.122670
13.123368
13.124745
13.127953
13.127975
13.128292
13.128386
13.129920
13.133071
13.133894
13.134029
13.137355
13.137506
13.138188
13.140018
13.140928
13.141128
13.142892
13.144860
13.145043
13.145877
13.146508
13.148886
13.148946
13.149412
13.150419
13.152577
13.155754
13.157073
13.157338
13.158276
13.158299
13.158614
13.158955
13.159895
13.167803
13.167918
13.168337
13.168794
13.168821
13.172475
13.174554
13.176418
13.176861
13.179021
13.180861
13.181361
13.181923
13.182278
13.183004
13.183257
13.185863
13.188375
13.188533
13.188877
13.190020
13.190617
13.192357
13.192604
13.194586
13.195323
13.195749
13.196027
13.197055
13.198353
13.199492
13.199841
13.200217
13.200934
13.202352
13.203918
13.204679
13.205446
13.205843
13.206356
13.207489
13.208246
13.209671
13.209764
13.212111
13.214891
13.217237
13.220572
13.221218
13.225196
13.225583
13.228610
13.229404
13.229652
13.232166
13.233662
13.236367
13.238700
13.238777
13.239370
13.239805
13.241318
13.241489
13.242020
13.242042
13.242292
13.242624
13.243245
13.244776
13.246854
13.247660
13.247849
13.249486
13.249765
13.250265
13.253065
13.253827
13.254238
13.254723
13.256787
13.258127
13.258963
13.259460
13.259611
13.260578
13.260605
13.261151
13.262904
13.265260
13.266778
13.266800
13.268175
13.268244
13.268433
13.270636
13.270731
13.271675
13.273849
13.277271
13.279445
13.282283
13.282649
13.283793
13.284032
13.284039
13.284498
13.286346
13.286939
13.288044
13.288071
13.288819
13.291243
13.291548
13.291698
13.293552
13.293649
13.294017
13.294441
13.294482
13.296729
13.298061
13.298800
13.299317
13.299932
13.300555
13.300607
13.300953
13.301690
13.301752
13.302629
13.302797
13.303555
13.304528
13.306761
13.308366
13.308434
13.308453
13.309215
13.309520
13.309640
13.310881
13.311495
13.313210
13.313519
13.315263
13.316689
13.317815
13.318129
13.318457
13.320770
13.321073
13.322113
13.322870
13.324018
13.324645
13.325967
13.326919
13.329049
13.331629
13.331655
13.331670
13.331755
13.332323
13.333017
13.334199
13.334229
13.334410
13.335563
13.335836
13.337048
13.337702
13.338017
13.338993
13.339364
13.340266
13.340780
13.342575
13.344556
13.345137
13.346579
13.347188
13.349360
13.349742
13.350845
13.352361
13.353337
13.353652
13.354698
13.355679
13.356303
13.356894
13.356959
13.357860
13.357912
13.359674
13.359797
13.360321
13.362501
13.364157
13.364506
13.365414
13.365749
13.366576
13.367107
13.368411
13.369192
13.369844
13.370222
13.370875
13.372121
13.372831
13.373068
13.373340
13.373657
13.379547
13.379700
13.381666
13.381862
13.382209
13.385795
13.387191
13.389627
13.391317
13.392528
13.392942
13.393082
13.393328
13.393706
13.395232
13.396388
13.396482
13.396625
13.396879
13.397044
13.399759
13.400319
13.400891
13.402885
13.404239
13.404343
13.404501
13.405319
13.407604
13.409169
13.409416
13.409476
13.410215
13.410668
13.410959
13.411144
13.411607
13.411871
13.412144
13.412172
13.412734
13.413245
13.413450
13.413683
13.413921
13.414020
13.414176
13.414358
13.415030
13.415154
13.417088
13.417714
13.417762
13.419611
13.420840
13.422571
13.424361
13.426287
13.428504
13.429110
13.429870
13.430062
13.430077
13.432754
13.433018
13.433099
13.434132
13.435220
13.437712
13.438603
13.440449
13.440740
13.441541
13.442278
13.442603
13.444070
13.444350
13.446015
13.449266
13.449396
13.449959
13.450701
13.451230
13.454432
13.454914
13.455485
13.455903
13.456168
13.459118
13.461264
13.461319
13.461955
13.466572
13.466811
13.468212
13.469113
13.470392
13.474154
13.474459
13.475867
13.476790
13.479425
13.479822
13.480309
13.481016
13.481857
13.482913
13.483086
13.484495
13.486563
13.487823
13.489124
13.490231
13.490466
13.490932
13.492249
13.492579
13.492693
13.492889
13.494532
13.494711
13.497048
13.498742
13.499326
13.499846
13.499893
13.500998
13.501073
13.501218
13.502084
13.502927
13.503245
13.503340
13.505506
13.507493
13.507550
13.510560
13.511286
13.512479
13.513292
13.513509
13.514310
13.515499
13.516475
13.516572
13.516933
13.517140
13.518703
13.518976
13.520492
13.521057
13.521488
13.521873
13.522526
13.523632
13.524207
13.524283
13.524401
13.524802
13.524854
13.525231
13.525353
13.527555
13.528476
13.529043
13.529456
13.530267
13.530823
13.531322
13.531535
13.534308
13.534655
13.536190
13.536241
13.536247
13.536444
13.536548
13.536994
13.539492
13.540305
13.540361
13.540861
13.541933
13.542057
13.542150
13.543291
13.543578
13.548800
13.549009
13.549364
13.549472
13.550921
13.551281
13.552419
13.552698
13.553294
13.553308
13.557517
13.557937
13.558459
13.558528
13.559081
13.559172
13.559222
13.561477
13.561987
13.564467
13.566535
13.567424
13.567430
13.567720
13.569243
13.569532
13.571666
13.572938
13.574526
13.574758
13.575577
13.576647
13.577305
13.577863
13.578665
13.579056
13.580345
13.580519
13.581812
13.584579
13.585998
13.586127
13.587138
13.589845
13.591999
13.592126
13.592696
13.593619
13.594658
13.598662
13.599439
13.599833
13.602037
13.602098
13.602568
13.603647
13.604302
13.604684
13.604706
13.605261
13.605915
13.606194
13.606891
13.606895
13.607100
13.607330
13.607533
13.607683
13.608211
13.608766
13.609203
13.610593
13.610826
13.611648
13.611662
13.612699
13.613979
13.614261
13.614488
13.615387
13.615769
13.616385
13.616424
13.618668
13.619308
13.619626
13.620118
13.621072
13.621807
13.621973
13.622204
13.623255
13.624340
13.624434
13.624512
13.624838
13.625945
13.626301
13.627975
13.628405
13.628722
13.629483
13.630385
13.631607
13.631629
13.632330
13.633186
13.634762
13.636221
13.636523
13.636933
13.638247
13.639541
13.640644
13.640813
13.640848
13.640882
13.641117
13.641181
13.641356
13.641657
13.642186
13.642851
13.642903
13.643156
13.643880
13.644508
13.645056
13.645426
13.646690
13.646781
13.651902
13.651904
13.651983
13.653341
13.655781
13.656050
13.657414
13.658337
13.658885
13.658979
13.660052
13.661079
13.661740
13.662317
13.662733
13.664125
13.664594
13.665633
13.665733
13.665933
13.667788
13.668229
13.668447
13.669516
13.670938
13.671923
13.672223
13.674052
13.674214
13.675132
13.675334
13.676101
13.676256
13.678294
13.679460
13.679516
13.679534
13.679688
13.679794
13.681871
13.682025
13.682440
13.685027
13.686102
13.687360
13.687662
13.687670
13.688299
13.688420
13.688442
13.690156
13.691032
13.691904
13.693100
13.693154
13.693847
13.695063
13.695664
13.696137
13.696468
13.698680
13.699530
13.699661
13.700137
13.700989
13.701170
13.701359
13.701622
13.701993
13.702166
13.702867
13.703588
13.705432
13.706054
13.706591
13.709999
13.710324
13.711676
13.711851
13.712417
13.713223
13.714389
13.714619
13.715312
13.715328
13.716155
13.716486
13.717425
13.717807
13.718378
13.718585
13.719269
13.719959
13.721007
13.721125
13.721231
13.722342
13.722603
13.724595
13.724648
13.724836
13.724879
13.725019
13.726378
13.726588
13.727551
13.730373
13.731240
13.732591
13.733844
13.734406
13.735100
13.735104
13.735266
13.735710
13.736222
13.736318
13.736538
13.737288
13.737672
13.738720
13.740933
13.742058
13.742304
13.742729
13.742905
13.743072
13.744243
13.745157
13.745203
13.747266
13.747401
13.748561
13.748643
13.748647
13.750275
13.750563
13.750683
13.752236
13.753346
13.753545
13.754251
13.756794
13.756915
13.758768
13.759710
13.762733
13.763171
13.763200
13.763827
13.764770
13.764840
13.765060
13.765326
13.765350
13.765505
13.765516
13.766022
13.766213
13.767399
13.767653
13.768126
13.768353
13.769508
13.769645
13.770409
13.771448
13.772448
13.774580
13.775162
13.775570
13.775623
13.776052
13.776240
13.776737
13.777379
13.777778
13.778325
13.778447
13.779242
13.779365
13.780701
13.780736
13.780789
13.781178
13.781906
13.782112
13.783600
13.783768
13.784949
13.788610
13.789287
13.789367
13.789378
13.789891
13.790290
13.792259
13.792812
13.792839
13.794792
13.795107
13.795624
13.795799
13.797468
13.798395
13.798993
13.800754
13.801083
13.802945
13.805130
13.805336
13.805652
13.805979
13.806024
13.806308
13.806425
13.806893
13.808553
13.808794
13.808806
13.810427
13.810476
13.811295
13.812761
13.812770
13.812966
13.814240
13.815574
13.816776
13.817369
13.818001
13.818612
13.818748
13.820488
13.820786
13.821049
13.821918
13.822027
13.822043
13.822912
13.823055
13.823238
13.823322
13.823982
13.825731
13.825781
13.826328
13.827285
13.828193
13.831388
13.831757
13.832294
13.833036
13.833695
13.834188
13.834251
13.834659
13.835055
13.835617
13.837073
13.837529
13.837537
13.837696
13.837965
13.838022
13.838045
13.838510
13.838517
13.839765
13.840462
13.840671
13.840714
13.841690
13.842326
13.843106
13.843666
13.846502
13.846811
13.847302
13.847473
13.847619
13.848618
13.849997
13.850361
13.851138
13.851233
13.851480
13.851569
13.853687
13.853716
13.853990
13.854202
13.854564
13.854875
13.854962
13.855065
13.855500
13.860243
13.860335
13.861048
13.861113
13.862265
13.862457
13.863581
13.863897
13.864727
13.868337
13.869040
13.869563
13.869734
13.870070
13.870266
13.870701
13.871682
13.872296
13.873272
13.873858
13.874351
13.875770
13.875842
13.877606
13.878239
13.878636
13.878647
13.878945
13.880144
13.881110
13.881303
13.881378
13.881656
13.881907
13.884353
13.885215
13.885768
13.886409
13.886657
13.886892
13.887916
13.888415
13.888885
13.890211
13.891782
13.892229
13.892232
13.893990
13.894521
13.894773
13.895864
13.895867
13.896410
13.897321
13.897705
13.898135
13.898273
13.898283
13.899311
13.900866
13.901515
13.902014
13.902491
13.902545
13.904738
13.905344
13.905630
13.905667
13.905683
13.906276
13.906533
13.907376
13.908142
13.908443
13.909167
13.910147
13.911180
13.911345
13.912046
13.912591
13.912751
13.913005
13.914436
13.915451
13.916444
13.916986
13.918506
13.918575
13.918908
13.920869
13.921076
13.921679
13.921707
13.922918
13.924109
13.925467
13.926708
13.926828
13.927351
13.928222
13.929178
13.931069
13.932943
13.933622
13.933782
13.934532
13.935444
13.935648
13.936480
13.936491
13.936633
13.937423
13.938727
13.939005
13.939553
13.940501
13.940536
13.941438
13.944605
13.945882
13.946446
13.947173
13.947584
13.948082
13.949022
13.949355
13.950338
13.950754
13.951440
13.952053
13.952138
13.952539
13.953517
13.956372
13.956849
13.957067
13.957484
13.957660
13.958435
13.959092
13.960062
13.960398
13.960712
13.961455
13.962544
13.962881
13.963445
13.963533
13.963765
13.964014
13.964242
13.964585
13.965066
13.965328
13.965405
13.965856
13.966122
13.966775
13.967458
13.968169
13.968377
13.968404
13.969609
13.970182
13.970521
13.970836
13.971019
13.972161
13.972286
13.972904
13.973799
13.974674
13.974692
13.975481
13.975933
13.977530
13.978105
13.979555
13.980154
13.981360
13.981427
13.981613
13.984142
13.984212
13.984579
13.985275
13.986408
13.986652
13.986675
13.986717
13.987031
13.987204
13.987755
13.988008
13.988938
13.989532
13.990253
13.991519
13.991819
13.992786
13.993005
13.994095
13.994220
13.994441
13.996233
13.997552
13.997810
13.998800
13.999039
13.999070
13.999484
13.999889
14.000386
14.000474
14.001408
14.001478
14.001567
14.001833
14.002728
14.003916
14.004888
14.005317
14.006136
14.006249
14.008272
14.010626
14.010818
14.011632
14.012513
14.012774
14.012867
14.013574
14.015750
14.018704
14.020087
14.020333
14.020933
14.021345
14.021753
14.022156
14.022678
14.022990
14.022995
14.023885
14.025683
14.026502
14.026934
14.027021
14.027102
14.027530
14.027581
14.027649
14.027905
14.028181
14.028570
14.028951
14.031191
14.031307
14.031896
14.033502
14.033886
14.034076
14.034317
14.035391
14.035404
14.036603
14.037322
14.037678
14.038043
14.039161
14.039604
14.041816
14.042160
14.042436
14.042732
14.043026
14.043971
14.044289
14.044393
14.045238
14.047516
14.049197
14.049613
14.050803
14.052860
14.054133
14.054646
14.054719
14.054830
14.054897
14.056093
14.057549
14.057924
14.059307
14.059602
14.059644
14.060425
14.061297
14.062134
14.062931
14.064003
14.064571
14.065218
14.067391
14.068063
14.068748
14.069865
14.070639
14.070949
14.071542
14.071658
14.074212
14.074678
14.075049
14.075487
14.075589
14.077266
14.077390
14.077616
14.077650
14.077971
14.078909
14.079073
14.079429
14.079677
14.079712
14.079768
14.079925
14.080729
14.081603
14.082104
14.084002
14.084580
14.086755
14.087063
14.087716
14.087956
14.088409
14.089007
14.091548
14.091954
14.092647
14.093342
14.095347
14.095496
14.096560
14.097956
14.099157
14.099185
14.099792
14.099948
14.100093
14.100739
14.101757
14.101921
14.102490
14.104406
14.105504
14.106965
14.107108
14.107121
14.108536
14.109241
14.109908
14.111498
14.111682
14.111789
14.111850
14.112052
14.112315
14.112344
14.112525
14.112715
14.112787
14.113813
14.114661
14.114831
14.114990
14.115623
14.116371
14.116608
14.117366
14.118303
14.118794
14.118870
14.120261
14.120289
14.120343
14.120508
14.120684
14.120773
14.120846
14.120886
14.121152
14.121646
14.123735
14.125446
14.128656
14.129487
14.129729
14.130213
14.132168
14.132846
14.133645
14.134799
14.135594
14.135741
14.136625
14.137710
14.138380
14.138618
14.139050
14.139393
14.139654
14.139753
14.139976
14.141578
14.141956
14.142414
14.142670
14.143202
14.143219
14.144132
14.144715
14.144945
14.145369
14.145514
14.146371
14.146833
14.147068
14.148788
14.149794
14.149943
14.150187
14.150434
14.151231
14.152457
14.153214
14.153254
14.155670
14.157418
14.157946
14.158056
14.158131
14.158542
14.159314
14.159646
14.160069
14.161237
14.161641
14.164637
14.167128
14.167167
14.168634
14.169700
14.170036
14.170193
14.170755
14.171625
14.172061
14.174895
14.177233
14.177401
14.178631
14.179567
14.179769
14.180390
14.180725
14.182355
14.185916
14.187346
14.188468
14.192282
14.192306
14.192430
14.192863
14.193620
14.194649
14.195161
14.196766
14.197538
14.197952
14.198169
14.198453
14.199568
14.199853
14.204517
14.204630
14.204633
14.205189
14.205976
14.206022
14.206715
14.206946
14.207875
14.208468
14.208624
14.208904
14.210370
14.211235
14.211246
14.211390
14.211487
14.212289
14.212436
14.212972
14.213216
14.213374
14.213699
14.213910
14.214366
14.214491
14.216651
14.218197
14.219346
14.219930
14.220377
14.220490
14.221401
14.221830
14.222420
14.223032
14.224607
14.225009
14.227589
14.228215
14.228800
14.229511
14.229720
14.231079
14.232686
14.233188
14.233315
14.233400
14.234185
14.234416
14.234550
14.234630
14.235549
14.237570
14.237707
14.237751
14.238131
14.238410
14.238510
14.238958
14.239639
14.239730
14.239889
14.240099
14.240135
14.241722
14.241865
14.242259
14.243498
14.244013
14.244772
14.245129
14.245892
14.246024
14.246313
14.246460
14.247048
14.249884
14.250576
14.251253
14.251490
14.251499
14.253548
14.254029
14.255626
14.255646
14.256211
14.257016
14.257052
14.257113
14.258372
14.259389
14.259574
14.259823
14.260432
14.261143
14.262647
14.262705
14.263217
14.263485
14.263845
14.264186
14.264203
14.264351
14.264660
14.265121
14.265364
14.266342
14.267417
14.267896
14.268103
14.269061
14.269067
14.270130
14.271890
14.272519
14.273347
14.274636
14.275345
14.275517
14.276039
14.276413
14.276423
14.277029
14.277838
14.277840
14.278220
14.278344
14.279058
14.279254
14.280067
14.281544
14.281890
14.283061
14.283301
14.284787
14.285931
14.286722
14.287011
14.287936
14.288342
14.290829
14.291273
14.291675
14.291847
14.292573
14.293962
14.294028
14.295689
14.296414
14.296735
14.297041
14.297972
14.298079
14.298177
14.298255
14.298514
14.298911
14.299197
14.299354
14.300091
14.301465
14.301542
14.302723
14.303966
14.304511
14.305203
14.305394
14.306070
14.306752
14.308621
14.308646
14.308697
14.309378
14.309999
14.310268
14.310792
14.311196
14.311352
14.312928
14.315434
14.315618
14.315636
14.316671
14.317548
14.317908
14.319072
14.319622
14.320613
14.320944
14.323051
14.324767
14.325206
14.325773
14.327168
14.327613
14.328287
14.328851
14.329232
14.330108
14.330183
14.331034
14.331620
14.331632
14.331889
14.332366
14.332419
14.333573
14.333957
14.335045
14.335297
14.336212
14.337193
14.337504
14.338632
14.338962
14.339071
14.339205
14.339373
14.339399
14.339400
14.339563
14.340082
14.340292
14.340431
14.340907
14.341735
14.342619
14.343349
14.343514
14.343669
14.345423
14.346145
14.346593
14.347765
14.348392
14.348456
14.349409
14.350330
14.350355
14.350679
14.350945
14.351003
14.351363
14.351448
14.352594
14.352625
14.352674
14.354407
14.356882
14.357453
14.357602
14.357711
14.358742
14.359952
14.360263
14.360906
14.361540
14.361567
14.361752
14.362025
14.362329
14.362661
14.363383
14.364684
14.365067
14.365145
14.365156
14.366805
14.366998
14.367003
14.367497
14.367854
14.368328
14.369143
14.369277
14.370333
14.370633
14.370958
14.371257
14.371908
14.371959
14.374583
14.375381
14.375729
14.377020
14.377114
14.377866
14.379014
14.380141
14.380444
14.381611
14.382528
14.383505
14.383522
14.384095
14.384702
14.384802
14.385077
14.385506
14.387531
14.393171
14.393220
14.393280
14.394019
14.394803
14.394819
14.395346
14.395853
14.395948
14.396019
14.397443
14.398120
14.398162
14.398224
14.398700
14.398771
14.399219
14.399914
14.400794
14.402799
14.403166
14.403804
14.404489
14.404720
14.405045
14.406294
14.406639
14.407400
14.407641
14.408512
14.408845
14.409023
14.410424
14.411126
14.411291
14.411311
14.411721
14.411818
14.411866
14.412381
14.413010
14.413042
14.414812
14.415251
14.415500
14.415768
14.415957
14.417262
14.417455
14.417510
14.418507
14.419059
14.419369
14.420295
14.420539
14.420903
14.421200
14.421450
14.422482
14.423623
14.424323
14.424650
14.425269
14.426697
14.427553
14.427890
14.428424
14.429618
14.429887
14.430986
14.432583
14.436028
14.437956
14.438394
14.438601
14.439378
14.440058
14.440228
14.440352
14.440433
14.440459
14.441859
14.441944
14.442519
14.442819
14.442981
14.443255
14.443754
14.444006
14.445194
14.445211
14.445662
14.446750
14.446787
14.448853
14.449778
14.450057
14.451322
14.451756
14.452001
14.452038
14.452320
14.454088
14.454336
14.455150
14.455195
14.456223
14.457104
14.457706
14.458840
14.458854
14.459410
14.459898
14.459922
14.460163
14.460797
14.461157
14.461226
14.462322
14.462323
14.462396
14.462608
14.462801
14.463005
14.464549
14.465290
14.465496
14.465621
14.466211
14.467027
14.468381
14.468489
14.468526
14.468705
14.469617
14.469855
14.470769
14.471123
14.471539
14.471827
14.471889
14.472421
14.472678
14.473062
14.473906
14.474280
14.474590
14.476787
14.476968
14.477065
14.477300
14.478319
14.478365
14.479000
14.479774
14.481402
14.481854
14.482951
14.483108
14.483109
14.483190
14.484776
14.484792
14.485214
14.486142
14.486259
14.486720
14.486782
14.487399
14.488468
14.488692
14.488822
14.489589
14.489592
14.489716
14.490081
14.490917
14.490921
14.491958
14.492477
14.493894
14.494546
14.494667
14.494968
14.495443
14.496286
14.496316
14.496401
14.496404
14.497937
14.498244
14.499238
14.500117
14.500446
14.500716
14.501201
14.502095
14.503277
14.503795
14.504768
14.505296
14.505410
14.505780
14.505911
14.507692
14.507964
14.508007
14.508661
14.508668
14.508700
14.509938
14.512914
14.513512
14.515258
14.515512
14.516072
14.516428
14.516587
14.516857
14.516987
14.518723
14.518880
14.518913
14.519377
14.521846
14.522230
14.522672
14.523229
14.523849
14.524074
14.525516
14.525783
14.525822
14.526168
14.526506
14.527036
14.527775
14.528123
14.528145
14.528461
14.528954
14.530425
14.531308
14.531385
14.531847
14.532023
14.532138
14.533447
14.533531
14.533684
14.534200
14.536170
14.537457
14.537836
14.538412
14.538637
14.538980
14.539086
14.540039
14.540373
14.540579
14.542010
14.542096
14.542799
14.543578
14.543716
14.544621
14.544975
14.545618
14.545926
14.546465
14.546613
14.548083
14.550043
14.550554
14.551860
14.551867
14.552298
14.554846
14.555192
14.555562
14.555918
14.556529
14.557240
14.557446
14.557451
14.557553
14.558290
14.558413
14.558750
14.559079
14.559562
14.560232
14.560469
14.560549
14.561043
14.561155
14.561271
14.561863
14.562039
14.562522
14.563743
14.563831
14.563951
14.564536
14.565200
14.566704
14.567758
14.568064
14.568266
14.568604
14.568614
14.568647
14.569079
14.571075
14.571177
14.571454
14.571659
14.574103
14.574544
14.575248
14.576853
14.577401
14.580308
14.580508
14.580867
14.582345
14.582737
14.582860
14.583298
14.583435
14.583853
14.585091
14.586388
14.586625
14.587508
14.587584
14.588120
14.588805
14.588981
14.589376
14.590922
14.591969
14.592348
14.592442
14.592534
14.594676
14.594920
14.595312
14.596795
14.597131
14.597599
14.597650
14.598454
14.599186
14.599380
14.600268
14.600499
14.600718
14.601229
14.601389
14.601590
14.603112
14.604659
14.604717
14.605136
14.605288
14.605577
14.607181
14.607251
14.607942
14.608213
14.609118
14.609838
14.610644
14.610707
14.610716
14.610829
14.611939
14.612138
14.612288
14.612500
14.613400
14.613514
14.613663
14.614470
14.615338
14.615396
14.615584
14.615707
14.616067
14.616503
14.616931
14.617104
14.618127
14.619828
14.620529
14.620626
14.620630
14.621638
14.621715
14.622543
14.622862
14.622993
14.623114
14.623344
14.623678
14.623905
14.624283
14.624348
14.624621
14.625723
14.626234
14.626961
14.627093
14.627530
14.628050
14.628105
14.628234
14.628993
14.629037
14.629103
14.629136
14.629402
14.629905
14.629925
14.630328
14.630667
14.631390
14.631914
14.632225
14.632244
14.632763
14.633164
14.633777
14.634972
14.634974
14.635224
14.636778
14.637024
14.638259
14.638683
14.639619
14.640431
14.642255
14.642511
14.642968
14.643280
14.644325
14.644573
14.644780
14.645310
14.645460
14.645831
14.646688
14.646702
14.647307
14.647564
14.647938
14.648917
14.650104
14.650470
14.651394
14.652155
14.653346
14.653422
14.653660
14.654605
14.656669
14.657297
14.657375
14.657467
14.658471
14.659323
14.660480
14.662721
14.662781
14.663951
14.665359
14.665561
14.665851
14.666247
14.666409
14.666582
14.666778
14.667840
14.667987
14.668682
14.668770
14.670558
14.672452
14.672893
14.672923
14.672947
14.673331
14.673485
14.673787
14.673792
14.674624
14.674961
14.675270
14.675394
14.675798
14.675904
14.676229
14.676498
14.676551
14.676893
14.677780
14.678514
14.678602
14.679223
14.679695
14.680464
14.680494
14.680844
14.681065
14.683115
14.683382
14.683482
14.683705
14.684584
14.684749
14.684795
14.685721
14.687569
14.688859
14.690074
14.690565
14.690733
14.691180
14.691760
14.691794
14.692039
14.692115
14.693387
14.694032
14.694715
14.694826
14.694994
14.695469
14.696943
14.697486
14.697733
14.697905
14.698051
14.699439
14.699497
14.699720
14.700645
14.701169
14.701274
14.701561
14.701736
14.701915
14.702325
14.702992
14.703162
14.704564
14.705189
14.705609
14.705653
14.706152
14.707026
14.707355
14.708245
14.708652
14.709560
14.709646
14.710187
14.710293
14.710345
14.710582
14.710657
14.711380
14.711578
14.712048
14.713133
14.713671
14.714031
14.714733
14.715489
14.716659
14.718453
14.718871
14.719028
14.719096
14.719792
14.720458
14.720916
14.721707
14.721872
14.724444
14.724714
14.725587
14.727514
14.727587
14.728040
14.728241
14.728294
14.728682
14.728981
14.729917
14.731732
14.732770
14.734504
14.734688
14.735219
14.736714
14.737648
14.737847
14.738224
14.740774
14.741113
14.741945
14.742043
14.742208
14.742314
14.742317
14.742944
14.743626
14.743995
14.744988
14.745178
14.745462
14.745520
14.746945
14.747263
14.748056
14.749125
14.750008
14.750907
14.750909
14.752365
14.752875
14.752963
14.752967
14.753376
14.753779
14.754797
14.755322
14.755378
14.755720
14.756306
14.756939
14.757370
14.758151
14.758178
14.758984
14.760012
14.760242
14.760323
14.761171
14.761746
14.762290
14.762360
14.763064
14.763371
14.763438
14.763522
14.766209
14.767021
14.767044
14.767403
14.767619
14.768203
14.768327
14.769470
14.770168
14.770169
14.770313
14.770695
14.771097
14.772052
14.772099
14.772602
14.773079
14.773119
14.774642
14.775652
14.776020
14.776821
14.778185
14.778759
14.778783
14.778879
14.779462
14.779919
14.779929
14.781080
14.781502
14.781615
14.781751
14.782684
14.782755
14.783105
14.783311
14.784987
14.785086
14.785148
14.785187
14.785612
14.786272
14.786515
14.786825
14.787473
14.788683
14.788754
14.788766
14.788938
14.789692
14.790000
14.791579
14.791714
14.792033
14.792223
14.792443
14.793722
14.794589
14.794620
14.794688
14.795978
14.797938
14.798081
14.798763
14.798784
14.798834
14.800383
14.801080
14.801284
14.801326
14.801404
14.801415
14.801525
14.801634
14.801678
14.802566
14.802808
14.804156
14.804315
14.804416
14.805417
14.806746
14.807618
14.808111
14.808167
14.808264
14.808417
14.809258
14.810028
14.810539
14.811689
14.812139
14.812179
14.812664
14.813033
14.813255
14.813664
14.814361
14.815608
14.816732
14.816939
14.816957
14.817390
14.817803
14.817833
14.817925
14.817971
14.818693
14.818805
14.820692
14.821019
14.821869
14.821965
14.824151
14.825783
14.826977
14.827180
14.827939
14.828273
14.828347
14.829913
14.830171
14.830480
14.830602
14.830647
14.831320
14.832044
14.832092
14.832486
14.834420
14.835333
14.835485
14.835672
14.836573
14.836643
14.837124
14.837667
14.838480
14.838913
14.839232
14.839586
14.839769
14.841633
14.842105
14.843518
14.844773
14.845236
14.845492
14.847010
14.847372
14.847715
14.847875
14.847914
14.848248
14.848254
14.848633
14.850680
14.852058
14.852575
14.853558
14.853887
14.854086
14.854974
14.855271
14.855355
14.855912
14.857774
14.857999
14.858311
14.859411
14.860007
14.860620
14.861991
14.862164
14.863344
14.863559
14.864007
14.864612
14.864991
14.865445
14.865928
14.866007
14.866264
14.867581
14.868728
14.869071
14.869705
14.870392
14.870852
14.870892
14.871223
14.871977
14.872780
14.873270
14.873961
14.874682
14.874846
14.876554
14.877098
14.877674
14.878495
14.878580
14.878738
14.879246
14.879289
14.879506
14.879640
14.879674
14.880054
14.880137
14.880144
14.880310
14.881153
14.881630
14.881661
14.881988
14.882333
14.882420
14.883624
14.883828
14.884458
14.884652
14.884765
14.888316
14.888588
14.889759
14.892161
14.893313
14.893494
14.894082
14.894908
14.895757
14.895935
14.896557
14.896576
14.898681
14.899055
14.899300
14.899625
14.900952
14.901397
14.901410
14.901507
14.904086
14.905321
14.905354
14.905538
14.906212
14.906251
14.906330
14.907078
14.908111
14.908453
14.911192
14.911686
14.912250
14.913344
14.913604
14.914357
14.914432
14.914730
14.915790
14.915933
14.916195
14.916435
14.917090
14.917889
14.918415
14.918641
14.919103
14.919440
14.919874
14.919943
14.920324
14.921869
14.922047
14.922938
14.923170
14.923886
14.924456
14.926064
14.926327
14.926358
14.926468
14.928148
14.928306
14.928616
14.929087
14.930615
14.932627
14.933280
14.933432
14.934964
14.935253
14.936138
14.937011
14.937250
14.938461
14.938698
14.940192
14.940580
14.940656
14.942231
14.942835
14.943278
14.943728
14.944138
14.944233
14.945803
14.946009
14.946103
14.947294
14.947774
14.949126
14.949671
14.949709
14.950047
14.950199
14.950927
14.951649
14.952069
14.952315
14.953305
14.953609
14.953944
14.954455
14.954776
14.954865
14.955744
14.956264
14.956411
14.957726
14.957747
14.957890
14.959034
14.959056
14.959641
14.960398
14.961862
14.962780
14.964482
14.964736
14.964912
14.964948
14.965521
14.965680
14.966000
14.968133
14.969821
14.970744
14.971290
14.971489
14.972101
14.973970
14.974150
14.974908
14.975735
14.976639
14.978063
14.978141
14.978380
14.980880
14.980975
14.982265
14.982744
14.983497
14.984297
14.985423
14.985569
14.986177
14.986961
14.986971
14.988607
14.988831
14.989319
14.990259
14.990587
14.990948
14.992521
14.992850
14.993746
14.996068
14.996338
14.996832
14.997348
14.997472
14.997547
15.000732
15.001020
15.003809
15.004031
15.005289
15.005582
15.006039
15.006278
15.006331
15.006594
15.006949
15.007131
15.007419
15.007920
15.009108
15.009222
15.009470
15.010692
15.011539
15.013814
15.014760
15.014897
15.015985
15.016197
15.016204
15.017603
15.017992
15.018085
15.019269
15.019773
15.019876
15.019985
15.020343
15.020360
15.021069
15.021299
15.021905
15.022140
15.022642
15.024422
15.024817
15.025151
15.025449
15.025774
15.026925
15.027343
15.027979
15.029128
15.029169
15.029861
15.030040
15.030361
15.031201
15.031749
15.031944
15.032036
15.032075
15.032115
15.032392
15.034370
15.035021
15.035688
15.037615
15.037748
15.038980
15.039093
15.040751
15.041567
15.042415
15.042814
15.046213
15.046777
15.046848
15.047164
15.047379
15.047474
15.047751
15.049468
15.049617
15.050998
15.051250
15.052864
15.052942
15.053144
15.053834
15.054320
15.056206
15.057040
15.057253
15.057688
15.057833
15.058670
15.058817
15.059307
15.059494
15.059700
15.059864
15.060133
15.060395
15.061981
15.062267
15.062536
15.062872
15.063373
15.063771
15.063830
15.064686
15.065548
15.069587
15.070002
15.070011
15.070338
15.070477
15.071376
15.072093
15.072177
15.073049
15.074664
15.074821
15.075704
15.075954
15.076075
15.076120
15.076385
15.078131
15.079056
15.079775
15.080921
15.081102
15.081822
15.082723
15.082994
15.083801
15.084104
15.085320
15.085532
15.086461
15.086850
15.087011
15.087579
15.087607
15.087964
15.088902
15.089362
15.089917
15.090061
15.090198
15.090885
15.091133
15.091913
15.092105
15.092169
15.092806
15.093289
15.096613
15.096981
15.097813
15.098370
15.100095
15.100926
15.101034
15.101709
15.102098
15.102223
15.103005
15.103894
15.104441
15.105119
15.105388
15.106131
15.106698
15.108003
15.108218
15.108710
15.109597
15.109881
15.110922
15.113879
15.113941
15.114699
15.116055
15.116058
15.116611
15.118667
15.118816
15.119971
15.120177
15.121809
15.122462
15.124461
15.125202
15.125383
15.125458
15.125625
15.126072
15.128982
15.129634
15.129963
15.131372
15.131896
15.133368
15.133391
15.133409
15.133461
15.134039
15.135000
15.137525
15.138448
15.138658
15.139189
15.141982
15.142000
15.143699
15.143818
15.144612
15.145299
15.146731
15.147092
15.147860
15.149368
15.151109
15.151679
15.152547
15.152621
15.154229
15.156043
15.157759
15.158495
15.160186
15.161351
15.162446
15.162779
15.162797
15.163532
15.164134
15.164155
15.166842
15.168116
15.168327
15.168340
15.168694
15.169503
15.169791
15.170450
15.171395
15.171461
15.172743
15.173331
15.173859
15.173939
15.174920
15.175397
15.175907
15.177224
15.177984
15.179291
15.179413
15.179919
15.180083
15.180214
15.181362
15.181378
15.181927
15.182705
15.183430
15.184807
15.184827
15.185125
15.185191
15.185305
15.186578
15.186628
15.186753
15.187037
15.187316
15.187906
15.188037
15.188494
15.188591
15.188743
15.189634
15.189865
15.190103
15.190506
15.191801
15.192004
15.192542
15.192549
15.192633
15.193274
15.194276
15.194996
15.195316
15.196620
15.196688
15.197721
15.198678
15.198807
15.199096
15.201431
15.201844
15.202138
15.202243
15.202249
15.202449
15.202505
15.203534
15.205008
15.205076
15.206081
15.207148
15.207493
15.207639
15.209270
15.209301
15.209348
15.210549
15.211204
15.211235
15.211385
15.211670
15.211928
15.212297
15.212473
15.212480
15.212579
15.214304
15.214519
15.215876
15.216815
15.216824
15.218315
15.218317
15.218669
15.219440
15.220075
15.220923
15.221937
15.223110
15.223971
15.224361
15.224835
15.225238
15.226076
15.227842
15.228715
15.231139
15.231161
15.232231
15.232350
15.232456
15.234044
15.235089
15.235508
15.235541
15.236617
15.237026
15.238956
15.239686
15.240241
15.241082
15.242444
15.242654
15.242909
15.243650
15.243868
15.244402
15.244530
15.244785
15.244847
15.245125
15.247087
15.247255
15.247754
15.247834
15.247838
15.247864
15.248065
15.248119
15.249087
15.250209
15.250473
15.250500
15.253353
15.254532
15.254556
15.254572
15.254578
15.256250
15.258700
15.258784
15.259032
15.259620
15.260042
15.260834
15.260885
15.260909
15.261252
15.261566
15.263235
15.263660
15.264312
15.264514
15.264698
15.265763
15.267856
15.268075
15.268780
15.270918
15.271108
15.271741
15.273253
15.273512
15.273817
15.275410
15.275972
15.277023
15.278125
15.278337
15.280142
15.280989
15.281136
15.281784
15.282220
15.282372
15.283053
15.283272
15.286130
15.287409
15.287742
15.288082
15.290458
15.290547
15.291883
15.292285
15.292467
15.294697
15.295773
15.295807
15.295951
15.296089
15.296805
15.296973
15.297506
15.297765
15.298057
15.298221
15.298625
15.299293
15.300128
15.300689
15.300942
15.301691
15.301961
15.302991
15.304416
15.304787
15.306452
15.306644
15.307404
15.308481
15.308591
15.309014
15.309766
15.309801
15.310689
15.311036
15.311938
15.312074
15.312928
15.313394
15.313493
15.314015
15.314296
15.314780
15.315675
15.315855
15.316085
15.317314
15.318380
15.318617
15.318902
15.319103
15.319573
15.320564
15.321380
15.323614
15.324265
15.324446
15.324913
15.325793
15.326809
15.326949
15.327082
15.327353
15.327505
15.327892
15.329327
15.329957
15.330179
15.330528
15.332082
15.332522
15.333043
15.333305
15.333444
15.334158
15.334929
15.334979
15.335230
15.335750
15.336512
15.336611
15.336612
15.336699
15.337239
15.337564
15.337567
15.337657
15.338919
15.338991
15.339519
15.340515
15.340562
15.340940
15.340980
15.341511
15.341594
15.341682
15.343112
15.343909
15.344193
15.345845
15.348282
15.349876
15.350063
15.351177
15.351305
15.351581
15.351794
15.351915
15.352120
15.353112
15.355380
15.355932
15.355950
15.356313
15.356714
15.356778
15.357611
15.357801
15.358238
15.360225
15.361688
15.362187
15.362337
15.362375
15.362474
15.363653
15.364135
15.364272
15.364922
15.365331
15.365640
15.366436
15.366505
15.368083
15.368423
15.369014
15.369250
15.370502
15.370731
15.371074
15.371893
15.372371
15.373075
15.373161
15.373488
15.374406
15.377409
15.379306
15.379663
15.382107
15.382243
15.382532
15.383000
15.385518
15.386896
15.387331
15.387481
15.387549
15.388667
15.389499
15.389558
15.389994
15.390156
15.390787
15.390928
15.391742
15.392076
15.393110
15.393274
15.393289
15.393772
15.393881
15.394408
15.394491
15.395685
15.395731
15.395754
15.396097
15.396209
15.396283
15.397337
15.397544
15.397905
15.398004
15.399112
15.399264
15.399385
15.400199
15.401559
15.401864
15.402057
15.402080
15.402137
15.403106
15.404373
15.404394
15.405178
15.405585
15.406336
15.406675
15.407043
15.407569
15.407601
15.407870
15.408768
15.408785
15.410106
15.410129
15.410206
15.410292
15.410852
15.411297
15.412481
15.412806
15.414027
15.414089
15.414945
15.416077
15.416107
15.417563
15.418100
15.418303
15.418348
15.419497
15.420056
15.421499
15.421628
15.421959
15.422025
15.422091
15.423100
15.423265
15.425043
15.425601
15.426642
15.427715
15.428525
15.428658
15.429789
15.429988
15.430630
15.431068
15.432543
15.433206
15.433447
15.433475
15.433966
15.434590
15.435167
15.435984
15.436097
15.437106
15.438841
15.439474
15.439775
15.439969
15.439981
15.440377
15.441360
15.441503
15.442114
15.442329
15.442373
15.442431
15.442719
15.443162
15.443420
15.443728
15.444131
15.444238
15.444622
15.444748
15.445155
15.445966
15.447059
15.447088
15.447220
15.447822
15.448004
15.448028
15.448241
15.450743
15.452054
15.452543
15.452897
15.453762
15.454869
15.455480
15.455683
15.456997
15.457183
15.457540
15.457989
15.458643
15.460405
15.460443
15.460971
15.461001
15.461725
15.462456
15.463214
15.463497
15.463686
15.465639
15.465811
15.465881
15.466083
15.466763
15.468103
15.468514
15.468644
15.471775
15.472979
15.473011
15.473090
15.473644
15.476474
15.478333
15.479257
15.480115
15.481094
15.481259
15.481264
15.481711
15.482567
15.483827
15.484285
15.484342
15.484552
15.485795
15.486266
15.487088
15.487552
15.487640
15.487967
15.488060
15.488145
15.488567
15.488923
15.489597
15.490294
15.490473
15.494546
15.495216
15.496057
15.498424
15.498645
15.499969
15.500688
15.501491
15.502239
15.504578
15.505743
15.505839
15.505949
15.506489
15.506721
15.507917
15.508451
15.509882
15.509991
15.510308
15.511435
15.511593
15.511983
15.512545
15.513380
15.513952
15.515332
15.515383
15.515824
15.516450
15.516746
15.517645
15.517760
15.518002
15.518624
15.519040
15.519422
15.519932
15.519968
15.520288
15.521715
15.523232
15.523747
15.524886
15.525188
15.525884
15.526468
15.526548
15.527503
15.527973
15.529123
15.529743
15.530760
15.531127
15.531161
15.531627
15.532001
15.532254
15.533002
15.533591
15.536101
15.538119
15.540028
15.540458
15.540672
15.541330
15.541670
15.541914
15.541985
15.543011
15.543181
15.543305
15.543990
15.545040
15.545547
15.545621
15.546282
15.546529
15.547216
15.547864
15.548784
15.550676
15.551568
15.552112
15.552408
15.552600
15.552608
15.553985
15.554109
15.556513
15.557356
15.558440
15.558527
15.558535
15.558713
15.559143
15.560157
15.560366
15.560518
15.560634
15.560740
15.560936
15.561520
15.562040
15.562710
15.563663
15.563981
15.564754
15.566120
15.567385
15.567991
15.568359
15.568551
15.569840
15.570119
15.570192
15.570838
15.570949
15.571083
15.571854
15.572872
15.573184
15.573879
15.573882
15.575340
15.576077
15.576082
15.576200
15.576883
15.577616
15.577682
15.578478
15.580562
15.582780
15.582821
15.583471
15.584637
15.584701
15.585160
15.585299
15.585429
15.585557
15.585627
15.586487
15.588451
15.589938
15.590919
15.592054
15.593913
15.594084
15.594287
15.594829
15.595234
15.595661
15.596118
15.597297
15.597557
15.597988
15.598052
15.598416
15.599079
15.599096
15.599220
15.599734
15.600483
15.600754
15.601110
15.601395
15.601751
15.602468
15.603668
15.603714
15.605123
15.605901
15.605906
15.607015
15.607232
15.607418
15.607594
15.609227
15.610268
15.610523
15.610831
15.611114
15.611468
15.611693
15.611971
15.612647
15.613110
15.613204
15.613278
15.613906
15.614728
15.614838
15.615177
15.615832
15.616413
15.616960
15.618347
15.618423
15.619075
15.619747
15.620405
15.622296
15.622940
15.623382
15.623388
15.623590
15.624090
15.625205
15.627849
15.628093
15.629324
15.629375
15.630291
15.631639
15.633231
15.633494
15.634087
15.634109
15.635252
15.635398
15.636744
15.636920
15.637678
15.638340
15.638840
15.638977
15.639597
15.640269
15.640499
15.642712
15.643230
15.644370
15.645807
15.646690
15.646961
15.647181
15.647489
15.648762
15.648798
15.649308
15.649870
15.649985
15.651799
15.652130
15.652174
15.652727
15.653292
15.653739
15.655084
15.655467
15.655980
15.656370
15.656371
15.657710
15.658158
15.658161
15.660312
15.663128
15.663395
15.664094
15.664477
15.664603
15.664896
15.665898
15.666816
15.667054
15.667173
15.668111
15.668176
15.668677
15.671371
15.672494
15.674221
15.674232
15.675627
15.675726
15.676053
15.676190
15.676540
15.676829
15.677067
15.677407
15.677611
15.678002
15.678311
15.678540
15.678754
15.680752
15.682570
15.682773
15.682803
15.683640
15.683656
15.684722
15.684861
15.686551
15.687068
15.687212
15.689743
15.689765
15.689979
15.690114
15.690243
15.691088
15.691218
15.692422
15.693233
15.693277
15.694428
15.694935
15.694969
15.695926
15.697054
15.699753
15.700057
15.701113
15.701404
15.701439
15.701632
15.702310
15.704062
15.705990
15.706653
15.706868
15.707435
15.707444
15.708322
15.708734
15.708808
15.709117
15.709399
15.709843
15.710026
15.713241
15.713438
15.714776
15.714858
15.715589
15.715909
15.717758
15.718080
15.718944
15.719360
15.720045
15.722039
15.722528
15.722951
15.722956
15.722987
15.723473
15.724353
15.724448
15.725039
15.727938
15.728380
15.728415
15.728463
15.730130
15.730574
15.731063
15.731214
15.731235
15.732238
15.733140
15.733296
15.733396
15.733793
15.734834
15.735674
15.735829
15.736617
15.736826
15.737860
15.740541
15.741733
15.742944
15.744391
15.744619
15.746840
15.747162
15.750345
15.750718
15.750893
15.751385
15.751704
15.752245
15.753078
15.757010
15.757801
15.758917
15.759441
15.760429
15.764066
15.764401
15.765358
15.765518
15.765889
15.768604
15.768758
15.770843
15.771100
15.771614
15.772038
15.775798
15.776896
15.776985
15.777147
15.781366
15.781855
15.782401
15.782482
15.784830
15.785411
15.785722
15.786369
15.787168
15.789622
15.790094
15.790866
15.791141
15.791915
15.792791
15.794538
15.794703
15.795311
15.796013
15.799635
15.802436
15.803382
15.805141
15.807628
15.809914
15.810196
15.810835
15.811530
15.811546
15.812278
15.812705
15.815125
15.815665
15.819898
15.820242
15.821552
15.821706
15.821986
15.822378
15.822974
15.823881
15.824783
15.826220
15.831130
15.831581
15.832553
15.832808
15.833019
15.833990
15.835966
15.837131
15.838901
15.839783
15.839845
15.842153
15.842376
15.842487
15.843342
15.844108
15.844658
15.847180
15.847754
15.848314
15.850336
15.851393
15.852012
15.852308
15.852954
15.855887
15.861289
15.862272
15.864532
15.869256
15.869741
15.872637
15.873939
15.878623
15.878688
15.880832
15.883707
15.884532
15.885894
15.886603
15.887598
15.888371
15.891198
15.891878
15.893979
15.904854
15.905883
15.906136
15.906874
15.908068
15.908725
15.909410
15.910116
15.911364
15.911638
15.912722
15.916969
15.917570
15.922057
15.922305
15.924829
15.925005
15.926685
15.928265
15.928744
15.929653
15.930591
15.932714
15.936015
15.937704
15.938768
15.940142
15.941139
15.943275
15.945501
15.946599
15.947153
15.948195
15.949034
15.949463
15.949889
15.950177
15.950259
15.957025
15.958687
15.964518
15.964650
15.967102
15.968223
15.968480
15.969477
15.971070
15.974441
15.975175
15.976137
15.977689
15.979950
15.980032
15.982750
15.984129
15.986935
15.987143
15.987384
15.987495
15.987562
15.989108
15.989920
15.990569
15.991683
15.995984
15.996328
15.997366
15.999964
16.000648
16.001923
16.002897
16.003485
16.004721
16.004948
16.006279
16.006594
16.006758
16.007607
16.007637
16.008802
16.009010
16.009211
16.009689
16.010019
16.010426
16.010500
16.010502
16.010504
16.010506
