1.000000
1.000108
1.045867
1.075345
1.076551
1.138183
1.146220
1.169515
1.179243
1.193023
1.195915
1.199433
1.213931
1.230362
1.253847
1.262345
1.268457
1.271572
1.271788
1.282207
1.282242
1.285288
1.295219
1.297618
1.299553
1.299695
1.300024
1.309012
1.314844
1.315533
1.323236
1.323297
1.324980
1.332105
1.333666
1.339573
1.346098
1.347383
1.351357
1.354420
1.354733
1.357823
1.358808
1.363287
1.365868
1.369139
1.373537
1.373815
1.376691
1.378765
1.380671
1.381265
1.383101
1.385264
1.387920
1.393870
1.394046
1.395090
1.396656
1.398857
1.398916
1.402170
1.403949
1.404833
1.404945
1.405003
1.407654
1.410502
1.410540
1.412529
1.417073
1.418662
1.420601
1.428200
1.437023
1.437801
1.438469
1.438989
1.439017
1.439028
1.439175
1.440033
1.446056
1.449109
1.449138
1.450530
1.450566
1.450736
1.450904
1.451806
1.453122
1.455069
1.455594
1.456926
1.457924
1.458187
1.462047
1.470628
1.475009
1.475349
1.475947
1.484643
1.487631
1.489010
1.489814
1.490331
1.490390
1.493676
1.500336
1.501389
1.503536
1.503611
1.505967
1.507021
1.507284
1.508443
1.508847
1.509051
1.509053
1.509053
