1.000000
1.027198
1.038391
1.095854
1.137093
1.208483
1.224337
1.228969
1.235869
1.241045
1.243819
1.288862
1.295671
1.313160
1.335459
1.339887
1.347179
1.347743
1.349805
1.352299
1.360909
1.364016
1.365238
1.380072
1.384995
1.385213
1.387111
1.399079
1.404021
1.405267
1.406938
1.410366
1.419240
1.423694
1.429745
1.430318
1.451377
1.456558
1.465340
1.468409
1.471170
1.475826
1.476446
1.479535
1.484943
1.490025
1.495918
1.496544
1.500579
1.510361
1.511851
1.513726
1.515161
1.517086
1.519895
1.521667
1.523788
1.524323
1.529191
1.531871
1.533004
1.535851
1.536655
1.541133
1.547970
1.552027
1.554502
1.555289
1.555750
1.556009
1.558490
1.558781
1.564794
1.568000
1.571955
1.571981
1.575118
1.575248
1.579099
1.582614
1.586655
1.589068
1.589707
1.593053
1.594142
1.598367
1.608297
1.609230
1.609330
1.609574
1.609663
1.609741
1.609999
1.610888
1.612124
1.612282
1.613455
1.613763
1.616875
1.617362
1.619326
1.619756
1.622875
1.627416
1.627678
1.631890
1.633107
1.633443
1.635866
1.638227
1.649575
1.650617
1.650759
1.654611
1.655492
1.660227
1.660500
1.660681
1.660786
1.660788
