1.000000
1.380242
1.427013
1.436101
1.500356
1.518331
1.541513
1.542998
1.549559
1.577903
1.586992
1.606707
1.616525
1.624724
1.636472
1.640911
1.647900
1.673380
1.680563
1.681368
1.684271
1.690030
1.697693
1.717584
1.720595
1.749071
1.754055
1.772137
1.775158
1.797721
1.813894
1.815171
1.816386
1.827703
1.828641
1.835158
1.836343
1.838637
1.841913
1.845759
1.856720
1.872423
1.876490
1.877143
1.877261
1.879688
1.882760
1.896454
1.907657
1.908192
1.913773
1.924100
1.926973
1.933348
1.943239
1.946294
1.952974
1.953251
1.972370
1.974958
1.978226
1.979262
1.984049
1.992780
2.000408
2.000976
2.001097
2.001792
2.002930
2.005334
2.005702
2.006293
2.006853
2.015665
2.015841
2.018703
2.018714
2.019699
2.021249
2.026866
2.027119
2.036782
2.041957
2.043559
2.050265
2.056664
2.057081
2.067628
2.076935
2.082658
2.084426
2.088369
2.089656
2.093027
2.094099
2.095215
2.104195
2.104486
2.105847
2.106690
2.106797
2.107679
2.107729
2.107776
2.107834
