1.000000
1.004945
1.133706
1.265555
1.272277
1.275154
1.311420
1.322599
1.327927
1.328444
1.329675
1.331311
1.331480
1.335528
1.338377
1.344798
1.348650
1.353756
1.355501
1.357574
1.372717
1.389029
1.390696
1.390783
1.402032
1.405499
1.407942
1.420864
1.423716
1.424741
1.427564
1.428922
1.429660
1.440619
1.443197
1.446308
1.446655
1.450165
1.450865
1.457484
1.458380
1.463962
1.464242
1.464897
1.470222
1.471492
1.475644
1.478936
1.479492
1.483849
1.489825
1.489972
1.493500
1.493783
1.495511
1.497270
1.499445
1.499947
1.500864
1.501307
1.503342
1.505419
1.507625
1.507647
1.510180
1.510422
1.513593
1.514941
1.517365
1.517651
1.526748
1.529420
1.529638
1.531485
1.534863
1.535773
1.536683
1.538394
1.540298
1.549751
1.550022
1.552460
1.555008
1.556256
1.558534
1.560934
1.564463
1.564954
1.571806
1.572913
1.574856
1.574899
1.578240
1.580704
1.581475
1.582361
1.584913
1.586822
1.587844
1.588727
1.590095
1.591169
1.594840
1.600224
1.601078
1.609391
1.612771
1.617201
1.620095
1.620291
1.622592
1.624312
1.624445
1.624861
1.626430
1.627294
1.627463
1.627489
1.627780
1.627830
