1.000000
1.136935
1.212867
1.276150
1.282368
1.328230
1.368484
1.398491
1.505451
1.542310
1.568729
1.705119
1.729418
1.754126
1.778394
1.798182
1.799622
1.808551
1.884671
1.888517
1.891418
1.934645
1.959419
1.971945
1.987414
2.004049
2.019581
2.037523
2.047275
2.075669
2.077281
2.087002
2.091418
2.091943
2.102752
2.104749
2.135676
2.139933
2.142199
2.156899
2.173485
2.175123
2.177025
2.192583
2.217833
2.225276
2.231957
2.237589
2.238235
2.239574
2.247901
2.256353
2.256899
2.260625
2.262483
2.264032
2.273525
2.279135
2.281558
2.283054
2.285108
2.291310
2.298105
2.307074
2.313658
2.315329
2.325254
2.336231
2.336891
2.347793
2.350756
2.354437
2.373550
2.374867
2.375142
2.375871
2.378478
2.380108
2.380649
2.386975
2.387234
2.392628
2.395320
2.396691
2.397816
2.400947
2.405160
2.407101
2.412428
2.415909
2.426202
2.443139
2.448671
2.450917
2.455079
2.459021
2.459035
2.460130
2.462444
2.464287
2.471361
2.475402
2.484123
2.487918
2.494595
2.499131
2.501395
2.502115
2.502887
2.503831
2.511667
2.512863
2.515462
2.517450
2.518125
2.526669
2.529510
2.529973
2.538820
2.542549
2.545417
2.546093
2.549495
2.549890
2.552247
2.552557
2.554656
2.565560
2.565700
2.566442
2.566769
2.573719
2.575089
2.579587
2.584589
2.586391
2.586584
2.590678
2.591275
2.591371
2.592583
2.592646
2.593297
2.594230
2.604310
2.605231
2.607094
2.608947
2.609641
2.610642
2.610893
2.613829
2.615063
2.617152
2.625427
2.628594
2.630914
2.633702
2.636161
2.640363
2.643357
2.646824
2.647652
2.651221
2.652795
2.654080
2.655043
2.656492
2.659036
2.660318
2.660883
2.662837
2.662916
2.664218
2.664662
2.665945
2.666966
2.670930
2.671486
2.672482
2.673266
2.673536
2.673574
2.673985
2.674683
2.678446
2.679362
2.679916
2.682264
2.682491
2.685114
2.689099
2.691316
2.692976
2.693305
2.698818
2.700199
2.700554
2.703241
2.704502
2.706728
2.706774
2.706791
2.706872
2.707635
2.707920
2.708091
2.709018
2.710803
2.712121
2.714291
2.714975
2.716929
2.717441
2.719490
2.719740
2.719934
2.720227
2.723090
2.723139
2.723414
2.723694
2.724862
2.726237
2.728276
2.730446
2.731069
2.732305
2.733395
2.736016
2.736977
2.738815
2.739363
2.739617
2.741297
2.741704
2.741906
2.742861
2.742995
2.743200
2.743681
2.744136
2.749791
2.750286
2.751235
2.751510
2.755433
2.755531
2.757698
2.757929
2.758298
2.759128
2.760065
2.761398
2.762418
2.762457
2.763678
2.764006
2.764518
2.764763
2.766681
2.767897
2.769089
2.769136
2.769196
2.769858
2.771180
2.771669
2.773717
2.777933
2.778760
2.780003
2.780785
2.780885
2.784478
2.785378
2.787178
2.787286
2.789570
2.790982
2.791640
2.792202
2.792360
2.794197
2.796102
2.796320
2.797479
2.798974
2.799381
2.799518
2.800726
2.800770
2.801286
2.801587
2.801871
2.802219
2.803031
2.804412
2.805330
2.806144
2.807860
2.808569
2.809984
2.810951
2.811740
2.812378
2.812636
2.813818
2.818840
2.818906
2.818944
2.819924
2.820807
2.821188
2.821331
2.821759
2.823781
2.824912
2.825958
2.826715
2.827292
2.827313
2.830737
2.831016
2.831223
2.831261
2.832197
2.833465
2.835661
2.835793
2.835971
2.835987
2.836746
2.836905
2.837829
2.838392
2.838439
2.838507
2.838644
2.839201
2.839731
2.839975
2.840679
2.841221
2.841581
2.841763
2.842699
2.842770
2.843474
2.843480
2.843559
2.843725
2.847757
2.848024
2.848106
2.849282
2.850879
2.850992
2.851517
2.852695
2.852738
2.852861
2.852927
2.853335
2.853541
2.854548
2.855408
2.856334
2.856792
2.857380
2.857764
2.858509
2.862885
2.863436
2.863577
2.863893
2.864502
2.864833
2.864835
2.864933
2.867577
2.868472
2.870319
2.870455
2.871133
2.871788
2.873566
2.873946
2.874843
2.875375
2.876192
2.877671
2.877861
2.878397
2.878953
2.880643
2.880939
2.882584
2.882696
2.885519
2.886053
2.887498
2.887701
2.888289
2.888355
2.888523
2.889031
2.889685
2.889987
2.890935
2.892997
2.893035
2.893126
2.894532
2.894560
2.894887
2.896000
2.896043
2.897650
2.898283
2.898895
2.899015
2.899576
2.899684
2.899759
2.900587
2.903288
2.905613
2.907727
2.908840
2.909163
2.911500
2.912390
2.912610
2.913738
2.915351
2.916262
2.916419
2.917071
2.917075
2.917198
2.918353
2.918437
2.918599
2.918704
2.920031
2.920256
2.920271
2.920677
2.922308
2.922384
2.922815
2.923904
2.925261
2.925549
2.926049
2.926867
2.926881
2.927160
2.927808
2.929321
2.929387
2.930000
2.931012
2.931128
2.931805
2.933380
2.934212
2.934673
2.935858
2.936483
2.937705
2.938098
2.938899
2.939273
2.939591
2.940471
2.940677
2.940839
2.941272
2.941334
2.942558
2.942599
2.942608
2.943106
2.944681
2.945118
2.945346
2.945974
2.946369
2.947706
2.948046
2.949550
2.949921
2.950876
2.951162
2.951603
2.951978
2.953152
2.953869
2.954109
2.954406
2.954772
2.954847
2.955001
2.955512
2.958379
2.958899
2.959244
2.960413
2.960445
2.960759
2.961617
2.963153
2.964486
2.965282
2.965355
2.965688
2.967755
2.968174
2.968769
2.969131
2.970418
2.971179
2.971278
2.972324
2.972447
2.973135
2.973596
2.975757
2.976799
2.977111
2.978204
2.978688
2.979825
2.979926
2.981241
2.981995
2.982135
2.982370
2.983372
2.983789
2.984072
2.984547
2.984577
2.984718
2.985750
2.986339
2.986640
2.986901
2.987868
2.988524
2.988677
2.988765
2.989553
2.989622
2.992476
2.992585
2.992671
2.993005
2.994464
2.995404
2.995667
2.996102
2.997026
2.997258
2.999445
3.000398
3.001698
3.002899
3.003243
3.003825
3.005367
3.007825
3.007924
3.008066
3.008768
3.009089
3.010728
3.010963
3.012305
3.012765
3.012837
3.013606
3.014160
3.014447
3.015275
3.016136
3.017840
3.018837
3.021248
3.021394
3.023331
3.023833
3.024226
3.024772
3.025634
3.025873
3.025874
3.026871
3.027880
3.028479
3.029435
3.029540
3.030001
3.030924
3.031137
3.031639
3.033942
3.034313
3.034496
3.034840
3.034942
3.036041
3.036478
3.036626
3.037271
3.040604
3.040869
3.042111
3.042787
3.043465
3.044665
3.045573
3.045882
3.045894
3.045933
3.046408
3.048657
3.048902
3.049009
3.049600
3.049610
3.049776
3.049787
3.050825
3.051009
3.051938
3.053396
3.053884
3.054776
3.054830
3.055382
3.057471
3.057753
3.058114
3.058668
3.059159
3.059769
3.060532
3.060895
3.060903
3.061647
3.062753
3.063883
3.064900
3.065762
3.065848
3.066091
3.066463
3.066586
3.067447
3.068173
3.068679
3.068765
3.069671
3.070018
3.070646
3.071011
3.071693
3.071759
3.071913
3.072032
3.072421
3.072894
3.073403
3.073511
3.073592
3.074146
3.074309
3.074738
3.074788
3.075536
3.076081
3.077886
3.079505
3.079656
3.080482
3.080914
3.080984
3.080995
3.081166
3.081257
3.081756
3.081895
3.082441
3.083072
3.083422
3.083443
3.083468
3.084198
3.084543
3.084920
3.086149
3.086374
3.087144
3.087297
3.087332
3.089103
3.089414
3.089773
3.090261
3.090599
3.090856
3.090971
3.091652
3.092370
3.092616
3.093782
3.094363
3.094404
3.094737
3.095255
3.095748
3.095760
3.096015
3.096787
3.097596
3.097645
3.098014
3.098058
3.098968
3.099213
3.099384
3.099899
3.100033
3.100169
3.100226
3.101269
3.101439
3.101839
3.103118
3.103624
3.104569
3.104911
3.105307
3.106938
3.106996
3.107112
3.107166
3.107490
3.108245
3.108707
3.109346
3.109841
3.109920
3.110662
3.110744
3.110919
3.111369
3.111381
3.112947
3.113035
3.113375
3.113405
3.113542
3.114635
3.115097
3.115481
3.115797
3.116067
3.117954
3.118044
3.118373
3.119339
3.119567
3.119622
3.119698
3.119778
3.121458
3.122225
3.122329
3.122534
3.122571
3.122969
3.122987
3.123066
3.123214
3.123232
3.123801
3.125136
3.126053
3.126280
3.126394
3.127222
3.128170
3.128359
3.128916
3.129321
3.130237
3.130871
3.131874
3.132064
3.133260
3.133696
3.133853
3.134064
3.134194
3.136315
3.136773
3.136799
3.137218
3.137613
3.137879
3.137948
3.138114
3.140699
3.140952
3.141977
3.142756
3.142795
3.144318
3.144531
3.145029
3.145255
3.145702
3.145736
3.146123
3.146453
3.147022
3.147232
3.147334
3.147469
3.147666
3.148729
3.149462
3.149939
3.150779
3.151220
3.151253
3.151349
3.151770
3.151816
3.152176
3.152266
3.152626
3.154399
3.154586
3.154824
3.155628
3.155874
3.156240
3.156858
3.157014
3.157074
3.157551
3.158467
3.159491
3.160702
3.161519
3.162486
3.162773
3.163166
3.163512
3.163991
3.164830
3.166596
3.166921
3.167081
3.167733
3.168047
3.168219
3.168490
3.169517
3.169727
3.170780
3.171114
3.171506
3.171922
3.172125
3.172391
3.172428
3.172694
3.172987
3.173047
3.173235
3.173415
3.174483
3.175687
3.175720
3.175801
3.176611
3.176816
3.176967
3.178839
3.179338
3.179482
3.179504
3.180116
3.181469
3.182019
3.182441
3.184328
3.184680
3.185678
3.186257
3.186654
3.187759
3.187850
3.187984
3.188044
3.188436
3.188629
3.190776
3.191130
3.192051
3.193163
3.193634
3.194368
3.194942
3.195095
3.195137
3.195381
3.195703
3.196730
3.197278
3.197384
3.201659
3.202573
3.202678
3.203376
3.203528
3.203635
3.204039
3.204698
3.205180
3.205573
3.205768
3.207259
3.207588
3.208173
3.208675
3.208724
3.209133
3.209152
3.209404
3.210309
3.210366
3.211350
3.211452
3.213400
3.213450
3.213881
3.214151
3.216259
3.216646
3.216934
3.217652
3.217894
3.218005
3.218300
3.221977
3.222167
3.223112
3.223513
3.225348
3.226182
3.226847
3.228081
3.228472
3.228516
3.229797
3.230439
3.230892
3.231301
3.231479
3.232869
3.233303
3.233780
3.234217
3.234508
3.234584
3.235008
3.236655
3.236665
3.236883
3.236904
3.237281
3.238118
3.238498
3.238553
3.239309
3.239502
3.239656
3.240223
3.240403
3.240866
3.241537
3.241687
3.241770
3.242707
3.244674
3.244817
3.244976
3.245113
3.246063
3.246531
3.247304
3.249022
3.249238
3.249377
3.249536
3.249794
3.250138
3.250892
3.251037
3.251875
3.252794
3.252930
3.253550
3.253794
3.253983
3.254879
3.255933
3.258747
3.258960
3.259278
3.260074
3.260583
3.261958
3.262583
3.263245
3.263463
3.263472
3.263509
3.264299
3.264945
3.266266
3.266337
3.266794
3.268357
3.268592
3.270000
3.270269
3.270333
3.270962
3.273020
3.273338
3.274037
3.275644
3.275665
3.275727
3.276253
3.277606
3.278342
3.279234
3.279292
3.280455
3.280869
3.280907
3.280936
3.281013
3.281038
3.282605
3.283016
3.283099
3.283134
3.283696
3.283857
3.283926
3.284040
3.285212
3.286367
3.287310
3.287346
3.288413
3.288986
3.290199
3.292719
3.295825
3.296465
3.296515
3.296938
3.297015
3.297296
3.297844
3.299597
3.299618
3.300642
3.300826
3.300959
3.300999
3.302003
3.303211
3.304226
3.304449
3.304815
3.307017
3.307494
3.307533
3.308510
3.310327
3.310740
3.311038
3.311123
3.312049
3.313393
3.314015
3.314466
3.315030
3.316672
3.316748
3.317605
3.319678
3.320055
3.320318
3.320507
3.320874
3.321781
3.322016
3.323089
3.323505
3.324504
3.327353
3.328792
3.328943
3.329042
3.329076
3.329263
3.330386
3.332593
3.333515
3.333862
3.335320
3.335725
3.336300
3.336371
3.336728
3.337294
3.338673
3.339034
3.340136
3.341605
3.341731
3.341997
3.342730
3.343229
3.343812
3.344229
3.344304
3.344321
3.345996
3.351434
3.351674
3.351748
3.352111
3.352944
3.354383
3.357413
3.357420
3.357442
3.357580
3.360206
3.361787
3.361805
3.363608
3.364309
3.364638
3.364997
3.365316
3.367925
3.367991
3.371686
3.372215
3.372737
3.373383
3.375833
3.377819
3.378315
3.382751
3.383298
3.383863
3.385735
3.386689
3.388540
3.389807
3.389863
3.390307
3.390780
3.391125
3.392255
3.392353
3.394717
3.396560
3.396880
3.399166
3.400694
3.403358
3.403834
3.407925
3.408383
3.410385
3.411874
3.411928
3.412759
3.412920
3.413045
3.413422
3.417576
3.417577
3.417878
3.419194
3.421399
3.421675
3.423185
3.424123
3.424252
3.424308
3.424360
3.424403
3.424405
3.424406
3.424407
3.424407
3.424409
