1.000000
1.054965
1.235365
1.699007
1.740129
1.740396
1.954652
2.288882
2.290626
2.567014
2.699252
2.898959
2.966106
3.032676
3.156770
3.411275
3.508549
3.565776
3.669100
3.790598
3.832736
3.971908
4.047314
4.109441
4.128273
4.139546
4.192917
4.367117
4.396057
4.629547
4.836336
4.977178
4.984872
5.029125
5.043349
5.048841
5.110759
5.124127
5.232992
5.249659
5.263259
5.388641
5.492388
5.513918
5.568965
5.608131
5.651014
5.654001
5.662162
5.689824
5.697349
5.764620
5.912428
5.913857
5.916712
5.942877
5.961148
5.968019
5.973457
6.027660
6.048247
6.072971
6.079977
6.082639
6.105114
6.108085
6.136645
6.163280
6.214193
6.217943
6.228561
6.246099
6.270716
6.294481
6.307512
6.343782
6.352841
6.362188
6.390237
6.393876
6.414286
6.422386
6.426340
6.426809
6.438291
6.464985
6.476514
6.482695
6.487554
6.496964
6.504419
6.507295
6.528605
6.529933
6.547488
6.551396
6.559941
6.566244
6.580973
6.587312
6.608295
6.627389
6.649325
6.677509
6.683357
6.691179
6.694515
6.703868
6.707874
6.714390
6.731208
6.731973
6.737767
6.752238
6.760019
6.773956
6.782553
6.784608
6.792869
6.794459
6.803703
6.809783
6.811978
6.815731
6.817785
6.830286
6.844357
6.852818
6.853755
6.867476
6.876626
6.884593
6.893518
6.904274
6.910683
6.911899
6.920989
6.929420
6.931944
6.935000
6.935311
6.936425
6.938509
6.940822
6.949902
6.952708
6.955259
6.964904
6.968939
6.970565
6.974998
6.979032
6.980163
6.985020
6.986264
6.987748
6.993866
6.997905
7.014837
7.020680
7.022387
7.027212
7.046016
7.048939
7.063411
7.069525
7.073871
7.077050
7.083998
7.084015
7.092207
7.099010
7.101963
7.106380
7.110445
7.114994
7.115212
7.118265
7.123685
7.124529
7.124761
7.125459
7.132273
7.133662
7.136084
7.138927
7.141417
7.165346
7.170890
7.171541
7.174094
7.178309
7.190265
7.190590
7.192603
7.197531
7.205152
7.206307
7.209467
7.209615
7.210075
7.217870
7.224986
7.227351
7.227654
7.230363
7.232836
7.234972
7.241186
7.259337
7.264085
7.281388
7.281514
7.285996
7.287051
7.297790
7.301746
7.303891
7.309633
7.310830
7.321732
7.329297
7.331309
7.332711
7.334988
7.344051
7.345842
7.353758
7.359914
7.364620
7.374589
7.375637
7.381077
7.384068
7.387939
7.388262
7.391929
7.395505
7.396504
7.398256
7.403050
7.403495
7.414649
7.422134
7.422363
7.423527
7.423745
7.424909
7.431518
7.434376
7.434899
7.443761
7.444354
7.446137
7.446283
7.449801
7.449943
7.451410
7.456251
7.461991
7.466679
7.471360
7.472196
7.474296
7.484054
7.485367
7.487465
7.492422
7.492447
7.505988
7.507535
7.509918
7.518694
7.532913
7.533727
7.534503
7.538170
7.548471
7.548757
7.549984
7.550148
7.554981
7.556358
7.556707
7.564182
7.569056
7.570686
7.572317
7.579971
7.581052
7.583119
7.585418
7.588464
7.589424
7.589550
7.598680
7.615492
7.623038
7.623773
7.628715
7.632724
7.635833
7.637990
7.638619
7.641025
7.657536
7.659008
7.661685
7.662731
7.664024
7.666743
7.667365
7.672718
7.675549
7.677271
7.682343
7.683242
7.684345
7.688575
7.689109
7.691562
7.692696
7.694611
7.695235
7.697203
7.700733
7.701159
7.702076
7.703600
7.704428
7.708646
7.709178
7.709564
7.710853
7.711185
7.713308
7.718431
7.719042
7.719337
7.720973
7.724304
7.726850
7.727903
7.729821
7.736794
7.739653
7.740055
7.741231
7.744734
7.744792
7.747910
7.749700
7.752318
7.752386
7.754377
7.758279
7.761760
7.762530
7.763653
7.765080
7.768899
7.768937
7.770876
7.771002
7.771180
7.771317
7.773502
7.776604
7.780833
7.782956
7.783348
7.786142
7.788155
7.789558
7.791059
7.792611
7.796010
7.797529
7.800103
7.800142
7.801004
7.801231
7.802122
7.802434
7.806335
7.807960
7.814037
7.814466
7.815553
7.817410
7.826542
7.829885
7.831812
7.832423
7.840619
7.843378
7.844625
7.846870
7.846922
7.847048
7.849209
7.849393
7.850550
7.851099
7.854211
7.865080
7.867276
7.868320
7.873086
7.877803
7.889767
7.892957
7.895643
7.896976
7.899817
7.902520
7.905518
7.909818
7.911915
7.914378
7.916805
7.919136
7.920702
7.921939
7.923226
7.925167
7.925700
7.928110
7.930023
7.931259
7.932142
7.932707
7.935863
7.938904
7.941457
7.943370
7.944806
7.947066
7.951885
7.953129
7.953741
7.954157
7.956320
7.957252
7.963532
7.964763
7.965444
7.967446
7.968429
7.970491
7.971749
7.973579
7.976732
7.976746
7.977127
7.981636
7.983423
7.986190
7.996660
8.001616
8.002002
8.004863
8.008150
8.010798
8.011950
8.012722
8.014741
8.015874
8.017943
8.022654
8.022741
8.026488
8.035595
8.036790
8.038028
8.043539
8.045122
8.046547
8.047440
8.047632
8.050205
8.052012
8.055791
8.056022
8.063179
8.069993
8.070087
8.070889
8.075163
8.077271
8.078334
8.080713
8.082029
8.082243
8.089205
8.094024
8.096347
8.096962
8.097152
8.097212
8.097262
8.098861
8.098881
8.101186
8.102997
8.105507
8.105781
8.107051
8.107959
8.108354
8.108791
8.108877
8.112920
8.113537
8.114524
8.115901
8.118225
8.120791
8.120872
8.124872
8.125447
8.126110
8.127317
8.130272
8.139164
8.142949
8.146164
8.146340
8.146444
8.149164
8.151722
8.151840
8.152431
8.155230
8.157126
8.158941
8.160003
8.161088
8.162287
8.164447
8.166110
8.168599
8.168714
8.169668
8.171356
8.173560
8.183565
8.184804
8.191298
8.192371
8.197873
8.198765
8.198819
8.198877
8.207852
8.208344
8.208690
8.211725
8.213020
8.215783
8.218588
8.221965
8.223067
8.224529
8.225471
8.228317
8.229326
8.230129
8.230591
8.232386
8.233755
8.234231
8.235094
8.236812
8.237830
8.237853
8.240805
8.240940
8.242329
8.243138
8.243521
8.243855
8.250725
8.253142
8.253857
8.256817
8.259235
8.259809
8.260446
8.261839
8.261841
8.262633
8.264048
8.267265
8.270400
8.274260
8.274720
8.276034
8.277057
8.279827
8.280160
8.281302
8.286541
8.287755
8.290132
8.292337
8.293495
8.295852
8.298351
8.301120
8.304525
8.306366
8.307293
8.307301
8.308743
8.308870
8.309549
8.310769
8.311796
8.312508
8.315238
8.315636
8.316695
8.316866
8.318504
8.319505
8.320691
8.321194
8.321586
8.324840
8.325197
8.327271
8.327412
8.327482
8.329583
8.335360
8.338480
8.341183
8.342220
8.342913
8.344127
8.346515
8.346977
8.349445
8.350257
8.350502
8.351460
8.352220
8.354873
8.360172
8.360175
8.360208
8.360771
8.362086
8.364174
8.365287
8.365706
8.367275
8.369664
8.370378
8.373970
8.377532
8.377824
8.378374
8.379778
8.380711
8.381533
8.382538
8.383574
8.383795
8.384151
8.385343
8.388557
8.389636
8.390541
8.390923
8.393361
8.394176
8.394395
8.394671
8.396071
8.396128
8.399381
8.400000
8.401324
8.405889
8.406304
8.407515
8.408509
8.411738
8.412111
8.412807
8.416699
8.421394
8.422589
8.424062
8.424443
8.425014
8.425641
8.425808
8.428819
8.430013
8.431935
8.433637
8.436524
8.441051
8.442184
8.445167
8.446803
8.447570
8.450681
8.455688
8.457335
8.459291
8.460167
8.460860
8.462095
8.462398
8.463134
8.463461
8.464682
8.464748
8.464751
8.465090
8.466602
8.467613
8.468446
8.469192
8.469537
8.473183
8.474002
8.475507
8.479118
8.479283
8.479345
8.479942
8.481504
8.482180
8.482240
8.482786
8.483088
8.484284
8.485656
8.487756
8.488837
8.490495
8.491651
8.494134
8.498346
8.498656
8.500722
8.503218
8.503373
8.503740
8.505175
8.506831
8.506847
8.507320
8.512134
8.512801
8.514296
8.514324
8.514747
8.515482
8.518867
8.521158
8.521495
8.523612
8.525407
8.526173
8.529265
8.530064
8.531392
8.532596
8.533733
8.533768
8.535154
8.535500
8.535986
8.537667
8.537966
8.538605
8.539460
8.540768
8.540883
8.540891
8.541241
8.542295
8.542733
8.543631
8.544226
8.547721
8.548338
8.550146
8.551260
8.553535
8.553880
8.554319
8.554548
8.555657
8.556567
8.556714
8.557740
8.559202
8.559476
8.560079
8.562181
8.562764
8.566476
8.566481
8.567640
8.567736
8.567772
8.568072
8.569482
8.570017
8.570590
8.570848
8.570871
8.570939
8.571281
8.571670
8.572634
8.573616
8.575932
8.576283
8.576533
8.579166
8.580119
8.580391
8.580456
8.580599
8.585785
8.586640
8.587107
8.587568
8.587731
8.588068
8.588531
8.589059
8.589912
8.589977
8.591186
8.591700
8.592886
8.592996
8.595670
8.597236
8.598084
8.598683
8.600336
8.600767
8.601141
8.601816
8.605253
8.605904
8.605938
8.606258
8.608499
8.609500
8.610312
8.611301
8.611319
8.616010
8.616185
8.617172
8.620337
8.622572
8.623543
8.625705
8.626513
8.627225
8.628298
8.629083
8.629712
8.630419
8.631270
8.631547
8.631932
8.631993
8.634247
8.634277
8.634484
8.635026
8.635443
8.636893
8.637537
8.638066
8.638155
8.638756
8.640187
8.640200
8.640218
8.640985
8.642322
8.642498
8.643264
8.646615
8.649066
8.649612
8.652851
8.653237
8.653843
8.656048
8.656754
8.656806
8.657187
8.657445
8.658449
8.659211
8.659416
8.659931
8.660518
8.660567
8.663159
8.663279
8.663508
8.663967
8.664468
8.664685
8.664928
8.667294
8.667370
8.668772
8.668844
8.669123
8.669353
8.669371
8.670560
8.670821
8.671741
8.672981
8.674846
8.675219
8.676347
8.676682
8.678099
8.679877
8.680709
8.680999
8.682974
8.685292
8.686104
8.686571
8.686855
8.687047
8.687106
8.688103
8.688919
8.690269
8.690927
8.693397
8.694085
8.694622
8.695127
8.695457
8.695473
8.695959
8.696134
8.696445
8.699512
8.701064
8.701168
8.701464
8.701554
8.702085
8.704786
8.706942
8.707417
8.709350
8.709396
8.712417
8.712554
8.712652
8.712992
8.714588
8.714849
8.715888
8.718373
8.719960
8.721080
8.723511
8.724170
8.724513
8.725285
8.725619
8.729637
8.730114
8.730564
8.730677
8.730887
8.731314
8.731724
8.731959
8.732446
8.732856
8.733069
8.733170
8.733536
8.734948
8.735020
8.735155
8.735530
8.735737
8.736359
8.741479
8.741765
8.742505
8.743018
8.744534
8.744642
8.745451
8.745801
8.746631
8.749163
8.750593
8.750619
8.752208
8.752491
8.754675
8.754842
8.756549
8.757033
8.758054
8.758927
8.759933
8.760269
8.760338
8.760828
8.761065
8.761095
8.761218
8.762292
8.764594
8.765303
8.766917
8.767627
8.767872
8.768223
8.769103
8.771152
8.773069
8.774112
8.775097
8.776060
8.778522
8.778728
8.778944
8.778960
8.779344
8.779834
8.781281
8.782718
8.784237
8.784460
8.784931
8.785435
8.785744
8.786869
8.787533
8.788169
8.791495
8.791851
8.792343
8.792653
8.795488
8.795533
8.797086
8.797467
8.797653
8.797977
8.798122
8.799700
8.800358
8.801597
8.802617
8.803337
8.804166
8.805014
8.806586
8.807858
8.807898
8.808016
8.808372
8.808374
8.809012
8.809133
8.810102
8.810148
8.811140
8.811682
8.811769
8.812120
8.812186
8.812642
8.812982
8.813542
8.815402
8.816498
8.816504
8.817856
8.818396
8.818687
8.818750
8.819554
8.820382
8.820934
8.821303
8.821503
8.822260
8.822287
8.822309
8.823174
8.827127
8.828164
8.829912
8.830065
8.830388
8.830772
8.831148
8.832191
8.832253
8.833556
8.833612
8.834586
8.837125
8.838091
8.839123
8.840164
8.840967
8.841164
8.843640
8.844291
8.845067
8.845912
8.847159
8.847572
8.847833
8.848242
8.848786
8.849074
8.849161
8.851563
8.852077
8.852317
8.852478
8.852528
8.854743
8.856549
8.857162
8.857434
8.857619
8.857848
8.858909
8.859028
8.859118
8.859246
8.860176
8.861477
8.861670
8.862698
8.863807
8.864248
8.864457
8.865241
8.866157
8.866425
8.867161
8.869236
8.869309
8.870285
8.870872
8.871986
8.872768
8.873071
8.874077
8.874222
8.876806
8.876849
8.876864
8.878223
8.878265
8.881804
8.882382
8.882643
8.882956
8.883632
8.884052
8.884684
8.885426
8.885566
8.886016
8.886214
8.886530
8.888071
8.888165
8.888167
8.892589
8.894550
8.895375
8.895501
8.895867
8.896218
8.896371
8.896559
8.896962
8.897778
8.898855
8.900540
8.902068
8.903967
8.904504
8.905514
8.905676
8.906208
8.906216
8.906444
8.907455
8.907478
8.907720
8.910507
8.910672
8.911092
8.911621
8.911723
8.912150
8.914791
8.916110
8.916419
8.916687
8.916955
8.917102
8.918034
8.921140
8.921621
8.921683
8.921796
8.922758
8.924402
8.925681
8.926015
8.926043
8.927011
8.927125
8.927279
8.928124
8.928385
8.928814
8.928856
8.928931
8.930066
8.930154
8.930766
8.931930
8.932225
8.933406
8.934076
8.934439
8.934443
8.934691
8.935696
8.936918
8.939798
8.940175
8.940392
8.940462
8.941944
8.941971
8.942244
8.942927
8.943282
8.943341
8.945438
8.946266
8.946535
8.946582
8.947004
8.947549
8.947601
8.947733
8.948482
8.948667
8.949773
8.949903
8.951844
8.953764
8.954225
8.954530
8.956242
8.957511
8.957893
8.958052
8.958239
8.960648
8.960743
8.961120
8.963172
8.963346
8.963377
8.965200
8.965966
8.966752
8.967609
8.967627
8.968174
8.968476
8.969073
8.969192
8.969511
8.969539
8.970516
8.972732
8.972741
8.973411
8.973783
8.974837
8.975742
8.976871
8.977069
8.977693
8.977752
8.977906
8.980228
8.980941
8.981819
8.982071
8.983208
8.983249
8.986112
8.986466
8.986848
8.987858
8.989183
8.990191
8.990520
8.990877
8.992415
8.993500
8.993679
8.993899
8.994692
8.994699
8.994861
8.994901
8.994985
8.995195
8.996215
8.996447
8.998707
8.999249
8.999378
9.000609
9.002028
9.003219
9.004055
9.004313
9.004397
9.004400
9.004410
9.004849
9.005053
9.005518
9.006591
9.009879
9.010065
9.010648
9.011418
9.011662
9.011684
9.012247
9.012320
9.012793
9.012820
9.014624
9.014949
9.015155
9.015207
9.015374
9.016079
9.016334
9.016473
9.017331
9.018543
9.019352
9.020188
9.020208
9.020469
9.021377
9.021825
9.022392
9.023019
9.023029
9.023543
9.024701
9.024914
9.025118
9.025445
9.025464
9.026284
9.026340
9.027299
9.027637
9.028651
9.029791
9.030435
9.030728
9.031518
9.031711
9.031773
9.031910
9.032225
9.032318
9.032383
9.032422
9.032453
9.032916
9.033314
9.033698
9.033748
9.034348
9.034920
9.036227
9.036238
9.036739
9.038108
9.038620
9.039420
9.040521
9.040595
9.040620
9.041269
9.042935
9.043897
9.044056
9.044733
9.044794
9.045444
9.045573
9.046030
9.046070
9.046093
9.046124
9.046741
9.047040
9.047136
9.048178
9.048191
9.048198
9.049157
9.049499
9.053406
9.053461
9.053531
9.054997
9.057418
9.057782
9.058646
9.059391
9.060888
9.061395
9.061581
9.063516
9.063550
9.065963
9.067644
9.068163
9.068746
9.069081
9.069727
9.070478
9.070599
9.070709
9.071678
9.072290
9.073186
9.074357
9.076565
9.076865
9.077098
9.078180
9.078270
9.079426
9.080210
9.081113
9.083518
9.084036
9.084141
9.084623
9.085888
9.085925
9.086120
9.086187
9.086420
9.086595
9.086868
9.087504
9.087938
9.088362
9.088828
9.089338
9.089524
9.089790
9.092683
9.092783
9.093373
9.094468
9.095253
9.096463
9.096544
9.096609
9.096659
9.097052
9.098969
9.099028
9.099088
9.099130
9.099327
9.099494
9.099767
9.099956
9.102325
9.103323
9.104781
9.104951
9.105262
9.105941
9.106434
9.106457
9.106475
9.107185
9.107212
9.107832
9.108212
9.109632
9.110205
9.110744
9.110880
9.111700
9.113106
9.113214
9.113474
9.114537
9.114552
9.115173
9.115980
9.116495
9.118686
9.120247
9.120564
9.120877
9.121540
9.121660
9.122147
9.122155
9.122303
9.122334
9.122978
9.124028
9.124815
9.125614
9.125644
9.125903
9.127984
9.128997
9.129622
9.132587
9.133785
9.134048
9.134159
9.136015
9.136957
9.137143
9.138025
9.138362
9.140487
9.140870
9.141852
9.141993
9.142879
9.143467
9.145046
9.145074
9.145842
9.145976
9.146345
9.146395
9.147165
9.147628
9.148756
9.148884
9.149605
9.150237
9.151255
9.151374
9.151700
9.153152
9.154015
9.154020
9.154183
9.154346
9.154484
9.155399
9.156596
9.156817
9.156862
9.157671
9.158738
9.159765
9.160017
9.160104
9.160415
9.161045
9.161783
9.162633
9.162778
9.164167
9.164427
9.164551
9.164723
9.164862
9.164983
9.167939
9.168436
9.168739
9.169180
9.169565
9.169668
9.170396
9.170778
9.172348
9.172974
9.173022
9.173067
9.173623
9.173864
9.173940
9.174018
9.174475
9.175201
9.175955
9.176021
9.176101
9.176348
9.176375
9.176962
9.176990
9.177037
9.177176
9.177385
9.177479
9.178329
9.178383
9.179029
9.179668
9.180084
9.180096
9.181586
9.181801
9.181941
9.184009
9.184109
9.184263
9.184356
9.184444
9.184570
9.185146
9.185650
9.185931
9.187907
9.188325
9.189804
9.189990
9.190262
9.191969
9.192229
9.192261
9.192516
9.193072
9.193315
9.193978
9.194033
9.194386
9.194916
9.195535
9.195553
9.195668
9.195984
9.196088
9.197635
9.197967
9.198090
9.198948
9.199140
9.199649
9.200603
9.201100
9.201794
9.202671
9.203255
9.203770
9.203987
9.204394
9.204728
9.204845
9.205693
9.207321
9.208482
9.209364
9.209589
9.210258
9.210664
9.211295
9.211352
9.212223
9.212427
9.212961
9.213411
9.213460
9.213509
9.214724
9.215625
9.215823
9.216453
9.217512
9.217816
9.218801
9.218868
9.219478
9.219710
9.221082
9.221466
9.221629
9.221698
9.221786
9.222303
9.222728
9.222767
9.222792
9.224132
9.224610
9.225912
9.226066
9.226214
9.226404
9.226487
9.226508
9.226942
9.227535
9.228093
9.228216
9.229156
9.230272
9.231746
9.233690
9.233751
9.233829
9.233835
9.234312
9.234965
9.235586
9.236327
9.236711
9.237154
9.237635
9.237998
9.239023
9.240883
9.241290
9.242356
9.242538
9.243558
9.243739
9.243965
9.244207
9.244357
9.245957
9.245989
9.246789
9.247109
9.247169
9.247559
9.247591
9.248650
9.248791
9.249512
9.250378
9.251080
9.251595
9.254086
9.254715
9.255036
9.255142
9.256771
9.256926
9.257159
9.258024
9.258099
9.258155
9.258198
9.258435
9.259536
9.259845
9.260194
9.260581
9.260933
9.260996
9.261401
9.262048
9.262112
9.262650
9.262907
9.262934
9.263806
9.263816
9.264688
9.264822
9.265254
9.265734
9.265898
9.266395
9.266660
9.266787
9.266936
9.266961
9.266964
9.267131
9.267289
9.267323
9.267476
9.267605
9.268174
9.268255
9.268774
9.269733
9.269962
9.270259
9.270516
9.270648
9.272957
9.273161
9.273717
9.274697
9.275290
9.275476
9.277447
9.277606
9.278664
9.279153
9.279168
9.279304
9.280207
9.283179
9.283202
9.284114
9.284385
9.284537
9.284701
9.285589
9.285605
9.286579
9.288298
9.288430
9.289164
9.290079
9.290421
9.290636
9.290641
9.290722
9.291426
9.293402
9.294766
9.295057
9.295632
9.296266
9.297496
9.297875
9.298207
9.298956
9.299221
9.300632
9.301336
9.301413
9.302389
9.303353
9.303361
9.304278
9.304400
9.304488
9.304592
9.304715
9.305454
9.305470
9.305788
9.308231
9.308562
9.308949
9.309351
9.310858
9.312083
9.313125
9.313919
9.314224
9.314242
9.314521
9.314527
9.315203
9.315332
9.316208
9.316440
9.317804
9.318380
9.319427
9.320148
9.321352
9.321661
9.322468
9.323113
9.324232
9.324581
9.327046
9.327416
9.328320
9.329263
9.329516
9.329575
9.331820
9.332363
9.333433
9.334069
9.334206
9.334747
9.334850
9.335052
9.335669
9.336843
9.336933
9.337322
9.338498
9.339053
9.339930
9.340208
9.340584
9.340653
9.340884
9.341031
9.341512
9.342024
9.342443
9.343083
9.344030
9.344035
9.344296
9.344395
9.346823
9.347204
9.349524
9.350450
9.350585
9.350612
9.350653
9.350752
9.351794
9.352795
9.352809
9.353592
9.354012
9.355005
9.355515
9.356629
9.358019
9.358673
9.359537
9.360333
9.361099
9.361742
9.362379
9.364140
9.364286
9.365112
9.365603
9.366114
9.367253
9.367806
9.368370
9.368673
9.369045
9.370689
9.371864
9.371981
9.372628
9.372642
9.373283
9.374333
9.375267
9.375893
9.376130
9.376759
9.377259
9.377346
9.377718
9.379913
9.380280
9.381220
9.381602
9.383514
9.383603
9.383633
9.385859
9.386479
9.387232
9.387706
9.388555
9.388797
9.388965
9.389638
9.389924
9.390068
9.390449
9.391362
9.393159
9.393430
9.393677
9.394387
9.395410
9.395528
9.395678
9.396288
9.396936
9.398826
9.399082
9.400338
9.400345
9.402171
9.402687
9.403358
9.403979
9.405259
9.405497
9.406537
9.406605
9.406806
9.406824
9.407558
9.408191
9.408771
9.408897
9.410083
9.411168
9.412110
9.413998
9.415221
9.417070
9.419117
9.419495
9.420239
9.420257
9.421885
9.421978
9.422138
9.422269
9.422794
9.423501
9.425093
9.425834
9.426080
9.426461
9.426555
9.426607
9.426986
9.427578
9.430246
9.430304
9.430320
9.430698
9.431242
9.432519
9.432590
9.433120
9.433942
9.434014
9.434982
9.435781
9.436072
9.436273
9.436583
9.437942
9.438312
9.438547
9.438840
9.440336
9.440366
9.440623
9.440786
9.442389
9.443126
9.443139
9.446321
9.446774
9.447098
9.447651
9.448195
9.448512
9.448901
9.451094
9.451235
9.451673
9.452208
9.453303
9.454552
9.454782
9.454864
9.456065
9.456368
9.456679
9.457018
9.457548
9.457618
9.457748
9.457941
9.458001
9.458489
9.459161
9.459558
9.459574
9.459642
9.459660
9.460108
9.460173
9.462914
9.463061
9.463236
9.463840
9.464282
9.464378
9.464567
9.465062
9.465673
9.466437
9.467181
9.467273
9.467838
9.467865
9.467932
9.468768
9.468844
9.469152
9.470613
9.470941
9.471678
9.471991
9.472064
9.472383
9.472597
9.473075
9.473279
9.473858
9.474078
9.475454
9.475649
9.476267
9.476445
9.477753
9.478061
9.479485
9.479914
9.480687
9.480967
9.480981
9.481589
9.481734
9.482136
9.482637
9.482933
9.482978
9.483749
9.483837
9.484089
9.484644
9.484953
9.485500
9.486089
9.486411
9.486835
9.486890
9.486971
9.487362
9.489104
9.489459
9.489572
9.489884
9.490411
9.491106
9.491375
9.491577
9.491746
9.492594
9.492830
9.492836
9.492901
9.493204
9.493597
9.493672
9.494383
9.494584
9.495075
9.495192
9.495577
9.495591
9.496172
9.496485
9.498147
9.498191
9.498341
9.498553
9.498870
9.499945
9.500981
9.501032
9.502846
9.503355
9.504217
9.504820
9.505146
9.505333
9.505353
9.505558
9.505975
9.506510
9.507685
9.508136
9.509733
9.511584
9.511761
9.512018
9.512253
9.513422
9.513921
9.514756
9.514824
9.515033
9.515047
9.515179
9.515478
9.517344
9.517691
9.517980
9.518316
9.520680
9.521616
9.523808
9.524081
9.524204
9.524742
9.524778
9.525114
9.525233
9.525855
9.526095
9.526711
9.526879
9.527113
9.527573
9.528118
9.528234
9.528402
9.529858
9.530468
9.531125
9.531283
9.531513
9.532059
9.532327
9.532394
9.534106
9.536148
9.536886
9.537178
9.537329
9.537538
9.537616
9.537934
9.537944
9.538308
9.538902
9.538991
9.539834
9.540784
9.540984
9.541490
9.542459
9.543940
9.544005
9.544431
9.544498
9.545701
9.545911
9.546597
9.546640
9.547812
9.548215
9.548701
9.548870
9.549414
9.549891
9.550055
9.552029
9.552094
9.553502
9.553594
9.553951
9.554009
9.554379
9.554451
9.555284
9.555679
9.556427
9.556562
9.556921
9.557155
9.557682
9.557722
9.557926
9.558316
9.558718
9.558780
9.559258
9.559407
9.559425
9.559432
9.559649
9.561940
9.562430
9.562485
9.563109
9.563199
9.563678
9.563890
9.564992
9.565392
9.565845
9.565892
9.566270
9.566672
9.566814
9.568894
9.568997
9.569221
9.569222
9.569801
9.570572
9.570702
9.571136
9.572324
9.573583
9.573833
9.574128
9.574629
9.574686
9.574953
9.575148
9.575296
9.575503
9.575842
9.576630
9.576863
9.577193
9.577634
9.578033
9.578563
9.579315
9.579451
9.579797
9.580467
9.581380
9.581489
9.581535
9.583167
9.584829
9.584906
9.585217
9.585421
9.586435
9.586891
9.587520
9.587674
9.587826
9.588567
9.588575
9.589259
9.589451
9.589828
9.590075
9.590638
9.591350
9.591419
9.591544
9.591553
9.591606
9.591777
9.592226
9.592395
9.592588
9.592918
9.593000
9.593447
9.593742
9.593853
9.593892
9.593975
9.594000
9.594916
9.595181
9.595768
9.596352
9.596473
9.597887
9.598557
9.598642
9.599318
9.599850
9.600032
9.600574
9.600671
9.601163
9.602226
9.602238
9.602360
9.603093
9.603446
9.604713
9.605038
9.605250
9.605557
9.606242
9.606538
9.607542
9.608110
9.608750
9.609550
9.609762
9.610044
9.610236
9.611302
9.611339
9.611521
9.611783
9.612264
9.612408
9.612821
9.613695
9.614290
9.614730
9.615104
9.615711
9.617130
9.617959
9.618221
9.618223
9.618454
9.618473
9.618530
9.618534
9.619978
9.620318
9.620439
9.621341
9.622387
9.622935
9.624880
9.624912
9.626045
9.626052
9.626283
9.626307
9.626819
9.626951
9.627429
9.628215
9.628315
9.628344
9.628667
9.629002
9.629982
9.630482
9.630919
9.631353
9.631442
9.631705
9.631729
9.632040
9.632154
9.632947
9.633078
9.633139
9.633348
9.633393
9.633394
9.633638
9.634514
9.635047
9.637176
9.637367
9.637532
9.637795
9.638103
9.638554
9.639423
9.639637
9.639658
9.639758
9.639843
9.640765
9.642108
9.642245
9.642647
9.643047
9.643378
9.644009
9.644092
9.644909
9.645396
9.645494
9.645619
9.645749
9.645806
9.645936
9.646948
9.647521
9.647735
9.647809
9.647997
9.648315
9.648664
9.648909
9.649397
9.649549
9.650323
9.650753
9.651016
9.651500
9.651708
9.653556
9.653682
9.653788
9.656663
9.656703
9.657159
9.658754
9.659086
9.659238
9.659876
9.660287
9.661624
9.661717
9.661833
9.662012
9.662692
9.663078
9.663852
9.663899
9.664055
9.664537
9.664791
9.664992
9.665800
9.666302
9.669533
9.670304
9.670885
9.671111
9.671782
9.672068
9.672291
9.673184
9.673285
9.673434
9.673819
9.674797
9.675408
9.675653
9.675808
9.675889
9.676061
9.677350
9.677475
9.677890
9.678166
9.678437
9.678797
9.678987
9.679741
9.679770
9.680256
9.680946
9.681384
9.681740
9.682113
9.682443
9.682937
9.684737
9.684999
9.685474
9.685802
9.685806
9.685837
9.686212
9.686723
9.687640
9.688666
9.688961
9.691329
9.692697
9.692937
9.693583
9.693820
9.694728
9.694779
9.694902
9.695251
9.697227
9.697642
9.697879
9.697997
9.698916
9.699088
9.699355
9.699922
9.700220
9.701030
9.701308
9.701555
9.701844
9.702068
9.702156
9.702795
9.703792
9.704109
9.704780
9.705046
9.705514
9.706023
9.706533
9.707454
9.707473
9.707571
9.707959
9.708176
9.708488
9.708537
9.708684
9.709509
9.709792
9.709839
9.710688
9.711077
9.711286
9.711461
9.712672
9.712978
9.714651
9.715151
9.716145
9.717220
9.717473
9.717761
9.717817
9.717957
9.718946
9.719391
9.719518
9.719976
9.720219
9.720292
9.720939
9.721328
9.722010
9.722475
9.722653
9.722947
9.724420
9.724707
9.724828
9.725273
9.725724
9.726385
9.726824
9.727240
9.727908
9.728504
9.729979
9.730487
9.730613
9.731077
9.731084
9.731440
9.732159
9.733044
9.733693
9.734705
9.735062
9.735244
9.736238
9.736776
9.737851
9.737964
9.738455
9.739191
9.739338
9.740641
9.740767
9.741163
9.741418
9.742911
9.743426
9.743992
9.744685
9.745079
9.745580
9.745842
9.745869
9.746215
9.746992
9.747234
9.747791
9.747985
9.750197
9.750327
9.750578
9.751254
9.751846
9.752320
9.752455
9.752851
9.753299
9.754190
9.755149
9.755202
9.755581
9.756749
9.757870
9.757998
9.758498
9.758671
9.758841
9.758962
9.760233
9.760379
9.760896
9.761847
9.762293
9.763291
9.763347
9.763553
9.763997
9.765101
9.765309
9.765445
9.765907
9.766356
9.766546
9.766579
9.767574
9.768038
9.768892
9.770019
9.771410
9.771522
9.771639
9.772095
9.772213
9.772951
9.773341
9.773361
9.773485
9.774403
9.774919
9.775026
9.775233
9.775341
9.775559
9.775665
9.775837
9.777949
9.777987
9.778291
9.778828
9.779753
9.779794
9.779899
9.781063
9.781529
9.781588
9.781884
9.783118
9.783676
9.784626
9.784975
9.785097
9.788420
9.788913
9.789616
9.789678
9.791029
9.791467
9.791525
9.793017
9.793482
9.793670
9.794203
9.794462
9.794936
9.794985
9.795750
9.796901
9.797308
9.797396
9.797533
9.797803
9.797902
9.798199
9.798403
9.798819
9.799946
9.799988
9.800281
9.803361
9.803460
9.804262
9.804546
9.805097
9.806960
9.807307
9.807619
9.807865
9.808166
9.809166
9.810230
9.810231
9.810329
9.810411
9.811317
9.811790
9.812193
9.813910
9.813985
9.814067
9.814487
9.814756
9.814794
9.814883
9.815426
9.815598
9.815770
9.815855
9.816379
9.817387
9.817849
9.817978
9.819643
9.820003
9.821024
9.821993
9.822108
9.822131
9.822648
9.824203
9.824366
9.825157
9.827315
9.827711
9.828918
9.829670
9.830988
9.831373
9.832752
9.833545
9.834073
9.834097
9.834165
9.834699
9.835572
9.835655
9.836356
9.836448
9.836769
9.837428
9.838140
9.838823
9.838923
9.839773
9.840078
9.840802
9.841833
9.841943
9.842184
9.842391
9.842584
9.842667
9.843479
9.843918
9.844121
9.844339
9.844524
9.844554
9.844598
9.846004
9.846483
9.846892
9.847153
9.847674
9.847892
9.848482
9.849073
9.849109
9.849627
9.849727
9.851000
9.851413
9.851649
9.851676
9.851898
9.852410
9.852503
9.852735
9.853152
9.853388
9.855254
9.856033
9.856952
9.856981
9.857126
9.857362
9.857427
9.857548
9.858100
9.858596
9.859411
9.860166
9.861362
9.861807
9.862521
9.862647
9.863110
9.864004
9.864203
9.864534
9.864808
9.864925
9.865070
9.866540
9.867261
9.867744
9.868814
9.869142
9.869841
9.869941
9.870313
9.872023
9.872372
9.872672
9.874539
9.874924
9.875356
9.875369
9.876109
9.876417
9.876523
9.876528
9.877898
9.877968
9.878896
9.879128
9.879161
9.880054
9.880138
9.881146
9.882004
9.882135
9.883671
9.883892
9.884000
9.884121
9.886133
9.886171
9.886694
9.887127
9.887896
9.888194
9.888553
9.889106
9.889175
9.889685
9.890170
9.890390
9.890557
9.890939
9.891088
9.891129
9.891360
9.891366
9.891636
9.891648
9.892855
9.893387
9.894115
9.895223
9.895365
9.895605
9.895829
9.896001
9.896223
9.896324
9.896641
9.896769
9.896935
9.897181
9.897366
9.898737
9.899958
9.900714
9.900727
9.900847
9.902420
9.902440
9.903257
9.903420
9.903635
9.905094
9.905300
9.906318
9.906630
9.906808
9.906837
9.907122
9.907441
9.908059
9.908222
9.909494
9.910366
9.910420
9.910614
9.910973
9.911951
9.912130
9.913091
9.913708
9.915052
9.915622
9.915684
9.916348
9.918986
9.919096
9.919214
9.920039
9.920318
9.920359
9.920951
9.921817
9.921836
9.922054
9.922105
9.922264
9.922728
9.923009
9.923126
9.923464
9.923672
9.923778
9.923819
9.923876
9.924706
9.925509
9.925591
9.926229
9.926288
9.926520
9.926744
9.927000
9.927343
9.927444
9.927547
9.928166
9.929205
9.929214
9.929593
9.931280
9.932671
9.932743
9.933657
9.934161
9.934600
9.935292
9.935872
9.935925
9.936041
9.936710
9.936994
9.937350
9.938436
9.938633
9.939311
9.939390
9.939856
9.940418
9.940602
9.941319
9.942094
9.942155
9.942683
9.943737
9.944207
9.944207
9.944392
9.944569
9.944816
9.945256
9.945357
9.946378
9.946635
9.947316
9.947390
9.947482
9.948253
9.950596
9.951392
9.951423
9.951986
9.952761
9.953176
9.953321
9.953611
9.953938
9.954441
9.955574
9.957546
9.957948
9.958029
9.958525
9.959157
9.959348
9.959555
9.959821
9.960384
9.962157
9.962177
9.962414
9.962430
9.963906
9.964716
9.965003
9.965650
9.966233
9.966697
9.966940
9.968537
9.968832
9.969396
9.969885
9.969935
9.971593
9.971678
9.972233
9.972519
9.972707
9.973073
9.973358
9.974689
9.975279
9.975415
9.975732
9.977414
9.977976
9.978335
9.978423
9.979287
9.981283
9.982265
9.982583
9.983429
9.983544
9.984447
9.984940
9.986631
9.987165
9.987497
9.988080
9.988446
9.988489
9.989398
9.989907
9.990603
9.990653
9.990701
9.990718
9.991742
9.991993
9.992017
9.992169
9.992646
9.992899
9.993552
9.994053
9.994115
9.994837
9.995091
9.995356
9.995745
9.996233
9.996423
9.996781
9.997738
9.998369
9.999888
10.000192
10.000843
10.000976
10.001083
10.001875
10.002651
10.002807
10.006019
10.006103
10.006792
10.007515
10.008068
10.008427
10.008973
10.009135
10.009176
10.011824
10.011970
10.012403
10.012619
10.013359
10.014169
10.014937
10.015968
10.016309
10.016803
10.018251
10.018369
10.019325
10.019788
10.020611
10.020706
10.021249
10.021914
10.022802
10.023618
10.024181
10.024826
10.024899
10.024961
10.026577
10.026610
10.027109
10.027260
10.027568
10.027723
10.027992
10.029005
10.029067
10.029149
10.029692
10.029870
10.030043
10.030672
10.032817
10.033422
10.034514
10.035258
10.035385
10.035680
10.036420
10.036922
10.037347
10.037497
10.037645
10.038116
10.038311
10.038427
10.038478
10.038668
10.039353
10.039504
10.039992
10.040344
10.040667
10.041459
10.042247
10.042250
10.042576
10.042603
10.042846
10.044475
10.045257
10.045640
10.045688
10.047464
10.047774
10.047932
10.049157
10.050584
10.050954
10.051114
10.051405
10.051856
10.052263
10.052957
10.053134
10.053340
10.054502
10.054832
10.055058
10.055462
10.056038
10.056125
10.056469
10.056484
10.056786
10.057792
10.057923
10.058809
10.059341
10.060053
10.060895
10.061464
10.061665
10.062724
10.062935
10.063324
10.065621
10.066380
10.066886
10.066909
10.067045
10.068060
10.068074
10.068254
10.068388
10.069456
10.069714
10.069906
10.069969
10.070032
10.070292
10.070651
10.070952
10.071447
10.072206
10.072307
10.072331
10.072798
10.072915
10.073495
10.074528
10.074687
10.075435
10.076500
10.077237
10.078094
10.078341
10.078966
10.078978
10.079223
10.081110
10.081119
10.081531
10.081717
10.081771
10.081895
10.082187
10.082873
10.083215
10.083816
10.084632
10.085201
10.085482
10.086382
10.086698
10.086827
10.087159
10.087734
10.087855
10.089365
10.089499
10.089635
10.090028
10.090238
10.090419
10.090750
10.091623
10.091785
10.092524
10.092577
10.093617
10.093723
10.094287
10.094338
10.094883
10.094943
10.094945
10.095102
10.096038
10.096714
10.097189
10.097271
10.098979
10.099538
10.099575
10.099582
10.099589
10.099738
10.099849
10.099989
10.100002
10.100376
10.100721
10.100959
10.101246
10.101771
10.101960
10.102013
10.103865
10.104026
10.104322
10.104507
10.105412
10.106915
10.107518
10.107766
10.107924
10.108052
10.108572
10.108898
10.110168
10.110176
10.110340
10.110495
10.110597
10.111618
10.112195
10.114079
10.114309
10.115399
10.117617
10.117660
10.117686
10.117722
10.117992
10.118287
10.118515
10.118717
10.118771
10.118885
10.118896
10.119014
10.119175
10.119983
10.120788
10.120826
10.121573
10.121601
10.121994
10.122278
10.122435
10.123241
10.123472
10.123565
10.127267
10.127945
10.127954
10.128025
10.128539
10.128711
10.129529
10.129596
10.131009
10.132004
10.133171
10.135499
10.135512
10.135876
10.136177
10.136486
10.136678
10.136697
10.136968
10.137123
10.137883
10.138117
10.139824
10.140026
10.140227
10.140689
10.141347
10.141392
10.142097
10.142701
10.143143
10.143253
10.143496
10.143841
10.144429
10.144480
10.144726
10.145998
10.146480
10.146752
10.147540
10.147652
10.147842
10.148017
10.148474
10.148669
10.149041
10.149258
10.149427
10.149639
10.149750
10.149948
10.150773
10.151091
10.151758
10.152518
10.154241
10.154348
10.154365
10.154543
10.154902
10.155472
10.155806
10.156139
10.156221
10.157618
10.158445
10.158595
10.159405
10.159499
10.159801
10.160043
10.160270
10.160630
10.161870
10.163008
10.163173
10.163872
10.164013
10.164521
10.164721
10.165615
10.165808
10.166025
10.167570
10.168059
10.168085
10.168303
10.168470
10.168665
10.168761
10.168794
10.168875
10.168965
10.170111
10.170146
10.171206
10.171791
10.173300
10.173488
10.174570
10.174814
10.175225
10.175501
10.176258
10.176300
10.177026
10.178689
10.178948
10.179628
10.179794
10.181136
10.182365
10.182467
10.184029
10.184031
10.184310
10.184858
10.184951
10.185170
10.185212
10.185779
10.186770
10.186776
10.187261
10.187513
10.187580
10.187797
10.187816
10.187863
10.188020
10.188319
10.188387
10.188742
10.189051
10.189548
10.189777
10.189982
10.189982
10.190624
10.190650
10.190660
10.192348
10.192868
10.192945
10.193529
10.193918
10.194581
10.194995
10.195305
10.195719
10.195825
10.196210
10.196214
10.196243
10.196556
10.197118
10.197418
10.197486
10.198275
10.199100
10.199473
10.199935
10.200643
10.200956
10.201068
10.201593
10.202452
10.202930
10.202958
10.203785
10.203980
10.204143
10.204243
10.205389
10.207684
10.208100
10.208174
10.208779
10.209308
10.209691
10.212038
10.212802
10.212984
10.213316
10.213525
10.213634
10.213655
10.213963
10.214315
10.214684
10.214929
10.215721
10.217306
10.217818
10.218581
10.218676
10.218830
10.219247
10.219357
10.219386
10.219510
10.220643
10.221464
10.221810
10.223018
10.223270
10.223599
10.224882
10.225754
10.226450
10.226878
10.227491
10.227502
10.228620
10.229154
10.230408
10.231416
10.233633
10.233676
10.233729
10.234046
10.235622
10.235688
10.237460
10.238234
10.239619
10.240435
10.241506
10.242190
10.242830
10.243031
10.243884
10.244439
10.244588
10.247370
10.247624
10.247769
10.247866
10.248449
10.248738
10.248782
10.248814
10.249021
10.249042
10.249293
10.249310
10.249631
10.250066
10.251032
10.252419
10.252580
10.252602
10.253008
10.253660
10.254115
10.254330
10.255836
10.256113
10.256248
10.256492
10.256866
10.258241
10.258570
10.258814
10.258960
10.259056
10.259523
10.259919
10.260056
10.261570
10.261753
10.261786
10.262422
10.262459
10.262538
10.262633
10.262870
10.263353
10.263774
10.264180
10.266557
10.266586
10.266609
10.267273
10.267659
10.268108
10.270479
10.272118
10.273434
10.274423
10.274608
10.274927
10.276106
10.276927
10.278111
10.278186
10.278309
10.278609
10.280046
10.281170
10.281291
10.281390
10.281834
10.282385
10.282990
10.283028
10.284271
10.285073
10.285387
10.286120
10.286212
10.286892
10.287099
10.287525
10.287664
10.287766
10.288152
10.288600
10.288867
10.289657
10.289933
10.290109
10.290336
10.290358
10.290739
10.290909
10.291051
10.291586
10.292451
10.292743
10.293078
10.293284
10.293455
10.293689
10.294010
10.294152
10.294567
10.295501
10.296497
10.296823
10.297040
10.297228
10.297352
10.297368
10.298136
10.298788
10.298789
10.298947
10.299240
10.299646
10.301785
10.302013
10.302865
10.303232
10.303368
10.304304
10.304741
10.306211
10.306259
10.307616
10.307796
10.309865
10.309986
10.310118
10.310751
10.312140
10.312248
10.312887
10.312957
10.313580
10.314776
10.315082
10.316095
10.316685
10.316949
10.317307
10.317886
10.318189
10.318340
10.319447
10.319631
10.319925
10.320255
10.320560
10.320641
10.320792
10.321705
10.322412
10.324024
10.324715
10.326042
10.326247
10.326305
10.326527
10.327865
10.328205
10.328435
10.328530
10.328876
10.329915
10.330034
10.330052
10.330719
10.330900
10.331367
10.331435
10.331807
10.331883
10.332428
10.332921
10.333428
10.333646
10.333837
10.334755
10.334856
10.335776
10.336976
10.337057
10.338897
10.343382
10.344437
10.345047
10.345352
10.345471
10.346076
10.346164
10.346248
10.346539
10.346975
10.348289
10.349304
10.349600
10.349774
10.350305
10.350761
10.352898
10.353646
10.355746
10.358086
10.358179
10.359066
10.359509
10.360551
10.360869
10.361626
10.363556
10.363597
10.363770
10.365658
10.366966
10.367143
10.367411
10.367990
10.368193
10.368253
10.369561
10.369678
10.370603
10.371510
10.371823
10.372796
10.373407
10.377466
10.379287
10.379610
10.380637
10.381500
10.381718
10.381754
10.381995
10.382123
10.382371
10.383488
10.384551
10.384690
10.384777
10.384842
10.386109
10.386854
10.387631
10.387926
10.388525
10.389228
10.389258
10.389609
10.390116
10.392927
10.393148
10.393389
10.393543
10.394586
10.395018
10.395947
10.396562
10.396902
10.397853
10.398902
10.398968
10.399015
10.399052
10.399200
10.399335
10.399347
10.401527
10.402252
10.403300
10.403995
10.406653
10.406672
10.409262
10.409781
10.409845
10.410919
10.412632
10.412665
10.412673
10.413076
10.413077
10.413317
10.413785
10.414785
10.415024
10.415923
10.415986
10.416392
10.416595
10.417040
10.418603
10.418727
10.418952
10.419673
10.420336
10.420676
10.421787
10.423633
10.427661
10.428287
10.428729
10.429431
10.429844
10.429855
10.430153
10.431288
10.431807
10.434006
10.435576
10.436590
10.436783
10.437193
10.437783
10.438108
10.438711
10.439048
10.439390
10.440336
10.440338
10.440584
10.442639
10.443155
10.445084
10.445230
10.446318
10.448136
10.449212
10.449694
10.451522
10.452602
10.453217
10.453408
10.455277
10.455339
10.455655
10.459423
10.459718
10.459885
10.460014
10.460133
10.461483
10.462681
10.462791
10.465014
10.466571
10.467817
10.471619
10.473637
10.475689
10.476509
10.476681
10.478042
10.478308
10.480032
10.480910
10.482134
10.482195
10.482962
10.483609
10.483733
10.483814
10.485383
10.488713
10.491196
10.491446
10.492445
10.493554
10.494607
10.495771
10.497743
10.498101
10.498588
10.498711
10.499727
10.500052
10.501465
10.501677
10.502074
10.502307
10.502834
10.503074
10.503192
10.503294
10.503298
10.503298
10.503301
10.503303
10.503303
