1.000000
1.121648
1.423472
1.485743
1.560105
1.608975
1.672899
1.804667
1.826658
1.839043
1.841365
1.903973
1.927678
2.045975
2.052226
2.056567
2.064583
2.096322
2.125761
2.275085
2.289577
2.298712
2.299202
2.302038
2.351441
2.367558
2.449923
2.450999
2.476131
2.476359
2.499007
2.521366
2.524048
2.618824
2.687171
2.689333
2.698130
2.710652
2.727668
2.753989
2.794008
2.813744
2.918106
2.974186
2.985151
3.014825
3.025309
3.075689
3.234179
3.260235
3.264098
3.264171
3.344695
3.367517
3.410570
3.418353
3.420553
3.420988
3.422759
3.430679
3.432071
3.436231
3.452258
3.454254
3.472152
3.481308
3.484217
3.487727
3.508639
3.521200
3.541436
3.556599
3.577930
3.611239
3.630144
3.630315
3.639282
3.645043
3.645340
3.691179
3.713227
3.749066
3.751955
3.752350
3.783777
3.789347
3.794789
3.827416
3.854988
3.865937
3.878833
3.891203
3.985441
4.022584
4.032647
4.034916
4.036094
4.063617
4.090276
4.091041
4.123533
4.171694
4.176594
4.179533
4.190877
4.195294
4.219916
4.223693
4.248938
4.250246
4.302894
4.310061
4.312222
4.344584
4.360898
4.362841
4.367540
4.376235
4.384736
4.395638
4.409197
4.427778
4.434705
4.448400
4.469882
4.503204
4.508851
4.511174
4.525657
4.527523
4.531032
4.540095
4.541248
4.560194
4.577681
4.604665
4.612882
4.614846
4.652451
4.656369
4.667787
4.675116
4.712449
4.713870
4.719088
4.737074
4.742656
4.764609
4.778009
4.803309
4.815597
4.830793
4.853775
4.863331
4.864451
4.915712
4.920731
4.956875
4.967921
4.995051
5.005178
5.017877
5.024443
5.044333
5.047403
5.062735
5.077268
5.097581
5.126573
5.134126
5.141071
5.151499
5.161681
5.163224
5.174273
5.182274
5.191150
5.198775
5.207537
5.236223
5.243903
5.244006
5.244358
5.268539
5.313807
5.319836
5.338918
5.346549
5.352022
5.369318
5.378082
5.380562
5.408539
5.414123
5.431664
5.440279
5.456399
5.458990
5.471463
5.499258
5.527838
5.551557
5.576751
5.619704
5.648421
5.676085
5.688493
5.694276
5.721091
5.723509
5.724441
5.767832
5.800282
5.853595
5.913658
5.917930
5.993755
6.011603
6.016427
6.043101
6.057545
6.094297
6.117029
6.120862
6.149356
6.160002
6.161661
6.165727
6.177291
6.192234
6.227382
6.257747
6.269181
6.273267
6.300246
6.326858
6.328291
6.340675
6.389573
6.392492
6.411760
6.418417
6.425762
6.428342
6.428386
6.436482
6.449952
6.454002
6.476837
6.477707
6.482141
6.482709
6.503012
6.523124
6.534488
6.546366
6.583056
6.599420
6.609899
6.620253
6.645646
6.651781
6.652907
6.653886
6.662770
6.686556
6.691291
6.706985
6.707446
6.713790
6.767224
6.770570
6.775770
6.776351
6.798627
6.799867
6.809921
6.845550
6.867507
6.889445
6.911940
6.943084
6.955743
6.959831
6.960115
6.971425
6.972617
6.983608
7.001533
7.002047
7.009389
7.022068
7.022149
7.024974
7.030170
7.041539
7.050309
7.050485
7.061607
7.081295
7.086134
7.086788
7.101077
7.106574
7.109010
7.109368
7.133466
7.144647
7.145485
7.163095
7.177758
7.178200
7.208804
7.214401
7.224808
7.228809
7.231501
7.232144
7.240115
7.241266
7.244889
7.255403
7.260169
7.269993
7.277087
7.283962
7.293711
7.302117
7.306963
7.307898
7.309567
7.310174
7.311872
7.313428
7.319280
7.319694
7.323814
7.330760
7.335135
7.335937
7.336398
7.344355
7.348065
7.359745
7.361377
7.367091
7.368405
7.382224
7.392209
7.403373
7.413535
7.427221
7.432212
7.434683
7.437423
7.451787
7.464987
7.471014
7.475791
7.481403
7.481658
7.483638
7.486262
7.487817
7.493984
7.496918
7.497118
7.501361
7.522377
7.522555
7.522770
7.524477
7.525612
7.533647
7.539246
7.549942
7.555108
7.555461
7.556714
7.557739
7.559191
7.560866
7.562251
7.565044
7.572101
7.575849
7.577690
7.579107
7.586397
7.587523
7.587958
7.589912
7.595836
7.599148
7.599565
7.603481
7.608823
7.609053
7.609202
7.611266
7.613193
7.616373
7.619033
7.619401
7.625422
7.626150
7.628243
7.630614
7.630735
7.636549
7.639851
7.640676
7.642366
7.642893
7.647753
7.648964
7.649498
7.655951
7.656941
7.657991
7.659630
7.659871
7.661352
7.663340
7.664175
7.668514
7.668585
7.670185
7.677148
7.679081
7.680194
7.682212
7.683443
7.684463
7.684944
7.688114
7.692849
7.697893
7.702694
7.703130
7.703559
7.707817
7.710219
7.711299
7.716346
7.719456
7.720120
7.723444
7.729514
7.734416
7.735401
7.740027
7.742740
7.750992
7.751339
7.756396
7.758710
7.763336
7.785103
7.785863
7.787180
7.789904
7.796688
7.798805
7.801090
7.801943
7.802580
7.803157
7.803640
7.804112
7.804862
7.813765
7.814431
7.816067
7.816658
7.817793
7.821108
7.823191
7.824074
7.828458
7.835560
7.837180
7.839754
7.842198
7.846203
7.846890
7.849536
7.855156
7.865874
7.866177
7.871476
7.875873
7.878683
7.880451
7.881407
7.881562
7.888364
7.890493
7.896461
7.898370
7.899188
7.900774
7.901866
7.906940
7.910006
7.910552
7.911397
7.911759
7.917568
7.919093
7.920639
7.921846
7.932470
7.935119
7.937074
7.938599
7.939394
7.940624
7.940717
7.943401
7.951418
7.958580
7.962281
7.962937
7.967799
7.972273
7.973536
7.975162
7.976984
7.977212
7.979860
7.983436
7.985097
7.985462
7.988951
7.990318
7.996229
7.996763
7.997025
7.998863
7.999280
8.000874
8.003591
8.006682
8.007185
8.009539
8.010046
8.010266
8.010417
8.012642
8.014269
8.016517
8.017008
8.018044
8.027732
8.031219
8.035957
8.045040
8.046428
8.049686
8.051018
8.052792
8.058238
8.059010
8.059071
8.062112
8.066582
8.070668
8.075102
8.075738
8.083315
8.086674
8.087553
8.087892
8.089497
8.091095
8.091533
8.091679
8.094049
8.094755
8.095018
8.096659
8.096874
8.096997
8.097540
8.100031
8.101554
8.102991
8.103520
8.105416
8.109984
8.110280
8.120921
8.121494
8.121920
8.126326
8.132583
8.135855
8.136286
8.136970
8.138204
8.139358
8.141891
8.145398
8.147382
8.148494
8.150804
8.154175
8.157548
8.158553
8.164055
8.164367
8.165128
8.168249
8.171929
8.173695
8.175550
8.180629
8.185303
8.192614
8.194342
8.194657
8.194687
8.197406
8.198232
8.198547
8.198811
8.200754
8.202621
8.202760
8.206374
8.207900
8.215922
8.220592
8.224268
8.224944
8.232206
8.232259
8.236334
8.237741
8.250431
8.251416
8.252502
8.255853
8.257556
8.257576
8.259239
8.260450
8.261104
8.263807
8.264123
8.267077
8.268249
8.275420
8.276188
8.280177
8.280349
8.281133
8.283360
8.284446
8.285886
8.289098
8.293951
8.297852
8.305560
8.311151
8.312377
8.313421
8.314692
8.315250
8.317654
8.318339
8.318697
8.319406
8.331507
8.332376
8.334534
8.335899
8.338497
8.342386
8.342806
8.343719
8.345571
8.345653
8.346974
8.347552
8.349712
8.350216
8.350581
8.351200
8.351477
8.352633
8.352816
8.358913
8.359922
8.369104
8.369388
8.371675
8.372371
8.373438
8.379710
8.383496
8.383842
8.384945
8.385253
8.386449
8.386895
8.387131
8.391235
8.392046
8.392580
8.394360
8.395037
8.400146
8.401925
8.404416
8.407322
8.415393
8.419001
8.419465
8.420095
8.426397
8.432806
8.437045
8.437241
8.438702
8.440867
8.441937
8.447855
8.448045
8.449876
8.454743
8.456039
8.456528
8.462072
8.463158
8.470469
8.471828
8.474315
8.476731
8.478266
8.478441
8.481321
8.482924
8.486030
8.487448
8.488299
8.488743
8.492360
8.492560
8.495254
8.498405
8.498891
8.499463
8.499882
8.502939
8.504027
8.504115
8.506429
8.509223
8.511683
8.513494
8.517151
8.517701
8.517825
8.518879
8.520043
8.520798
8.522399
8.523561
8.525403
8.527858
8.528892
8.532480
8.533542
8.537475
8.545120
8.550264
8.552214
8.553147
8.556254
8.556367
8.556387
8.556762
8.560129
8.563813
8.564249
8.564782
8.566985
8.571465
8.574425
8.575068
8.576339
8.579706
8.580551
8.580742
8.584080
8.584242
8.584686
8.590893
8.592668
8.593414
8.597143
8.600140
8.601482
8.604403
8.606213
8.610427
8.611757
8.613083
8.614159
8.619937
8.620344
8.620837
8.621222
8.621407
8.621662
8.624475
8.630223
8.630638
8.632430
8.636628
8.638481
8.639441
8.640889
8.645279
8.645782
8.646028
8.647922
8.652336
8.652449
8.652599
8.652928
8.653752
8.656878
8.658163
8.660303
8.660600
8.663937
8.670063
8.670444
8.671553
8.673803
8.674105
8.675432
8.675753
8.675802
8.681306
8.682020
8.683309
8.688749
8.691091
8.691986
8.693247
8.696543
8.696671
8.698835
8.700161
8.700447
8.701204
8.702979
8.703328
8.711270
8.720296
8.721374
8.722389
8.722481
8.723906
8.726696
8.730836
8.732805
8.733323
8.736352
8.736860
8.736989
8.739638
8.740162
8.745679
8.752206
8.760736
8.762245
8.763050
8.765463
8.766041
8.768394
8.768644
8.772302
8.772577
8.773602
8.775546
8.775630
8.776631
8.777582
8.778464
8.779033
8.780700
8.783178
8.783708
8.783746
8.785358
8.790531
8.790723
8.797732
8.801596
8.803105
8.805855
8.806320
8.807972
8.814174
8.814746
8.818319
8.818495
8.818599
8.820724
8.820795
8.821083
8.821643
8.822696
8.824143
8.826442
8.826599
8.827909
8.828434
8.829542
8.834778
8.836261
8.836322
8.839127
8.842168
8.844863
8.851397
8.852057
8.855659
8.857350
8.861897
8.864139
8.865845
8.867575
8.868029
8.869424
8.870812
8.871419
8.872880
8.874405
8.875892
8.875937
8.876110
8.880823
8.883141
8.883945
8.884254
8.886923
8.890412
8.890510
8.892779
8.892807
8.892813
8.897452
8.899512
8.900018
8.900228
8.902335
8.902414
8.907085
8.907651
8.907680
8.908689
8.909644
8.912663
8.913161
8.914092
8.916557
8.921062
8.926742
8.927881
8.928417
8.929383
8.929523
8.930752
8.932696
8.933434
8.933826
8.935783
8.938000
8.938670
8.940137
8.945265
8.948201
8.948294
8.948638
8.948872
8.949680
8.955807
8.956470
8.956712
8.959557
8.959682
8.962164
8.965584
8.966975
8.967548
8.967803
8.969227
8.969545
8.969592
8.969790
8.970014
8.970674
8.971205
8.971356
8.972281
8.977870
8.980966
8.981026
8.982935
8.983025
8.987529
8.988053
8.990162
8.992341
8.993088
8.994035
8.994455
8.994691
8.994747
8.995250
8.996944
9.000750
9.001303
9.002609
9.005830
9.008628
9.010224
9.011368
9.012727
9.013533
9.013674
9.015687
9.016752
9.018417
9.019845
9.023005
9.024066
9.024689
9.025210
9.025303
9.025781
9.027081
9.028276
9.028638
9.029174
9.029475
9.030222
9.030826
9.031235
9.032607
9.033051
9.034286
9.036602
9.037479
9.038733
9.039172
9.040382
9.040436
9.041618
9.042018
9.042397
9.044337
9.044516
9.045761
9.046019
9.046562
9.046739
9.047549
9.049875
9.050111
9.050957
9.055572
9.057080
9.059328
9.062028
9.062986
9.063091
9.063156
9.063279
9.063937
9.064840
9.068116
9.071435
9.072469
9.076435
9.077036
9.079227
9.080412
9.082196
9.082370
9.083147
9.085013
9.085368
9.086560
9.088535
9.089561
9.090273
9.091367
9.091381
9.091866
9.092747
9.095045
9.095689
9.095767
9.095800
9.096933
9.099654
9.099754
9.100442
9.101688
9.103818
9.104292
9.105485
9.106133
9.106557
9.107529
9.107617
9.108786
9.109234
9.110435
9.110700
9.115475
9.116137
9.116632
9.119248
9.123114
9.123208
9.123451
9.127752
9.127890
9.128853
9.129656
9.130404
9.132299
9.133330
9.135995
9.136397
9.137342
9.139196
9.141212
9.143250
9.144228
9.144815
9.145658
9.148323
9.148447
9.148597
9.148859
9.149916
9.150603
9.151369
9.151471
9.151484
9.152634
9.153148
9.153480
9.155575
9.156484
9.156593
9.156623
9.158575
9.160309
9.160460
9.160780
9.160811
9.161733
9.165229
9.167152
9.167249
9.170204
9.171012
9.171031
9.171408
9.171469
9.171953
9.172796
9.173009
9.173526
9.174225
9.174515
9.174575
9.175544
9.178831
9.179469
9.179614
9.180655
9.184089
9.184294
9.184490
9.185303
9.186282
9.187407
9.188004
9.188017
9.188250
9.188471
9.188501
9.188553
9.188695
9.189182
9.189630
9.190020
9.192111
9.193249
9.193800
9.193833
9.194503
9.194524
9.194793
9.196432
9.199168
9.199871
9.201519
9.201996
9.202782
9.203262
9.203263
9.203495
9.204132
9.204370
9.204900
9.205366
9.206445
9.206550
9.207304
9.210607
9.211464
9.212268
9.212470
9.212525
9.212791
9.213964
9.214392
9.215208
9.215710
9.215718
9.216459
9.216561
9.217608
9.218406
9.219630
9.220436
9.221079
9.221109
9.221173
9.221251
9.222654
9.223390
9.223397
9.227376
9.227807
9.229512
9.229583
9.229681
9.229956
9.230191
9.230358
9.230425
9.230855
9.231150
9.231308
9.235121
9.235368
9.235559
9.235791
9.239144
9.239288
9.239448
9.240744
9.240920
9.241903
9.242911
9.242920
9.243133
9.244324
9.244730
9.246186
9.246379
9.248120
9.248128
9.248182
9.248839
9.251582
9.252370
9.252756
9.253222
9.253915
9.255260
9.255370
9.255532
9.255793
9.256535
9.257895
9.258265
9.258398
9.259200
9.260320
9.261101
9.261992
9.262356
9.262847
9.263515
9.264609
9.264611
9.264813
9.264977
9.266914
9.267005
9.267989
9.268618
9.270037
9.271101
9.271169
9.272671
9.273124
9.274008
9.274300
9.275090
9.275176
9.275991
9.276621
9.276711
9.277283
9.277562
9.277804
9.280570
9.280943
9.281243
9.281785
9.282081
9.282252
9.282513
9.283182
9.284159
9.284719
9.284967
9.285258
9.289494
9.292813
9.293596
9.295210
9.296441
9.297084
9.297280
9.298117
9.299351
9.300073
9.300303
9.300633
9.300773
9.301130
9.302456
9.303715
9.304106
9.305284
9.306262
9.307158
9.307865
9.309422
9.309485
9.309967
9.311602
9.311697
9.312066
9.312737
9.312901
9.313257
9.314852
9.315789
9.316038
9.316336
9.316387
9.317183
9.317679
9.318495
9.319486
9.319803
9.320371
9.320587
9.321203
9.322777
9.322825
9.323049
9.323576
9.323940
9.323994
9.324823
9.325336
9.325967
9.326099
9.326241
9.326910
9.330000
9.331759
9.332731
9.332952
9.333704
9.333718
9.337329
9.337486
9.337520
9.337651
9.337808
9.338134
9.338239
9.339128
9.339727
9.340097
9.340444
9.340491
9.340647
9.341205
9.341361
9.341997
9.343577
9.343629
9.344878
9.346189
9.346610
9.347530
9.348105
9.348723
9.348824
9.349647
9.350405
9.351129
9.352074
9.352700
9.353013
9.353042
9.353526
9.354853
9.355627
9.357897
9.358751
9.359806
9.359932
9.360338
9.360439
9.361006
9.361037
9.362026
9.362881
9.363926
9.364423
9.365712
9.365938
9.366290
9.367626
9.367899
9.368498
9.369123
9.369720
9.369748
9.370215
9.370510
9.370699
9.371531
9.371547
9.371778
9.372322
9.372748
9.373196
9.373335
9.374495
9.375310
9.375985
9.376600
9.376976
9.381113
9.381824
9.381964
9.382517
9.382523
9.384088
9.384730
9.385394
9.385756
9.387114
9.388564
9.389066
9.389472
9.389523
9.390221
9.390250
9.390276
9.390824
9.391642
9.391684
9.392258
9.392558
9.392600
9.392742
9.392861
9.394604
9.394749
9.395858
9.397517
9.397731
9.398057
9.398258
9.398547
9.398646
9.398743
9.400079
9.401125
9.401335
9.401426
9.401642
9.401838
9.402437
9.402572
9.402915
9.403013
9.404188
9.405018
9.405155
9.405423
9.405949
9.406373
9.406559
9.407512
9.407658
9.408612
9.408835
9.408968
9.409724
9.409765
9.409786
9.410729
9.411674
9.412772
9.413508
9.413748
9.414044
9.414267
9.414497
9.414640
9.414969
9.415076
9.415412
9.415533
9.415577
9.416637
9.417263
9.417950
9.418036
9.418654
9.420053
9.421263
9.422498
9.422900
9.423606
9.423616
9.423737
9.423961
9.424550
9.424868
9.425105
9.426052
9.426100
9.426132
9.427662
9.428073
9.428763
9.429178
9.429646
9.429724
9.430122
9.430189
9.431152
9.431469
9.432308
9.432648
9.432693
9.433353
9.433585
9.434172
9.435041
9.435123
9.436306
9.436443
9.437521
9.438430
9.440183
9.440666
9.440824
9.441197
9.441271
9.441905
9.443121
9.443224
9.444082
9.444392
9.444551
9.445008
9.445189
9.445876
9.448372
9.448914
9.450050
9.450405
9.451982
9.452397
9.453523
9.453891
9.454649
9.454698
9.455565
9.456504
9.456976
9.457545
9.457550
9.457690
9.458282
9.458976
9.460013
9.460583
9.462263
9.462673
9.462896
9.463442
9.463697
9.464166
9.465802
9.466309
9.467331
9.467483
9.467822
9.469534
9.470756
9.471660
9.471681
9.472298
9.473537
9.473920
9.474288
9.475096
9.475425
9.475827
9.477602
9.478663
9.479324
9.479448
9.480639
9.481091
9.482068
9.482429
9.483235
9.483939
9.484543
9.484936
9.485067
9.485488
9.486287
9.486424
9.486990
9.487535
9.487877
9.488780
9.489146
9.490507
9.490572
9.490781
9.491543
9.491703
9.491938
9.493565
9.494740
9.494802
9.494951
9.495901
9.496447
9.496605
9.496790
9.496969
9.497101
9.497690
9.497712
9.498105
9.500334
9.500410
9.500525
9.500918
9.501141
9.501259
9.501788
9.502307
9.503000
9.503352
9.504716
9.505138
9.505855
9.506963
9.507168
9.507418
9.507549
9.508971
9.510656
9.511000
9.513481
9.514501
9.514876
9.515629
9.516482
9.516528
9.516875
9.517303
9.518330
9.519602
9.519896
9.520744
9.521364
9.521502
9.522095
9.522935
9.523993
9.524504
9.524749
9.524782
9.525048
9.525104
9.525579
9.525996
9.526768
9.527163
9.527246
9.528251
9.528681
9.529452
9.531502
9.532319
9.533090
9.534513
9.535746
9.535829
9.536432
9.536463
9.536812
9.537323
9.538028
9.538885
9.539464
9.539591
9.539700
9.540396
9.540565
9.542647
9.543339
9.545554
9.546604
9.546660
9.546920
9.547101
9.547758
9.547905
9.548695
9.550047
9.550111
9.550585
9.550632
9.551658
9.551963
9.554562
9.554659
9.554660
9.555385
9.555773
9.556094
9.556650
9.557365
9.557439
9.558027
9.558743
9.560080
9.560949
9.561723
9.562002
9.562183
9.562185
9.562712
9.562873
9.562995
9.563046
9.563504
9.563875
9.564010
9.564061
9.564305
9.564805
9.565412
9.565510
9.565698
9.565817
9.566544
9.566662
9.568140
9.568523
9.568578
9.568777
9.569604
9.570457
9.571027
9.571476
9.572112
9.572528
9.572702
9.573358
9.575393
9.576050
9.576070
9.576491
9.577045
9.577394
9.577406
9.577524
9.578642
9.578795
9.580483
9.580766
9.582231
9.582442
9.583179
9.583503
9.585530
9.585553
9.586295
9.586349
9.586422
9.586842
9.588305
9.588372
9.589071
9.589668
9.589828
9.590174
9.590584
9.591024
9.591335
9.592278
9.592289
9.594056
9.594641
9.594817
9.595079
9.595151
9.595169
9.595879
9.596930
9.597154
9.597829
9.598066
9.598275
9.599362
9.599692
9.601517
9.601875
9.602083
9.603196
9.604085
9.604160
9.604992
9.605068
9.605629
9.606082
9.606108
9.606474
9.607403
9.607497
9.608841
9.609810
9.610225
9.611120
9.611585
9.611885
9.611924
9.611925
9.612551
9.612611
9.612789
9.613340
9.614559
9.614714
9.617742
9.618608
9.618992
9.619072
9.619452
9.621069
9.622051
9.622329
9.622832
9.622993
9.623239
9.623685
9.624187
9.625327
9.625369
9.626231
9.626606
9.626821
9.628486
9.628697
9.629902
9.630577
9.630979
9.631373
9.632065
9.632100
9.632183
9.632494
9.632519
9.632914
9.632998
9.633074
9.633267
9.635036
9.635977
9.636141
9.636196
9.636352
9.636486
9.636683
9.636829
9.637271
9.637918
9.638717
9.639604
9.639768
9.639894
9.640211
9.640284
9.640294
9.640453
9.640817
9.640924
9.641101
9.641263
9.641513
9.641855
9.642715
9.643511
9.643712
9.643833
9.644185
9.644579
9.644634
9.644736
9.644848
9.645806
9.645832
9.646186
9.646205
9.646696
9.647312
9.647756
9.647981
9.648127
9.648952
9.649264
9.650354
9.652170
9.652265
9.652480
9.652524
9.653214
9.653395
9.653458
9.653792
9.654901
9.654958
9.655109
9.655177
9.655236
9.655339
9.657103
9.657508
9.657744
9.658271
9.658468
9.658483
9.658574
9.659088
9.659141
9.659702
9.659895
9.660350
9.662339
9.663070
9.663071
9.663136
9.663355
9.664625
9.664775
9.664978
9.665086
9.665642
9.665742
9.665789
9.666197
9.667584
9.667768
9.668669
9.669514
9.669733
9.669832
9.670228
9.670434
9.670598
9.670688
9.671626
9.672492
9.672737
9.672780
9.673228
9.673255
9.673483
9.673970
9.674286
9.674297
9.674315
9.675436
9.675613
9.675619
9.675722
9.676046
9.676619
9.677867
9.678556
9.679359
9.679863
9.679875
9.681390
9.681552
9.682154
9.682761
9.682797
9.683488
9.685010
9.685361
9.685783
9.686299
9.686769
9.687792
9.688254
9.688834
9.689359
9.689498
9.689818
9.690451
9.690517
9.690826
9.690939
9.691097
9.691843
9.692473
9.693476
9.693920
9.694208
9.694469
9.694582
9.694915
9.696239
9.696792
9.697607
9.698215
9.698758
9.699492
9.699603
9.699777
9.701542
9.702545
9.703129
9.703414
9.703589
9.704046
9.704064
9.704242
9.704741
9.705511
9.705946
9.706018
9.706022
9.706262
9.707888
9.708746
9.709142
9.709567
9.710078
9.710142
9.711166
9.712127
9.712645
9.712804
9.713074
9.713288
9.714849
9.715112
9.715432
9.715659
9.716602
9.717529
9.718219
9.718248
9.718415
9.718759
9.718795
9.719142
9.719586
9.720043
9.720618
9.721621
9.721781
9.722116
9.722393
9.723350
9.724492
9.725241
9.725553
9.725650
9.725878
9.726603
9.726789
9.726845
9.727471
9.727654
9.727711
9.727723
9.728210
9.730797
9.731493
9.731771
9.731993
9.733336
9.733588
9.733783
9.734062
9.736871
9.737844
9.738154
9.738497
9.738647
9.739217
9.739727
9.740839
9.742017
9.742238
9.742561
9.742981
9.742989
9.743137
9.743543
9.743872
9.744143
9.745420
9.745561
9.745979
9.746694
9.747038
9.748488
9.748578
9.748673
9.749015
9.749131
9.749776
9.749987
9.750394
9.750607
9.750965
9.751403
9.751770
9.751808
9.752472
9.752590
9.752717
9.753284
9.753290
9.753492
9.754277
9.754999
9.755576
9.756234
9.756663
9.756783
9.757650
9.757684
9.757699
9.758053
9.758248
9.758506
9.759029
9.759756
9.759790
9.760030
9.760042
9.760131
9.761428
9.761549
9.761793
9.761883
9.763259
9.763288
9.763626
9.763805
9.764036
9.764797
9.765507
9.765856
9.766397
9.766795
9.767008
9.767078
9.767612
9.768166
9.768660
9.768971
9.769204
9.769260
9.769540
9.770492
9.770757
9.770873
9.771333
9.771485
9.771571
9.772037
9.772558
9.773039
9.773496
9.773700
9.774254
9.774273
9.774588
9.774603
9.775553
9.775805
9.776131
9.776237
9.776336
9.776934
9.777369
9.777578
9.777784
9.778490
9.779440
9.779960
9.780123
9.780165
9.780252
9.780586
9.780771
9.781075
9.782204
9.783487
9.783548
9.784675
9.785097
9.785582
9.786251
9.786403
9.786616
9.787696
9.787975
9.788553
9.789567
9.789567
9.789921
9.790203
9.790471
9.791559
9.793049
9.793125
9.793416
9.793532
9.793787
9.794035
9.794201
9.794946
9.795408
9.795657
9.795693
9.795965
9.796236
9.796742
9.796809
9.797622
9.798571
9.798666
9.798873
9.799150
9.799189
9.800332
9.800805
9.800839
9.801111
9.802734
9.803091
9.803173
9.803216
9.803697
9.803721
9.803741
9.803802
9.803855
9.804176
9.804328
9.804734
9.804890
9.805790
9.806147
9.806378
9.807605
9.808060
9.808219
9.808386
9.809635
9.809708
9.809948
9.810112
9.811157
9.811749
9.811887
9.812482
9.812635
9.813187
9.814336
9.814357
9.814380
9.814812
9.815139
9.815743
9.816661
9.816743
9.816792
9.817617
9.817745
9.818335
9.818701
9.818762
9.819165
9.819613
9.819713
9.820468
9.821012
9.821038
9.821263
9.821430
9.821489
9.821507
9.821627
9.821684
9.821852
9.822138
9.822257
9.822331
9.822991
9.823105
9.823475
9.823565
9.823613
9.824236
9.825424
9.826169
9.826458
9.826585
9.826893
9.826984
9.827011
9.827210
9.827544
9.828230
9.828262
9.828332
9.829528
9.829874
9.830631
9.830931
9.831860
9.831861
9.832116
9.832397
9.832571
9.834924
9.835711
9.835830
9.836424
9.836863
9.837209
9.839556
9.839749
9.840416
9.840735
9.841304
9.841613
9.841658
9.842268
9.843136
9.843686
9.843756
9.844610
9.846478
9.846744
9.847017
9.847239
9.847265
9.848171
9.848252
9.848546
9.848905
9.848951
9.849399
9.849626
9.849999
9.850677
9.850699
9.850999
9.851215
9.851408
9.851457
9.851472
9.852375
9.853002
9.855002
9.855047
9.855811
9.857059
9.857612
9.858025
9.859355
9.859357
9.860040
9.861129
9.861414
9.861632
9.861658
9.861978
9.862141
9.862297
9.862382
9.862670
9.862871
9.863398
9.863922
9.864006
9.864395
9.865694
9.865705
9.865756
9.866549
9.867043
9.867161
9.867234
9.867708
9.868180
9.868472
9.869358
9.869735
9.869909
9.870871
9.871531
9.871560
9.872512
9.873050
9.873394
9.873465
9.874073
9.874123
9.874506
9.875484
9.875500
9.876513
9.876774
9.876950
9.877357
9.877579
9.877720
9.877881
9.878109
9.878852
9.879004
9.879057
9.879325
9.879390
9.879987
9.880018
9.880819
9.881313
9.881509
9.882575
9.882592
9.882722
9.883392
9.883703
9.883773
9.883966
9.884194
9.885855
9.886045
9.886816
9.887240
9.887771
9.887910
9.887958
9.888097
9.888149
9.888514
9.888868
9.889546
9.889978
9.890079
9.890289
9.891236
9.891661
9.891745
9.891776
9.893543
9.893771
9.894243
9.894621
9.895597
9.895631
9.895866
9.896034
9.896892
9.896955
9.897152
9.897244
9.897458
9.897562
9.897814
9.897906
9.898180
9.898368
9.898385
9.898522
9.898745
9.900163
9.900219
9.900731
9.900906
9.901725
9.901891
9.902381
9.902438
9.903025
9.903243
9.903246
9.903658
9.904198
9.904650
9.904880
9.904886
9.904920
9.906031
9.906195
9.906223
9.906568
9.906626
9.907347
9.907464
9.907755
9.908182
9.909077
9.909088
9.909140
9.909492
9.910264
9.910686
9.910775
9.911701
9.912766
9.912798
9.912822
9.912992
9.913138
9.914132
9.914183
9.914236
9.915449
9.916958
9.917660
9.917673
9.917839
9.917854
9.918090
9.918353
9.918427
9.918587
9.919333
9.919676
9.919747
9.919874
9.919920
9.920121
9.920170
9.920296
9.920821
9.920996
9.921394
9.921951
9.922494
9.922508
9.922684
9.922813
9.923704
9.923803
9.924040
9.924381
9.924749
9.924900
9.925015
9.925880
9.926185
9.926248
9.926382
9.926467
9.926896
9.927003
9.927414
9.927426
9.927614
9.927634
9.927703
9.928162
9.928528
9.929855
9.930170
9.930248
9.930318
9.930836
9.931430
9.931812
9.932085
9.932104
9.932435
9.932441
9.932497
9.932720
9.932989
9.933397
9.933894
9.934460
9.934525
9.934853
9.934900
9.934949
9.935257
9.935349
9.936638
9.937536
9.937778
9.938008
9.938517
9.938553
9.939335
9.939981
9.940010
9.941050
9.941135
9.941196
9.942232
9.942281
9.942648
9.943055
9.943217
9.943678
9.944534
9.944636
9.944727
9.944811
9.945058
9.945349
9.945558
9.945674
9.945716
9.945802
9.947001
9.947462
9.949554
9.950266
9.950459
9.950592
9.950942
9.951849
9.951960
9.952559
9.952698
9.953801
9.954682
9.955681
9.955878
9.956247
9.957146
9.957398
9.958201
9.958489
9.959065
9.959234
9.960855
9.962029
9.962060
9.962109
9.962654
9.962773
9.963619
9.964588
9.964850
9.965117
9.965679
9.965786
9.966505
9.966946
9.966990
9.968513
9.968848
9.968956
9.969106
9.969166
9.969277
9.969746
9.970217
9.970228
9.970415
9.970419
9.970573
9.970973
9.971347
9.971735
9.971967
9.972665
9.972704
9.972739
9.972843
9.973213
9.974325
9.975419
9.975505
9.975664
9.977348
9.977787
9.977855
9.978562
9.979153
9.979259
9.979515
9.980223
9.981020
9.981435
9.981461
9.981478
9.982682
9.983346
9.983713
9.983843
9.984283
9.984676
9.985689
9.985976
9.986610
9.988130
9.988653
9.988693
9.988863
9.989234
9.989820
9.989935
9.990045
9.990194
9.990214
9.991377
9.991467
9.992179
9.992243
9.992453
9.992599
9.992764
9.992855
9.992966
9.993222
9.993405
9.993557
9.994595
9.994790
9.995088
9.995208
9.995926
9.995942
9.996171
9.996381
9.996405
9.996505
9.996893
9.998883
9.999645
9.999903
9.999973
10.000110
10.000937
10.001219
10.001518
10.001523
10.001664
10.003116
10.003460
10.003545
10.003621
10.003654
10.003976
10.004776
10.005411
10.006093
10.007835
10.008067
10.008773
10.009109
10.009848
10.010006
10.010815
10.011771
10.012205
10.012329
10.012647
10.012828
10.012938
10.013052
10.013542
10.014093
10.014788
10.015800
10.015896
10.016335
10.016799
10.016945
10.017038
10.017174
10.017636
10.017967
10.018700
10.019238
10.019506
10.020229
10.020842
10.021204
10.021447
10.021790
10.022073
10.022088
10.022351
10.023007
10.023202
10.023244
10.023298
10.023336
10.023588
10.023717
10.023874
10.024065
10.024611
10.024973
10.025094
10.025333
10.025556
10.025794
10.026081
10.026279
10.028075
10.029025
10.029203
10.029600
10.029808
10.029890
10.030450
10.030911
10.031135
10.031557
10.031830
10.031872
10.032081
10.033404
10.034729
10.035500
10.035703
10.035961
10.036304
10.036818
10.037391
10.037474
10.037674
10.037923
10.038370
10.038381
10.038836
10.038891
10.039075
10.039494
10.039522
10.039931
10.040071
10.043724
10.044348
10.044514
10.044606
10.045294
10.045511
10.045824
10.045959
10.046866
10.046968
10.047246
10.047472
10.048499
10.049386
10.050420
10.050589
10.050647
10.050674
10.050784
10.051093
10.051105
10.052062
10.052076
10.052538
10.052727
10.053472
10.053931
10.054128
10.055831
10.055895
10.056962
10.057397
10.058222
10.058322
10.058393
10.058434
10.058795
10.058827
10.059075
10.059505
10.059687
10.059761
10.059778
10.060053
10.060306
10.060706
10.060775
10.061047
10.061142
10.062941
10.063036
10.063115
10.063209
10.063235
10.063249
10.064082
10.064398
10.064647
10.065069
10.066175
10.066771
10.066924
10.067387
10.067638
10.067939
10.068321
10.068442
10.068509
10.068604
10.069036
10.069065
10.069096
10.069238
10.069448
10.069563
10.069783
10.070457
10.070716
10.071285
10.071889
10.072004
10.072460
10.073445
10.073905
10.074034
10.075252
10.075303
10.075744
10.075974
10.076505
10.076828
10.077962
10.078537
10.078616
10.078870
10.079339
10.079455
10.079873
10.080532
10.080924
10.080938
10.081247
10.081431
10.081526
10.081563
10.081770
10.081812
10.082298
10.082483
10.083794
10.084354
10.084475
10.084663
10.084741
10.085013
10.086731
10.086893
10.087157
10.087974
10.088077
10.088244
10.088549
10.088666
10.088895
10.089612
10.089821
10.089956
10.090246
10.090713
10.090893
10.090991
10.091687
10.091937
10.092780
10.092936
10.092957
10.093877
10.094289
10.094311
10.094774
10.094855
10.095464
10.096174
10.096194
10.096250
10.096251
10.096313
10.096507
10.097315
10.097353
10.097594
10.098000
10.098627
10.098842
10.098862
10.098864
10.098944
10.099021
10.100331
10.100920
10.101025
10.101664
10.102640
10.103578
10.104339
10.104540
10.105544
10.106430
10.106599
10.106977
10.107337
10.107622
10.107900
10.108985
10.109260
10.109295
10.109407
10.109616
10.109845
10.109874
10.109893
10.110466
10.110652
10.110826
10.111214
10.111343
10.111390
10.111956
10.112094
10.112360
10.113772
10.113829
10.114538
10.114968
10.115479
10.115514
10.115666
10.116245
10.116530
10.116834
10.118317
10.118760
10.118804
10.118848
10.118930
10.119164
10.119285
10.121124
10.121925
10.121935
10.122169
10.123268
10.123778
10.123908
10.123909
10.124416
10.124535
10.124645
10.125627
10.125788
10.126056
10.126331
10.126398
10.126701
10.126731
10.126961
10.127035
10.127810
10.127874
10.128145
10.128338
10.128486
10.128491
10.128890
10.129159
10.129647
10.129749
10.130145
10.130430
10.130436
10.130739
10.131243
10.132362
10.132392
10.132705
10.132802
10.132944
10.133265
10.133561
10.134265
10.134299
10.134458
10.134554
10.135332
10.135447
10.135945
10.135978
10.136086
10.136556
10.136873
10.137243
10.137339
10.137691
10.137814
10.138029
10.138184
10.138205
10.138229
10.138344
10.138790
10.138931
10.139350
10.139765
10.140102
10.140576
10.140845
10.141026
10.141225
10.141565
10.142134
10.142576
10.143597
10.144039
10.144195
10.144276
10.144461
10.144580
10.144794
10.144944
10.144989
10.145111
10.145876
10.145959
10.146013
10.146688
10.147638
10.147826
10.148063
10.148281
10.148520
10.149215
10.149418
10.149460
10.149512
10.149631
10.149856
10.150243
10.150385
10.150493
10.150717
10.151484
10.152006
10.152309
10.152512
10.152625
10.153062
10.153169
10.153928
10.154721
10.154728
10.154785
10.155147
10.156051
10.156774
10.156965
10.157173
10.157477
10.157727
10.157968
10.157988
10.158060
10.158061
10.158092
10.159097
10.159286
10.160112
10.160139
10.160387
10.160976
10.161528
10.161901
10.161992
10.162187
10.162737
10.163075
10.163338
10.163420
10.163974
10.164329
10.164337
10.164414
10.164414
10.164437
10.164707
10.164710
10.164982
10.165024
10.165248
10.165984
10.167423
10.167428
10.167538
10.168318
10.168452
10.170252
10.170551
10.171313
10.171546
10.172080
10.172698
10.173190
10.173668
10.173769
10.174216
10.174395
10.174804
10.174918
10.175472
10.175488
10.175528
10.175581
10.176004
10.176044
10.176361
10.177382
10.177948
10.178024
10.178041
10.178510
10.178546
10.178930
10.179009
10.179284
10.179352
10.179545
10.179691
10.179973
10.180272
10.180287
10.180535
10.181273
10.181849
10.182413
10.182727
10.182752
10.183334
10.183765
10.183784
10.183976
10.184109
10.184287
10.184960
10.185041
10.185260
10.185264
10.185726
10.186580
10.186836
10.186869
10.187101
10.187347
10.187436
10.187774
10.187860
10.187896
10.188185
10.188531
10.188611
10.188900
10.188925
10.189458
10.189553
10.189789
10.189863
10.190804
10.191963
10.192003
10.192848
10.192875
10.193338
10.193363
10.194514
10.194530
10.194808
10.195868
10.195923
10.196044
10.196137
10.196227
10.196379
10.196546
10.196788
10.196943
10.197756
10.197856
10.198140
10.198159
10.198385
10.198433
10.199114
10.199638
10.200750
10.200837
10.201191
10.203033
10.203109
10.203356
10.203577
10.203622
10.204273
10.205099
10.205132
10.205562
10.205607
10.205723
10.205737
10.206180
10.206364
10.206658
10.207091
10.207220
10.207253
10.207650
10.207721
10.208034
10.209015
10.209385
10.209676
10.210188
10.210555
10.210754
10.211050
10.211123
10.211365
10.212626
10.213282
10.213665
10.214762
10.214904
10.214970
10.215041
10.215603
10.215603
10.215837
10.216000
10.216143
10.216402
10.216404
10.216951
10.217768
10.217809
10.219036
10.219110
10.219567
10.219929
10.219995
10.220870
10.221000
10.221108
10.222211
10.222641
10.223110
10.223165
10.223355
10.223368
10.223512
10.223796
10.224732
10.224881
10.224964
10.225269
10.225276
10.225943
10.226804
10.226810
10.227525
10.227770
10.228612
10.228690
10.228693
10.229017
10.229395
10.229551
10.230237
10.230414
10.230678
10.232267
10.232346
10.232483
10.233078
10.234860
10.234906
10.234998
10.235723
10.235998
10.236881
10.236938
10.236984
10.237035
10.237597
10.237931
10.238132
10.238500
10.238640
10.238646
10.238911
10.239003
10.239101
10.239509
10.239630
10.239738
10.239820
10.240156
10.240527
10.240706
10.241110
10.241119
10.241348
10.241714
10.242215
10.242291
10.242434
10.242670
10.242759
10.242888
10.244037
10.244449
10.245179
10.245187
10.245330
10.245354
10.245366
10.245603
10.246238
10.246251
10.246710
10.246811
10.247369
10.247603
10.247728
10.247980
10.248504
10.249155
10.249711
10.250231
10.250495
10.250498
10.250675
10.250822
10.251468
10.251481
10.253158
10.253450
10.253586
10.253723
10.253743
10.254239
10.254367
10.254402
10.254675
10.254805
10.254936
10.255353
10.255426
10.255736
10.256043
10.256216
10.256926
10.257023
10.257369
10.257733
10.258191
10.258329
10.258358
10.258635
10.258802
10.259021
10.259314
10.259584
10.260313
10.260484
10.260576
10.261598
10.261815
10.263597
10.263876
10.264136
10.264278
10.265163
10.265206
10.265210
10.266098
10.266573
10.266980
10.267158
10.267423
10.267553
10.267816
10.268190
10.268201
10.269240
10.270597
10.271227
10.271273
10.271638
10.271890
10.271974
10.272329
10.272595
10.272614
10.272642
10.272752
10.272756
10.273275
10.274158
10.274239
10.274925
10.275264
10.275653
10.275673
10.275718
10.275971
10.276838
10.277165
10.277597
10.277624
10.277658
10.278068
10.278684
10.279371
10.279592
10.279913
10.279964
10.280003
10.280029
10.280200
10.280473
10.281857
10.282338
10.282612
10.282776
10.282883
10.283070
10.283324
10.283410
10.283585
10.283919
10.284343
10.284673
10.284836
10.285143
10.285388
10.285510
10.285641
10.285868
10.286421
10.286478
10.286513
10.287507
10.287897
10.287898
10.288633
10.289292
10.289390
10.289536
10.289770
10.289806
10.290709
10.290973
10.291142
10.291825
10.291950
10.292596
10.292689
10.293653
10.293727
10.294676
10.294730
10.294919
10.295219
10.296341
10.297671
10.298578
10.298598
10.299238
10.299331
10.300308
10.300324
10.300516
10.301104
10.301176
10.301497
10.301616
10.301635
10.302060
10.302324
10.302355
10.302667
10.302846
10.303147
10.305034
10.305452
10.305470
10.305904
10.305977
10.306110
10.306120
10.306859
10.306911
10.307249
10.307729
10.308017
10.308178
10.308562
10.308605
10.308985
10.310444
10.310489
10.310824
10.310843
10.310888
10.311077
10.311589
10.312037
10.312069
10.312872
10.312907
10.313374
10.313831
10.314216
10.314445
10.314744
10.315669
10.315919
10.315927
10.315945
10.316751
10.317251
10.317434
10.318010
10.318438
10.318813
10.319174
10.319660
10.320263
10.320441
10.320631
10.320810
10.320936
10.320999
10.321004
10.321301
10.321528
10.321700
10.321995
10.322272
10.322337
10.322764
10.323219
10.323450
10.323554
10.323637
10.324235
10.324507
10.324577
10.324674
10.325026
10.325616
10.326108
10.327014
10.327059
10.327371
10.327642
10.329230
10.329756
10.329832
10.330635
10.330720
10.332047
10.332889
10.332964
10.333078
10.333204
10.333864
10.334284
10.334470
10.334664
10.335012
10.336197
10.336304
10.336535
10.336584
10.337239
10.337407
10.337519
10.337561
10.337622
10.337798
10.338162
10.338306
10.338533
10.340022
10.340274
10.340986
10.341174
10.341840
10.342764
10.343513
10.343799
10.343933
10.343940
10.344030
10.344120
10.344379
10.344747
10.345521
10.345661
10.345834
10.346284
10.347008
10.347092
10.347540
10.348093
10.348112
10.348123
10.348281
10.348385
10.348732
10.348791
10.348803
10.348937
10.349734
10.349838
10.349897
10.349897
10.350153
10.350436
10.350691
10.350980
10.351039
10.351254
10.352742
10.353045
10.353977
10.354696
10.354923
10.355542
10.355948
10.356212
10.356238
10.356536
10.356693
10.356696
10.357080
10.357443
10.357613
10.357804
10.358018
10.358052
10.358550
10.358787
10.359030
10.359287
10.359591
10.359735
10.360178
10.360290
10.360401
10.360410
10.360472
10.360539
10.360722
10.361060
10.361162
10.361384
10.361500
10.361769
10.361771
10.361810
10.362300
10.362406
10.363137
10.363376
10.363991
10.364276
10.365499
10.365857
10.365950
10.366035
10.366380
10.366610
10.366868
10.367129
10.367984
10.368145
10.368148
10.369022
10.369323
10.369458
10.369972
10.370106
10.370547
10.370646
10.370741
10.371381
10.372930
10.373199
10.374074
10.374260
10.374591
10.374684
10.375124
10.375284
10.375844
10.376568
10.376582
10.376752
10.378467
10.378761
10.378906
10.379301
10.379520
10.379575
10.380071
10.380525
10.381591
10.381608
10.381954
10.382064
10.382119
10.382511
10.383860
10.384044
10.384670
10.385004
10.385008
10.385035
10.385483
10.385647
10.385703
10.386911
10.387150
10.388166
10.388262
10.388310
10.388570
10.389358
10.389398
10.389661
10.389722
10.389774
10.389897
10.389926
10.390253
10.390415
10.391159
10.391162
10.392544
10.392935
10.394371
10.394620
10.395360
10.395621
10.396004
10.396518
10.397532
10.397560
10.397607
10.398057
10.398200
10.398345
10.398476
10.398632
10.398805
10.398860
10.399076
10.399120
10.399620
10.399822
10.400288
10.400484
10.400917
10.401128
10.401589
10.402679
10.402713
10.402979
10.403369
10.403777
10.403911
10.404767
10.404910
10.405428
10.405523
10.406107
10.406526
10.406549
10.406933
10.406963
10.406993
10.407371
10.408011
10.408143
10.408279
10.408687
10.408862
10.409094
10.409801
10.410041
10.410132
10.410294
10.411236
10.411403
10.411529
10.411689
10.412744
10.412822
10.413807
10.414682
10.414780
10.414830
10.415545
10.415745
10.416281
10.416421
10.416489
10.416705
10.416798
10.417557
10.417653
10.417842
10.419915
10.420004
10.420773
10.420919
10.421169
10.422932
10.423033
10.423315
10.423763
10.424147
10.425330
10.425422
10.425624
10.426337
10.427663
10.428131
10.428328
10.428596
10.429306
10.429565
10.430162
10.430326
10.430523
10.430789
10.430862
10.431373
10.431579
10.432580
10.432722
10.432812
10.433344
10.433574
10.433611
10.434428
10.434516
10.434560
10.434957
10.435266
10.435267
10.435482
10.435905
10.436505
10.437469
10.438917
10.438934
10.439240
10.439526
10.439778
10.440141
10.440291
10.440931
10.441066
10.441159
10.441409
10.442131
10.442559
10.442581
10.442677
10.442944
10.443125
10.443297
10.443931
10.444397
10.444553
10.445107
10.445150
10.445562
10.445582
10.445858
10.446515
10.446662
10.446712
10.447644
10.448173
10.449088
10.449847
10.450102
10.450571
10.450976
10.451251
10.451427
10.451454
10.452073
10.452113
10.452194
10.452407
10.452683
10.452934
10.453016
10.453340
10.453738
10.453919
10.454034
10.454238
10.455004
10.455576
10.456005
10.456056
10.456226
10.457341
10.457355
10.457432
10.457640
10.457758
10.457956
10.458029
10.458925
10.459428
10.459454
10.459682
10.460208
10.460735
10.460837
10.461036
10.461600
10.461909
10.462977
10.463584
10.463666
10.464425
10.464572
10.464700
10.465404
10.465783
10.465980
10.466280
10.466693
10.467212
10.467225
10.467575
10.467620
10.467980
10.468407
10.468557
10.469447
10.469950
10.470168
10.470302
10.471156
10.471879
10.471932
10.472302
10.472558
10.472561
10.472796
10.472998
10.473284
10.473643
10.473645
10.474236
10.474644
10.475142
10.475649
10.476270
10.476470
10.476774
10.476947
10.477113
10.477898
10.478477
10.478508
10.478566
10.478651
10.479401
10.479667
10.480087
10.480109
10.480430
10.480563
10.480567
10.480725
10.480837
10.480882
10.481603
10.482161
10.482901
10.483047
10.483057
10.483071
10.484139
10.484399
10.485025
10.485784
10.486053
10.486955
10.487055
10.487292
10.487631
10.487824
10.487834
10.487966
10.488172
10.488421
10.489015
10.489482
10.490106
10.490191
10.490433
10.491096
10.491421
10.491527
10.491899
10.492263
10.492301
10.492757
10.493165
10.493404
10.493506
10.494362
10.494553
10.494686
10.494764
10.495534
10.495994
10.496354
10.497072
10.497305
10.497474
10.497808
10.498195
10.498465
10.498918
10.499399
10.499402
10.499435
10.499514
10.499729
10.499806
10.499835
10.499889
10.500143
10.500202
10.501088
10.501370
10.501464
10.501506
10.501661
10.502052
10.502817
10.502860
10.503152
10.504020
10.505322
10.505440
10.505505
10.505685
10.505925
10.505985
10.506163
10.506246
10.506577
10.507277
10.507360
10.507759
10.508897
10.509982
10.510010
10.510252
10.510275
10.510623
10.510994
10.511128
10.511500
10.512046
10.512403
10.513951
10.514118
10.514181
10.514691
10.514754
10.515114
10.516056
10.516779
10.516878
10.517378
10.517556
10.517867
10.518140
10.518397
10.518995
10.519245
10.519373
10.519706
10.519827
10.520037
10.520152
10.520384
10.520802
10.520922
10.521222
10.521234
10.522886
10.522982
10.523190
10.523540
10.523598
10.523619
10.523908
10.523971
10.524405
10.524584
10.524709
10.524934
10.525254
10.525373
10.525486
10.526356
10.527312
10.527332
10.527745
10.528160
10.528490
10.528573
10.528584
10.529051
10.529085
10.529304
10.529578
10.529988
10.530152
10.531010
10.531097
10.531238
10.531251
10.531850
10.532074
10.532159
10.532401
10.532603
10.533112
10.533351
10.533361
10.533525
10.534853
10.535056
10.535174
10.535522
10.536040
10.536372
10.536510
10.537745
10.537941
10.537946
10.538163
10.538172
10.538182
10.538237
10.538254
10.538944
10.539091
10.539112
10.539862
10.539962
10.540801
10.541621
10.541642
10.541870
10.543270
10.543499
10.543949
10.543972
10.544791
10.544958
10.545063
10.545422
10.546469
10.546882
10.546926
10.547280
10.547548
10.548014
10.548021
10.548533
10.549202
10.549839
10.550234
10.550263
10.550690
10.550901
10.550994
10.551141
10.552036
10.553064
10.553226
10.553574
10.553768
10.553774
10.554294
10.554607
10.555245
10.555632
10.555873
10.556451
10.556537
10.556606
10.556716
10.556888
10.557280
10.557330
10.557341
10.558107
10.558181
10.558466
10.558568
10.558647
10.558661
10.559225
10.559329
10.559782
10.560110
10.560249
10.560284
10.560303
10.560798
10.561221
10.562325
10.562475
10.562582
10.562633
10.562717
10.563450
10.563849
10.563980
10.565401
10.565528
10.565683
10.566675
10.566887
10.567389
10.567554
10.569030
10.569057
10.569118
10.569191
10.569322
10.569839
10.570926
10.571078
10.571239
10.571564
10.571750
10.572058
10.572453
10.572469
10.574483
10.574708
10.574932
10.575007
10.575596
10.575816
10.576074
10.576287
10.576493
10.577126
10.577512
10.577570
10.578137
10.578157
10.578210
10.579067
10.579553
10.580216
10.580597
10.580932
10.581201
10.581438
10.581612
10.581880
10.582417
10.582458
10.582782
10.583025
10.583103
10.583149
10.584910
10.585029
10.585200
10.585206
10.586674
10.587012
10.587113
10.587516
10.587646
10.588278
10.588368
10.588430
10.588521
10.589644
10.589880
10.590617
10.590631
10.590996
10.591633
10.591740
10.592279
10.592341
10.592443
10.592461
10.592467
10.592566
10.592757
10.592840
10.594193
10.594440
10.594606
10.595147
10.595279
10.595382
10.595463
10.595754
10.596267
10.597116
10.597413
10.598166
10.598821
10.598933
10.599126
10.599281
10.599858
10.599896
10.600086
10.600427
10.600431
10.600948
10.601235
10.601266
10.601428
10.601881
10.602160
10.602365
10.602550
10.602791
10.602998
10.603385
10.603492
10.603727
10.603766
10.604261
10.604337
10.604746
10.605693
10.606246
10.606520
10.606527
10.606745
10.606749
10.606956
10.607150
10.608014
10.608063
10.608071
10.608397
10.608441
10.608534
10.609056
10.609426
10.609607
10.610015
10.610072
10.610112
10.610224
10.610278
10.610422
10.610722
10.612683
10.612870
10.612874
10.613163
10.614017
10.614509
10.614641
10.614727
10.614880
10.614949
10.615001
10.615265
10.615423
10.615436
10.615775
10.616184
10.616388
10.616548
10.616931
10.617165
10.617463
10.617502
10.617892
10.617959
10.618291
10.618834
10.618979
10.619439
10.619452
10.619890
10.620301
10.620540
10.620542
10.620754
10.621101
10.621480
10.621831
10.622334
10.622947
10.623134
10.623250
10.623490
10.623653
10.623772
10.623860
10.624022
10.624415
10.624478
10.624635
10.624642
10.624793
10.625053
10.625804
10.625937
10.625960
10.626474
10.626599
10.626897
10.626908
10.627131
10.627149
10.627172
10.627615
10.628008
10.628138
10.628629
10.628650
10.629002
10.629380
10.630340
10.631040
10.631595
10.631703
10.631938
10.632269
10.632905
10.633569
10.634596
10.634763
10.635318
10.635681
10.635812
10.636213
10.637017
10.637759
10.638096
10.638363
10.638667
10.638804
10.639167
10.639331
10.639464
10.639736
10.639919
10.640127
10.640236
10.640420
10.640553
10.641315
10.641486
10.641603
10.642071
10.643257
10.644135
10.644691
10.644938
10.644940
10.645303
10.646044
10.648004
10.649286
10.649415
10.649734
10.649748
10.649757
10.649909
10.650262
10.650392
10.650594
10.650628
10.650724
10.651546
10.651626
10.651770
10.652115
10.652385
10.653096
10.653619
10.653831
10.654023
10.654772
10.654897
10.655063
10.655455
10.655644
10.655688
10.655777
10.655992
10.656672
10.656749
10.657041
10.657469
10.657614
10.658154
10.659507
10.659547
10.660074
10.660089
10.660115
10.660319
10.660621
10.660891
10.660897
10.661539
10.661916
10.662104
10.662123
10.662180
10.662378
10.662583
10.663367
10.664575
10.664683
10.664772
10.666282
10.666457
10.666985
10.667594
10.667672
10.667884
10.669182
10.669349
10.669471
10.669534
10.669753
10.669841
10.670083
10.670332
10.670528
10.671335
10.672320
10.672327
10.672632
10.672984
10.673938
10.674581
10.675370
10.675416
10.676332
10.676723
10.676760
10.676768
10.676841
10.676909
10.677308
10.677328
10.678280
10.678424
10.678433
10.679008
10.679201
10.679246
10.679430
10.680559
10.681341
10.681737
10.681904
10.682141
10.682565
10.682595
10.682767
10.682924
10.683008
10.683079
10.683231
10.683637
10.684394
10.684450
10.684606
10.684675
10.684685
10.685961
10.686209
10.686358
10.686487
10.687688
10.688012
10.688410
10.688537
10.689045
10.689481
10.689859
10.690733
10.691138
10.691294
10.691367
10.691459
10.691686
10.692121
10.692133
10.692310
10.692397
10.692408
10.692823
10.692875
10.693118
10.693436
10.694164
10.694242
10.694573
10.694813
10.694961
10.695175
10.695392
10.695441
10.695586
10.695722
10.696135
10.696335
10.696514
10.696553
10.696771
10.697053
10.697077
10.697113
10.697245
10.697884
10.697937
10.698276
10.698504
10.698970
10.699654
10.699988
10.700097
10.700869
10.701116
10.701842
10.702267
10.702650
10.702666
10.702929
10.703035
10.703235
10.703474
10.703580
10.705439
10.706077
10.706098
10.706739
10.706843
10.707085
10.707392
10.707522
10.707780
10.709190
10.709514
10.710072
10.710586
10.710592
10.711081
10.711295
10.711975
10.712707
10.712711
10.712933
10.713377
10.713504
10.713536
10.713554
10.713800
10.713998
10.714111
10.714267
10.714635
10.714881
10.716034
10.716142
10.717227
10.717588
10.718066
10.718124
10.718217
10.718327
10.718362
10.718518
10.719764
10.720369
10.721972
10.722290
10.722419
10.722860
10.723057
10.723155
10.723337
10.724387
10.725232
10.725246
10.726665
10.727766
10.727983
10.728209
10.728381
10.728893
10.730400
10.730691
10.731076
10.731186
10.731284
10.731330
10.731990
10.732104
10.732455
10.732592
10.732598
10.732903
10.733628
10.734391
10.734527
10.734866
10.735251
10.735483
10.736977
10.737036
10.737044
10.737231
10.737418
10.737715
10.737843
10.737865
10.737882
10.738366
10.738788
10.739376
10.739447
10.739643
10.741184
10.741858
10.742273
10.742311
10.742892
10.742963
10.743231
10.744280
10.745748
10.745821
10.746435
10.746860
10.747347
10.747404
10.747558
10.747819
10.748330
10.748860
10.748905
10.748993
10.749245
10.749382
10.749865
10.749969
10.750012
10.750129
10.750290
10.750896
10.751444
10.751454
10.752129
10.752733
10.754358
10.754905
10.755368
10.755498
10.756615
10.756688
10.757057
10.757065
10.757877
10.758054
10.758718
10.759853
10.760376
10.760486
10.760763
10.761145
10.761533
10.762118
10.762218
10.762541
10.762723
10.763339
10.764189
10.764330
10.764557
10.764630
10.765712
10.767015
10.767044
10.767370
10.767755
10.767933
10.768159
10.768396
10.768509
10.768952
10.769509
10.769891
10.770122
10.770456
10.770830
10.771891
10.771903
10.772360
10.772792
10.775009
10.775791
10.775964
10.776581
10.776945
10.777020
10.777181
10.777773
10.777959
10.778103
10.778407
10.779016
10.779278
10.779337
10.779359
10.780005
10.781535
10.781578
10.782013
10.782291
10.782699
10.782948
10.784159
10.784801
10.784934
10.784975
10.785264
10.785749
10.785803
10.786667
10.787150
10.787322
10.788050
10.788161
10.788453
10.788882
10.790157
10.790311
10.790884
10.791030
10.791409
10.791595
10.791656
10.792331
10.792387
10.792418
10.792604
10.792606
10.793029
10.793648
10.794523
10.795753
10.795795
10.796000
10.796105
10.796618
10.797231
10.797400
10.798707
10.798775
10.798942
10.799407
10.799544
10.800330
10.800434
10.801083
10.801304
10.801619
10.801642
10.801710
10.801969
10.802151
10.802257
10.802973
10.803157
10.803219
10.803761
10.803997
10.804099
10.804136
10.804138
10.805045
10.806417
10.806629
10.807074
10.807825
10.807933
10.808436
10.808743
10.808912
10.809311
10.809594
10.810342
10.810659
10.811177
10.811352
10.811473
10.811531
10.812104
10.812378
10.813315
10.813833
10.814144
10.814487
10.814554
10.815195
10.815377
10.815536
10.816108
10.816165
10.816361
10.817082
10.817165
10.817345
10.818603
10.819061
10.819062
10.819170
10.819242
10.819669
10.820285
10.821318
10.821522
10.821776
10.822011
10.822804
10.823173
10.824045
10.824540
10.824726
10.825323
10.825936
10.826624
10.827007
10.827010
10.827320
10.828084
10.828159
10.828410
10.828536
10.828669
10.829248
10.829363
10.829419
10.829470
10.829638
10.830028
10.830392
10.830657
10.831870
10.832370
10.832455
10.832531
10.832568
10.832573
10.833571
10.833581
10.834367
10.834584
10.835797
10.835871
10.836359
10.836762
10.837372
10.837584
10.837882
10.837983
10.838283
10.838288
10.838659
10.838802
10.838857
10.838862
10.839353
10.840097
10.840490
10.840797
10.841016
10.841073
10.841171
10.841183
10.841731
10.842340
10.842357
10.842469
10.842573
10.842751
10.843161
10.844324
10.844435
10.844471
10.844547
10.844603
10.845553
10.846152
10.846424
10.846469
10.847122
10.847302
10.847977
10.848166
10.848543
10.849535
10.849727
10.849951
10.850458
10.850500
10.850510
10.850593
10.851273
10.851429
10.851542
10.851825
10.852671
10.852776
10.852819
10.853251
10.853720
10.853775
10.853781
10.854044
10.854664
10.854697
10.854890
10.855161
10.855251
10.855394
10.855536
10.855827
10.856050
10.856429
10.856657
10.856941
10.857213
10.857658
10.858103
10.858116
10.858526
10.858919
10.859111
10.859327
10.861371
10.861641
10.861772
10.861800
10.862185
10.862358
10.862642
10.863136
10.863329
10.863621
10.865343
10.866653
10.867025
10.867611
10.868423
10.868524
10.868734
10.869245
10.869273
10.869527
10.869637
10.869729
10.870281
10.870332
10.871457
10.871517
10.871544
10.871663
10.871975
10.871998
10.872144
10.872182
10.872428
10.872562
10.872968
10.873088
10.873506
10.873874
10.874290
10.874514
10.875178
10.875512
10.875593
10.875637
10.876582
10.876603
10.876657
10.876966
10.877240
10.878208
10.878324
10.878761
10.878795
10.881314
10.881392
10.881780
10.881827
10.881911
10.881984
10.882067
10.882201
10.882299
10.882575
10.882604
10.882712
10.883504
10.883513
10.883650
10.883773
10.884562
10.884610
10.884625
10.884712
10.884781
10.885551
10.886151
10.886700
10.886907
10.886950
10.887296
10.888224
10.888227
10.889117
10.889979
10.890572
10.891729
10.891814
10.891946
10.892136
10.892971
10.893208
10.893241
10.893704
10.893891
10.894086
10.894475
10.894687
10.896091
10.896634
10.896898
10.896958
10.897511
10.897721
10.897879
10.898440
10.898651
10.898716
10.898976
10.899171
10.899626
10.900319
10.900633
10.900739
10.901121
10.901340
10.902333
10.904239
10.904764
10.904841
10.905090
10.905117
10.905169
10.906599
10.907979
10.908095
10.908462
10.908500
10.908572
10.909671
10.909686
10.909797
10.910006
10.910605
10.911268
10.911698
10.911769
10.911872
10.912338
10.912522
10.912640
10.913144
10.913153
10.913155
10.913174
10.913453
10.913706
10.913860
10.914919
10.915036
10.915059
10.915275
10.916507
10.916693
10.917020
10.917171
10.917216
10.917369
10.917480
10.918285
10.918919
10.919007
10.919083
10.919084
10.920465
10.920775
10.920907
10.920982
10.921469
10.921580
10.921940
10.922661
10.923124
10.924332
10.924923
10.925142
10.925393
10.925716
10.926311
10.926990
10.927062
10.927212
10.927359
10.927572
10.927809
10.927930
10.928199
10.928797
10.929615
10.929767
10.930346
10.931152
10.931161
10.931578
10.931624
10.931784
10.931807
10.932061
10.933787
10.934030
10.934785
10.934878
10.935466
10.935778
10.935903
10.935928
10.936351
10.936441
10.937160
10.937385
10.937532
10.938562
10.938904
10.939172
10.939254
10.939830
10.940475
10.940669
10.941472
10.941566
10.941973
10.942605
10.943257
10.945284
10.945390
10.945791
10.946039
10.946362
10.946601
10.947135
10.947194
10.947307
10.947681
10.947859
10.947950
10.948462
10.948773
10.949080
10.949082
10.949369
10.949476
10.949902
10.949953
10.950584
10.950770
10.950860
10.951611
10.951820
10.952291
10.952896
10.952982
10.954174
10.954321
10.954923
10.955121
10.955422
10.956150
10.956392
10.956455
10.956903
10.957214
10.957611
10.957747
10.957770
10.958385
10.958698
10.958894
10.960534
10.961012
10.961245
10.961313
10.962029
10.962237
10.962607
10.962786
10.962984
10.963036
10.963133
10.963187
10.963429
10.963480
10.964629
10.964853
10.965443
10.965564
10.965595
10.965832
10.966052
10.966178
10.966240
10.966489
10.967082
10.967323
10.967363
10.967672
10.967750
10.968632
10.969264
10.969501
10.969753
10.970036
10.970548
10.970605
10.971425
10.971442
10.972378
10.973085
10.973453
10.973498
10.973801
10.975081
10.975904
10.975993
10.978124
10.979477
10.979904
10.980258
10.980616
10.980643
10.981052
10.981659
10.981896
10.982113
10.982301
10.982396
10.982814
10.983364
10.983435
10.983842
10.985529
10.986197
10.986223
10.986474
10.986617
10.986792
10.986921
10.987310
10.987613
10.988226
10.988326
10.988566
10.989125
10.990206
10.991394
10.992699
10.992914
10.992942
10.993513
10.993897
10.994662
10.994728
10.994771
10.994790
10.994975
10.995445
10.995804
10.996144
10.996327
10.996621
10.996872
10.997005
10.997371
10.997509
10.997853
10.998189
10.998382
10.999117
11.000873
11.001050
11.001261
11.001747
11.002125
11.002410
11.003153
11.003601
11.003711
11.003933
11.003956
11.004020
11.004206
11.004510
11.005350
11.005354
11.005568
11.005993
11.006919
11.007010
11.007199
11.007556
11.007596
11.007786
11.008686
11.008943
11.009049
11.009279
11.009687
11.010066
11.010105
11.010599
11.011009
11.011013
11.011045
11.011817
11.011921
11.012675
11.012888
11.012975
11.013184
11.013774
11.013836
11.015190
11.015311
11.015342
11.015442
11.015448
11.015727
11.015912
11.015994
11.016017
11.016602
11.016800
11.017199
11.018785
11.018924
11.019169
11.019776
11.019984
11.020064
11.021383
11.021568
11.021598
11.021696
11.022198
11.022267
11.022439
11.022608
11.023041
11.023919
11.024020
11.024263
11.024467
11.024931
11.024996
11.025998
11.026550
11.027072
11.027904
11.028038
11.028409
11.028656
11.028890
11.029248
11.029304
11.029430
11.029466
11.029485
11.030059
11.030152
11.030947
11.031611
11.032054
11.032190
11.032466
11.032701
11.032960
11.033175
11.033338
11.033455
11.034059
11.034278
11.034420
11.035453
11.035982
11.036231
11.036343
11.036570
11.036993
11.037428
11.040656
11.040999
11.041480
11.041594
11.042159
11.042317
11.042601
11.042720
11.042742
11.043177
11.043228
11.043613
11.043727
11.043936
11.044853
11.045105
11.045109
11.045458
11.045620
11.046131
11.046351
11.047330
11.047949
11.048477
11.048778
11.049401
11.049487
11.049530
11.049568
11.049633
11.049911
11.050177
11.050369
11.050487
11.050495
11.051044
11.051246
11.051398
11.051791
11.051944
11.052140
11.052432
11.052726
11.052902
11.053356
11.053783
11.053875
11.053954
11.054198
11.054260
11.054483
11.054612
11.056471
11.056804
11.057143
11.057171
11.057698
11.058125
11.058228
11.058541
11.058667
11.058910
11.059091
11.059181
11.059980
11.059984
11.060040
11.060148
11.061530
11.061744
11.062212
11.062558
11.062640
11.063324
11.063523
11.064025
11.064820
11.066006
11.066097
11.066346
11.066404
11.066729
11.067680
11.067755
11.067868
11.067992
11.068476
11.070117
11.070249
11.070699
11.070764
11.071008
11.071399
11.071622
11.071651
11.072643
11.072704
11.073515
11.074395
11.074731
11.075143
11.075233
11.076203
11.076793
11.077460
11.077602
11.077739
11.077871
11.079768
11.080135
11.080386
11.080600
11.081276
11.082408
11.082411
11.083033
11.083040
11.083359
11.083681
11.083782
11.083803
11.084295
11.085116
11.085173
11.085261
11.085573
11.086098
11.086181
11.086552
11.086563
11.087352
11.087953
11.088022
11.088150
11.090279
11.090350
11.090385
11.090758
11.090898
11.090974
11.091264
11.091327
11.091366
11.092573
11.092584
11.093225
11.093228
11.093716
11.094138
11.094373
11.094793
11.094948
11.095078
11.095515
11.095823
11.095864
11.095908
11.099254
11.100380
11.100415
11.100484
11.101019
11.102156
11.103038
11.103583
11.103681
11.103758
11.104971
11.105220
11.105696
11.107156
11.107546
11.107790
11.108105
11.108236
11.108449
11.108864
11.109041
11.109163
11.109428
11.109651
11.110148
11.111245
11.111510
11.111947
11.112097
11.112277
11.112457
11.112543
11.112738
11.113351
11.115144
11.115806
11.116717
11.117648
11.118176
11.118382
11.118580
11.118660
11.118669
11.119391
11.120577
11.121296
11.121336
11.122257
11.122912
11.123736
11.123879
11.123984
11.124122
11.125603
11.125603
11.125688
11.125769
11.125896
11.126951
11.127732
11.127864
11.128182
11.128239
11.128881
11.129864
11.130055
11.130201
11.130600
11.130769
11.130834
11.130836
11.132621
11.133053
11.133233
11.133268
11.133526
11.133529
11.133553
11.133986
11.134233
11.134379
11.134697
11.135056
11.135600
11.136141
11.136843
11.137125
11.137615
11.138047
11.138066
11.139062
11.139221
11.140376
11.140632
11.141271
11.141322
11.141552
11.142191
11.142885
11.142945
11.143274
11.143507
11.143852
11.144621
11.144876
11.145378
11.145415
11.145805
11.146142
11.146268
11.146471
11.146862
11.147305
11.147656
11.147767
11.147958
11.148544
11.148595
11.149082
11.149230
11.149498
11.149519
11.150184
11.150276
11.150648
11.151257
11.152202
11.153468
11.153857
11.154947
11.156359
11.156371
11.156871
11.157208
11.157949
11.158351
11.158411
11.158732
11.159570
11.159962
11.161963
11.162679
11.163868
11.163894
11.163925
11.164469
11.166388
11.166421
11.166495
11.167076
11.167934
11.168279
11.169092
11.169798
11.169817
11.169988
11.169991
11.170622
11.171165
11.171930
11.172208
11.172210
11.172302
11.172969
11.173637
11.174120
11.174340
11.174927
11.175030
11.175554
11.176682
11.177121
11.177347
11.177848
11.178147
11.179060
11.179122
11.179912
11.180089
11.180257
11.181180
11.181204
11.182215
11.183125
11.183435
11.183650
11.183795
11.184142
11.184205
11.184207
11.184730
11.185844
11.186279
11.186922
11.187375
11.187390
11.188024
11.188583
11.188722
11.188941
11.189233
11.190355
11.190762
11.191029
11.191335
11.191582
11.191895
11.191901
11.192249
11.192651
11.192713
11.194161
11.194293
11.194392
11.194715
11.194875
11.195188
11.195609
11.195666
11.195890
11.196764
11.197444
11.197576
11.198771
11.200000
11.200201
11.200450
11.200867
11.200935
11.201643
11.202694
11.205062
11.205066
11.205096
11.205099
11.205304
11.206212
11.206930
11.207142
11.208423
11.210425
11.210966
11.211493
11.212352
11.212458
11.212646
11.212808
11.213903
11.214108
11.215060
11.215079
11.215394
11.215439
11.215578
11.215699
11.215870
11.216649
11.217780
11.219139
11.220475
11.220946
11.221898
11.224342
11.225320
11.225377
11.226322
11.226657
11.227187
11.227524
11.228517
11.229999
11.231847
11.232812
11.232909
11.232993
11.234402
11.235056
11.235762
11.235999
11.236676
11.237114
11.237903
11.239385
11.240346
11.240510
11.241035
11.241891
11.242022
11.242108
11.242507
11.242767
11.243385
11.243859
11.244137
11.244292
11.245396
11.245505
11.245824
11.246984
11.247087
11.249410
11.249419
11.250493
11.250682
11.250865
11.251778
11.252438
11.252919
11.253558
11.253662
11.253777
11.254125
11.255442
11.255639
11.256132
11.256621
11.257012
11.257109
11.257184
11.257850
11.258218
11.259864
11.260159
11.260462
11.260807
11.261107
11.262197
11.262582
11.262737
11.263218
11.263618
11.265072
11.266114
11.266315
11.266637
11.266741
11.268318
11.268749
11.268835
11.270569
11.270748
11.272990
11.274354
11.274452
11.274668
11.274828
11.275213
11.275770
11.275770
11.276738
11.277891
11.278584
11.278667
11.278892
11.279022
11.279085
11.279349
11.279559
11.280225
11.281053
11.281961
11.282475
11.282795
11.282950
11.283121
11.283273
11.283283
11.283642
11.284447
11.284453
11.284626
11.284685
11.285121
11.285284
11.285372
11.285676
11.287133
11.287371
11.287539
11.287577
11.288745
11.288971
11.291293
11.291699
11.292105
11.292110
11.292281
11.292338
11.294010
11.294220
11.294725
11.295522
11.295692
11.297538
11.297551
11.297637
11.297688
11.298409
11.300159
11.301593
11.302095
11.302391
11.302485
11.302527
11.302770
11.303298
11.303506
11.303920
11.304838
11.305092
11.305422
11.305769
11.305924
11.305970
11.306284
11.306574
11.306594
11.307169
11.307583
11.307605
11.308220
11.309749
11.309832
11.310235
11.311257
11.311630
11.312036
11.312160
11.312735
11.312922
11.313013
11.313026
11.313080
11.313607
11.313839
11.315982
11.316147
11.316280
11.316750
11.317375
11.318833
11.318959
11.319151
11.319185
11.319743
11.319830
11.321701
11.322901
11.323979
11.324169
11.324260
11.324315
11.324641
11.324932
11.326961
11.327577
11.327653
11.328905
11.328946
11.329629
11.329643
11.331054
11.331586
11.331934
11.332077
11.332259
11.332305
11.332422
11.332452
11.332619
11.332924
11.333295
11.333400
11.333790
11.334669
11.335279
11.335314
11.335355
11.335731
11.336045
11.336102
11.336854
11.337541
11.338127
11.339694
11.340358
11.341334
11.341551
11.341659
11.341858
11.342437
11.342710
11.342900
11.343325
11.343396
11.343519
11.343808
11.344114
11.344216
11.344542
11.346752
11.346896
11.346998
11.347260
11.348539
11.349388
11.349831
11.350042
11.350649
11.350840
11.351004
11.351128
11.351584
11.351695
11.353107
11.353495
11.353597
11.353605
11.353746
11.354259
11.354484
11.355062
11.355553
11.355874
11.356725
11.356756
11.357276
11.357684
11.358066
11.358232
11.358760
11.359728
11.359860
11.360762
11.361235
11.361511
11.361834
11.361995
11.362437
11.363788
11.364129
11.364217
11.365135
11.365337
11.365354
11.365854
11.366655
11.369016
11.369072
11.369875
11.370068
11.370176
11.370708
11.371675
11.371807
11.371863
11.372741
11.373549
11.374094
11.374337
11.374625
11.374982
11.375010
11.375071
11.375941
11.376298
11.376563
11.376929
11.377076
11.377297
11.378291
11.378298
11.378740
11.379496
11.379498
11.380146
11.380693
11.381392
11.381844
11.382183
11.382669
11.382743
11.383144
11.383661
11.384792
11.384797
11.385256
11.386726
11.386803
11.386846
11.387717
11.387794
11.387795
11.387880
11.388146
11.388563
11.389075
11.389489
11.390535
11.390595
11.390874
11.391421
11.391582
11.392015
11.392567
11.393431
11.393770
11.393917
11.393977
11.395540
11.396194
11.397101
11.398008
11.398633
11.401931
11.404165
11.404251
11.404533
11.404567
11.405138
11.405947
11.407887
11.408063
11.408282
11.408852
11.409753
11.410698
11.411392
11.411783
11.412038
11.412642
11.412730
11.413493
11.414790
11.414900
11.415391
11.415574
11.416344
11.417506
11.417632
11.417679
11.418550
11.419589
11.420139
11.420902
11.421915
11.422027
11.422755
11.423216
11.424169
11.425834
11.425855
11.426146
11.426313
11.426762
11.427407
11.427721
11.428465
11.429514
11.429774
11.429996
11.430339
11.433606
11.433681
11.433759
11.434443
11.435651
11.436410
11.437042
11.437418
11.437610
11.438260
11.438321
11.438653
11.439071
11.439287
11.439385
11.439888
11.441507
11.442266
11.443214
11.446261
11.446486
11.446641
11.447323
11.447906
11.447952
11.448273
11.448408
11.449509
11.450935
11.451446
11.453232
11.453959
11.453996
11.454145
11.454672
11.455091
11.455273
11.457233
11.457548
11.457968
11.458860
11.460033
11.460762
11.461280
11.462099
11.462745
11.463959
11.464583
11.465405
11.465878
11.466226
11.466423
11.468093
11.470289
11.470389
11.470449
11.471535
11.471580
11.471758
11.472480
11.472840
11.473000
11.473240
11.473929
11.473994
11.476043
11.476670
11.477759
11.477824
11.477861
11.477988
11.479008
11.482322
11.484649
11.485493
11.485649
11.487050
11.487395
11.487974
11.489104
11.489483
11.490545
11.490602
11.490937
11.491106
11.491970
11.492384
11.493363
11.495975
11.496091
11.496177
11.496336
11.497643
11.497829
11.499744
11.500754
11.501184
11.502553
11.503428
11.507197
11.507227
11.507859
11.509164
11.509280
11.509346
11.510093
11.510806
11.510814
11.510946
11.510983
11.511955
11.512597
11.514222
11.514302
11.515281
11.515631
11.516369
11.516803
11.517502
11.520805
11.520917
11.521783
11.522176
11.522913
11.523218
11.523598
11.526196
11.526540
11.527102
11.528402
11.528586
11.529495
11.530300
11.531017
11.531105
11.532942
11.533113
11.533171
11.533747
11.533888
11.534367
11.534539
11.534738
11.535061
11.537095
11.538046
11.540157
11.540202
11.540938
11.541522
11.541851
11.541975
11.542342
11.543420
11.545418
11.545601
11.545649
11.545807
11.547889
11.547972
11.548558
11.549168
11.549651
11.549740
11.550084
11.550202
11.550475
11.551871
11.552011
11.552200
11.553972
11.554098
11.555914
11.556957
11.556990
11.557145
11.557297
11.559072
11.559594
11.560086
11.560138
11.560200
11.561063
11.561181
11.561932
11.562449
11.563298
11.563757
11.563814
11.564896
11.565429
11.567947
11.568249
11.568420
11.569118
11.570256
11.571634
11.572931
11.573701
11.573815
11.576329
11.578890
11.580509
11.581948
11.582458
11.584514
11.584834
11.587398
11.587659
11.588776
11.591436
11.597817
11.598284
11.601165
11.601192
11.602950
11.603661
11.604129
11.604309
11.604487
11.607495
11.609828
11.612526
11.614094
11.616332
11.617553
11.619245
11.623806
11.624551
11.628459
11.629350
11.629850
11.631649
11.631880
11.635384
11.638322
11.638528
11.638798
