1.000000
1.018825
1.019262
1.022507
1.176983
1.258133
1.369752
1.464598
1.497273
1.567472
1.616753
1.645791
1.675184
1.689105
1.698989
1.708139
1.744432
1.813862
1.854037
1.916936
1.927911
2.060446
2.089506
2.101339
2.116611
2.129703
2.175733
2.207463
2.221439
2.233417
2.247539
2.286105
2.286114
2.317099
2.323517
2.334071
2.386936
2.394970
2.402361
2.403643
2.421294
2.428812
2.444762
2.462534
2.469215
2.472678
2.486164
2.547638
2.562846
2.566841
2.600729
2.601862
2.624769
2.632328
2.647469
2.659661
2.662498
2.668096
2.677764
2.680667
2.697594
2.707950
2.735012
2.754734
2.767007
2.767515
2.786310
2.796548
2.807448
2.824385
2.825580
2.827914
2.831511
2.832000
2.871409
2.922466
2.923916
2.924232
2.931320
2.934397
2.945794
2.947395
2.952308
2.956649
2.957722
2.958254
2.971481
2.973550
2.973921
2.978150
2.986800
2.987294
2.988071
2.992255
2.996736
3.002533
3.009448
3.013063
3.021010
3.032279
3.033089
3.037582
3.049444
3.054732
3.056529
3.057482
3.058259
3.060182
3.065768
3.066577
3.071110
3.072374
3.087600
3.091509
3.094830
3.095773
3.101290
3.105468
3.110542
3.112772
3.115302
3.115585
3.115842
3.123881
3.124347
3.125625
3.129538
3.130766
3.131010
3.134292
3.134577
3.134820
3.138510
3.139116
3.140803
3.147294
3.151844
3.152967
3.154502
3.155225
3.158038
3.159329
3.160659
3.171162
3.171292
3.172030
3.173456
3.173493
3.175289
3.175376
3.178595
3.190927
3.194056
3.194826
3.196723
3.203857
3.205324
3.208355
3.209066
3.211149
3.213088
3.213549
3.215052
3.217338
3.222569
3.225409
3.228009
3.228671
3.230641
3.230817
3.232730
3.237401
3.241763
3.242981
3.248770
3.250649
3.254030
3.254946
3.256805
3.256806
3.261666
3.264636
3.269283
3.272109
3.274650
3.275721
3.276626
3.284497
3.286426
3.288221
3.288255
3.289179
3.292486
3.293213
3.294012
3.296093
3.300344
3.301656
3.303394
3.304353
3.304830
3.307106
3.308918
3.311936
3.312923
3.314538
3.316089
3.316334
3.321265
3.321867
3.324965
3.329517
3.330769
3.331290
3.333914
3.335136
3.343197
3.347539
3.349030
3.350358
3.353817
3.356018
3.359104
3.359748
3.362085
3.364625
3.367626
3.368252
3.368975
3.369473
3.375087
3.375518
3.377232
3.381394
3.387124
3.387604
3.388469
3.389029
3.390388
3.391407
3.392509
3.393758
3.402394
3.402887
3.402980
3.405888
3.406811
3.407594
3.408259
3.409770
3.410871
3.411711
3.413090
3.413377
3.413908
3.415188
3.419264
3.420851
3.421066
3.423163
3.424034
3.426114
3.432092
3.432865
3.433375
3.435394
3.438736
3.439683
3.440440
3.442768
3.445278
3.446332
3.447767
3.447852
3.448692
3.449711
3.449823
3.452013
3.453590
3.455351
3.457884
3.462112
3.468844
3.470659
3.472556
3.476944
3.477318
3.478626
3.479423
3.481109
3.483959
3.486619
3.491818
3.491847
3.492429
3.493369
3.495487
3.500021
3.501664
3.502284
3.505553
3.506118
3.507573
3.509449
3.511637
3.511854
3.516902
3.519106
3.519227
3.519741
3.520838
3.524017
3.524225
3.525628
3.527977
3.529140
3.531480
3.533413
3.535285
3.536341
3.537302
3.538599
3.539334
3.545535
3.547420
3.551072
3.551317
3.554251
3.555372
3.555817
3.555920
3.556988
3.557127
3.557399
3.558069
3.560615
3.560836
3.561892
3.562267
3.565639
3.566823
3.571374
3.577020
3.577220
3.582884
3.583168
3.590282
3.591765
3.592113
3.593240
3.595752
3.596610
3.597931
3.598274
3.598354
3.598697
3.598902
3.599522
3.600264
3.600435
3.601227
3.602274
3.604231
3.604743
3.608226
3.608414
3.608452
3.608677
3.609240
3.610912
3.611797
3.612443
3.613102
3.615021
3.615117
3.615245
3.615928
3.618552
3.619748
3.619927
3.620168
3.621974
3.622710
3.623786
3.623953
3.624256
3.624893
3.625971
3.626098
3.630189
3.632792
3.634261
3.634417
3.634812
3.635327
3.635327
3.637481
3.638997
3.640125
3.642878
3.644133
3.646963
3.647353
3.647460
3.647524
3.648062
3.648393
3.648513
3.650143
3.651516
3.652494
3.653054
3.653527
3.657427
3.659345
3.660254
3.662707
3.663473
3.664269
3.665478
3.666359
3.667764
3.668976
3.670182
3.670284
3.675962
3.676553
3.678196
3.682017
3.682104
3.683109
3.684327
3.685350
3.685640
3.689792
3.692187
3.693428
3.694372
3.695765
3.695931
3.697367
3.697451
3.697648
3.699258
3.700263
3.701688
3.702893
3.703161
3.705318
3.705583
3.709661
3.710346
3.711587
3.711624
3.712642
3.713821
3.714392
3.714853
3.715357
3.717727
3.718863
3.718894
3.719977
3.720259
3.722270
3.722638
3.723224
3.723734
3.725312
3.725568
3.726414
3.727356
3.727436
3.728020
3.729205
3.732578
3.734092
3.734383
3.734969
3.738694
3.739589
3.739910
3.740088
3.740649
3.741795
3.744117
3.744888
3.745146
3.746222
3.748808
3.749158
3.752503
3.753120
3.755558
3.756236
3.756556
3.756916
3.757568
3.758634
3.762394
3.765275
3.766548
3.766722
3.767441
3.768268
3.768421
3.768979
3.770323
3.775632
3.775645
3.778787
3.779602
3.780252
3.781309
3.781324
3.781469
3.782258
3.782395
3.782630
3.782765
3.782809
3.783211
3.783313
3.784747
3.785368
3.786311
3.786809
3.787359
3.788685
3.790558
3.790816
3.791769
3.791842
3.796571
3.796908
3.798324
3.799021
3.799067
3.799325
3.802079
3.803236
3.803891
3.807817
3.807838
3.808988
3.809716
3.810416
3.811195
3.811741
3.811789
3.813091
3.813334
3.814051
3.814753
3.815199
3.818019
3.818297
3.820801
3.821459
3.821737
3.822583
3.822746
3.823600
3.823658
3.824525
3.824946
3.825654
3.825990
3.827561
3.827642
3.828214
3.828355
3.829014
3.831391
3.832541
3.833024
3.834554
3.835055
3.837305
3.837787
3.838147
3.844327
3.844676
3.845828
3.847319
3.847960
3.848660
3.850031
3.850970
3.851075
3.851511
3.852919
3.853224
3.853738
3.853757
3.854449
3.856302
3.856750
3.857700
3.858727
3.861977
3.862473
3.862497
3.862592
3.863882
3.866080
3.866611
3.868471
3.873640
3.873642
3.876222
3.876331
3.876349
3.877563
3.877676
3.878887
3.880838
3.880907
3.880927
3.881533
3.881740
3.884218
3.885893
3.885986
3.886080
3.887499
3.887516
3.887621
3.888191
3.888401
3.888805
3.888815
3.888979
3.889163
3.890292
3.900804
3.900971
3.902581
3.902633
3.904123
3.905643
3.905973
3.906886
3.907304
3.909908
3.909966
3.911443
3.911902
3.912059
3.912072
3.913277
3.913318
3.913930
3.914194
3.914819
3.915285
3.916063
3.916320
3.916364
3.917689
3.918025
3.918234
3.918974
3.920026
3.922436
3.923543
3.924356
3.924566
3.926195
3.926213
3.926655
3.926668
3.927537
3.927666
3.930628
3.931426
3.931592
3.931890
3.932581
3.933356
3.933707
3.934576
3.934594
3.935881
3.936463
3.936903
3.937349
3.938771
3.939274
3.939900
3.940062
3.942746
3.944509
3.945274
3.947205
3.947374
3.948277
3.948321
3.948836
3.950634
3.951194
3.951767
3.953250
3.954093
3.954373
3.954930
3.956033
3.956526
3.956726
3.959607
3.960938
3.961031
3.961089
3.961544
3.961888
3.962307
3.962754
3.963546
3.965178
3.965974
3.966929
3.967131
3.967135
3.967638
3.968646
3.969318
3.970844
3.970889
3.971458
3.971716
3.972269
3.972966
3.973404
3.973694
3.974005
3.974677
3.975288
3.975487
3.976051
3.976249
3.976704
3.978047
3.978337
3.978382
3.979199
3.980404
3.981578
3.981749
3.982103
3.982225
3.982608
3.983408
3.985312
3.985712
3.986405
3.988046
3.989157
3.991583
3.992976
3.993165
3.993763
3.993912
3.994522
3.998268
3.999028
3.999713
3.999828
4.000589
4.002741
4.002826
4.003067
4.003077
4.003093
4.003102
4.003960
4.003963
4.004033
4.004745
4.004933
4.004986
4.005016
4.008675
4.008849
4.008965
4.009142
4.009207
4.009241
4.010459
4.011469
4.011679
4.011705
4.012068
4.013600
4.013927
4.016356
4.016545
4.016614
4.016741
4.016893
4.017139
4.017239
4.017630
4.019262
4.019283
4.020047
4.020366
4.021934
4.022230
4.022437
4.023493
4.024216
4.024933
4.025487
4.025907
4.026972
4.027418
4.028697
4.028941
4.029131
4.029199
4.030099
4.030347
4.030684
4.032100
4.032102
4.032346
4.033833
4.034860
4.034936
4.035663
4.035919
4.035924
4.036690
4.038560
4.038746
4.039209
4.039918
4.040986
4.041403
4.045071
4.045191
4.045684
4.045950
4.046012
4.047729
4.048365
4.048437
4.048972
4.049351
4.050056
4.050634
4.052472
4.053711
4.053891
4.054427
4.054536
4.054858
4.055179
4.056389
4.058172
4.058248
4.059716
4.059747
4.060291
4.060611
4.062345
4.063109
4.063738
4.064157
4.065221
4.066092
4.066887
4.066939
4.067606
4.068718
4.069504
4.070851
4.070885
4.071567
4.071791
4.074747
4.075234
4.076853
4.077852
4.078660
4.078874
4.078899
4.079548
4.080331
4.080470
4.080792
4.082729
4.083849
4.084064
4.085203
4.085509
4.085894
4.086250
4.086717
4.087328
4.088109
4.088720
4.089435
4.089872
4.090551
4.091846
4.092653
4.093374
4.093753
4.093914
4.094378
4.095039
4.095095
4.095243
4.095516
4.095881
4.096610
4.096992
4.097011
4.097777
4.098685
4.098803
4.098811
4.098952
4.099115
4.100161
4.100729
4.100790
4.101187
4.101908
4.101975
4.102319
4.103054
4.104037
4.104765
4.106673
4.106844
4.106997
4.107021
4.107190
4.107587
4.107588
4.107749
4.107988
4.109393
4.110400
4.110838
4.111043
4.111790
4.112210
4.113150
4.114210
4.114374
4.114895
4.115332
4.116381
4.116467
4.118040
4.118254
4.118300
4.119052
4.119098
4.120751
4.120868
4.121426
4.121554
4.122215
4.122993
4.123627
4.124304
4.124828
4.125165
4.125250
4.125631
4.126355
4.126703
4.127436
4.127790
4.128278
4.128863
4.129109
4.129183
4.129316
4.130215
4.130702
4.130958
4.131855
4.132298
4.132484
4.132855
4.133235
4.134172
4.134392
4.134767
4.135128
4.135466
4.137021
4.137883
4.138592
4.139619
4.140066
4.140313
4.141797
4.142148
4.143175
4.143363
4.144227
4.144817
4.147091
4.147802
4.148170
4.148170
4.148356
4.148476
4.149230
4.150002
4.150283
4.150476
4.150781
4.150894
4.151046
4.151527
4.151659
4.151841
4.153218
4.153539
4.155653
4.156175
4.157836
4.157848
4.157913
4.157943
4.158617
4.159592
4.159672
4.159966
4.160200
4.160820
4.160882
4.160912
4.161233
4.161316
4.161355
4.161361
4.161603
4.161871
4.162302
4.162475
4.163158
4.163768
4.163861
4.164088
4.164266
4.165258
4.166042
4.166481
4.167133
4.167556
4.167565
4.169246
4.169460
4.170227
4.170321
4.171005
4.171195
4.171497
4.172329
4.172870
4.173112
4.173337
4.174109
4.175488
4.175667
4.176846
4.177249
4.177442
4.177693
4.177708
4.177842
4.177844
4.178255
4.178800
4.179052
4.179333
4.180538
4.181534
4.182238
4.182375
4.184408
4.184804
4.184863
4.185139
4.185410
4.185604
4.186506
4.186588
4.186689
4.187154
4.187257
4.187806
4.189012
4.189538
4.190907
4.191108
4.191406
4.191501
4.192929
4.192944
4.193027
4.194869
4.195344
4.196068
4.197383
4.198363
4.199011
4.199399
4.199982
4.202992
4.203029
4.204482
4.204631
4.205436
4.205654
4.206404
4.206949
4.207003
4.207166
4.208309
4.209126
4.209782
4.209893
4.210423
4.210502
4.210693
4.211160
4.211162
4.211218
4.211499
4.211507
4.212187
4.212875
4.213721
4.213812
4.214415
4.215014
4.215149
4.215241
4.215919
4.216545
4.217416
4.218642
4.219153
4.220212
4.220872
4.221395
4.222153
4.222821
4.223594
4.224954
4.225311
4.225537
4.225631
4.225708
4.225780
4.227166
4.227275
4.227471
4.228159
4.228498
4.229152
4.229468
4.229748
4.229909
4.230181
4.230933
4.231966
4.232653
4.232981
4.233304
4.233425
4.234096
4.234237
4.235162
4.236022
4.236632
4.236904
4.237878
4.239448
4.239500
4.239815
4.240137
4.240388
4.240550
4.240585
4.240730
4.242521
4.242627
4.242685
4.243593
4.243839
4.245005
4.245749
4.246121
4.247048
4.247416
4.247434
4.247777
4.249105
4.249459
4.249911
4.250388
4.250397
4.250656
4.250726
4.251442
4.251884
4.252028
4.252175
4.252323
4.254337
4.254380
4.254615
4.254761
4.255049
4.255170
4.255391
4.255592
4.256064
4.257639
4.257821
4.258694
4.260009
4.260705
4.261326
4.262361
4.262859
4.263325
4.264419
4.264775
4.264807
4.264808
4.265989
4.266006
4.267519
4.267597
4.267920
4.268339
4.268870
4.269959
4.270059
4.270131
4.270838
4.271689
4.272377
4.272600
4.273278
4.273319
4.273413
4.273459
4.273840
4.274185
4.274651
4.274660
4.274909
4.275050
4.275452
4.276196
4.276393
4.276932
4.276999
4.277158
4.277368
4.277845
4.278136
4.278703
4.278958
4.279411
4.279957
4.281089
4.281540
4.281933
4.281942
4.282362
4.282800
4.283495
4.283999
4.284964
4.286139
4.287516
4.288150
4.288459
4.289852
4.290278
4.290439
4.290445
4.291965
4.292670
4.292796
4.292822
4.293648
4.293810
4.294455
4.294658
4.294888
4.295086
4.295123
4.295203
4.295258
4.296504
4.296518
4.296605
4.296643
4.297814
4.300011
4.300698
4.302293
4.302305
4.302935
4.303531
4.303591
4.303880
4.303967
4.304792
4.304879
4.305070
4.305127
4.305544
4.305832
4.305936
4.306495
4.307096
4.307506
4.308657
4.308798
4.308800
4.308883
4.308988
4.309251
4.310291
4.311843
4.312408
4.312822
4.313045
4.313192
4.313197
4.313264
4.313618
4.314505
4.314654
4.314679
4.315130
4.315135
4.315184
4.316271
4.316530
4.316814
4.316993
4.317230
4.317345
4.317729
4.317864
4.318309
4.318330
4.318910
4.318960
4.319098
4.319454
4.320045
4.320183
4.320323
4.320763
4.321151
4.321312
4.321499
4.321843
4.321980
4.322289
4.322347
4.322618
4.323327
4.323753
4.324246
4.324425
4.324445
4.324675
4.324723
4.325079
4.325107
4.325360
4.325457
4.325463
4.325534
4.325686
4.325827
4.326186
4.326251
4.326321
4.326821
4.326845
4.327329
4.327357
4.327719
4.327973
4.328066
4.328104
4.328587
4.328799
4.329051
4.329185
4.329192
4.329527
4.330268
4.330287
4.330394
4.330495
4.330505
4.330533
4.330676
4.331058
4.331214
4.331407
4.331555
4.331664
4.331665
4.331773
4.331870
4.332133
4.332167
4.332483
4.332614
4.332856
4.333272
4.333352
4.333955
4.334307
4.334325
4.334777
4.334803
4.335218
4.335393
4.335554
4.336035
4.336391
4.336664
4.336837
4.337006
4.337008
4.337380
4.337551
4.338054
4.338089
4.338253
4.339042
4.339419
4.339461
4.339478
4.339529
4.340302
4.340596
4.340836
4.341132
4.341280
4.341309
4.341492
4.341691
4.341806
4.342021
4.342412
4.342462
4.342577
4.342583
4.342638
4.342877
4.343191
4.343228
4.343230
4.343277
4.343571
4.344306
4.344427
4.344504
4.344594
4.344677
4.344958
4.345001
4.345016
4.345018
4.345079
4.345185
4.345340
4.345470
4.345477
4.345480
4.345489
4.345670
4.346011
4.346058
4.346346
4.346370
4.346521
4.346593
4.346633
4.346819
4.346974
4.347059
4.347084
4.347149
4.347422
4.347476
4.347546
4.347627
4.347747
4.347754
4.347787
4.347789
4.347791
4.347921
4.347955
4.347965
4.348015
4.348021
4.348055
4.348073
4.348108
4.348132
4.348141
4.348148
4.348151
4.348192
4.348202
4.348208
4.348223
4.348225
4.348226
4.348227
4.348227
4.348227
4.348227
4.348227
4.348228
