1.000000
1.211096
1.331520
1.348787
1.390339
1.399825
1.400905
1.459267
1.485508
1.486318
1.498635
1.519157
1.522161
1.541825
1.546685
1.619153
1.624615
1.637450
1.642479
1.662830
1.680489
1.696814
1.697939
1.714247
1.714519
1.738990
1.739306
1.762825
1.771003
1.780894
1.804372
1.810865
1.844280
1.847724
1.859928
1.876396
1.878102
1.878987
1.899491
1.902322
1.903615
1.906953
1.910921
1.928344
1.949673
1.952593
1.953843
1.961467
1.974904
1.975784
1.976158
1.977590
1.985741
1.995382
2.001692
2.002011
2.003572
2.008263
2.017943
2.018871
2.029385
2.030768
2.035830
2.037635
2.045625
2.061429
2.065446
2.076278
2.076861
2.083454
2.085731
2.099664
2.100120
2.112521
2.117606
2.118023
2.124346
2.124399
2.137257
2.140703
2.149819
2.151271
2.152860
2.156703
2.160453
2.161595
2.166141
2.167076
2.169465
2.172853
2.174410
2.176012
2.177453
2.193246
2.197128
2.199399
2.199735
2.201511
2.201753
2.207238
2.214762
2.224033
2.224575
2.227140
2.227751
2.228173
2.230847
2.240630
2.243642
2.244597
2.247618
2.249672
2.254455
2.255803
2.256041
2.259803
2.260527
2.261848
2.262071
2.263792
2.264908
2.265045
2.265116
2.265762
2.269343
2.272965
2.280854
2.282022
2.282315
2.287497
2.290337
2.294069
2.294459
2.298172
2.300474
2.303687
2.303878
2.305423
2.306917
2.307199
2.311127
2.316198
2.321697
2.322930
2.323862
2.325190
2.329344
2.331281
2.331861
2.332643
2.334319
2.334333
2.338261
2.342404
2.344528
2.345090
2.348997
2.355862
2.356701
2.359240
2.362962
2.368289
2.372178
2.373127
2.374190
2.377562
2.378051
2.379738
2.380970
2.383180
2.384649
2.385891
2.392186
2.392627
2.396147
2.400675
2.401550
2.402986
2.407289
2.408132
2.408382
2.408820
2.409326
2.409561
2.409696
2.411263
2.411736
2.412323
2.417398
2.417887
2.418846
2.422064
2.423115
2.423351
2.424763
2.425656
2.426326
2.426712
2.430100
2.434802
2.438909
2.447396
2.454916
2.457580
2.458502
2.459093
2.461481
2.462149
2.463636
2.465357
2.466537
2.466588
2.467344
2.467373
2.467389
2.467727
2.467976
2.468441
2.469197
2.469342
2.470133
2.470210
2.471117
2.473090
2.473287
2.473919
2.476004
2.476655
2.477453
2.478589
2.480695
2.483737
2.487816
2.489048
2.489338
2.489551
2.489833
2.490238
2.491537
2.492373
2.492424
2.493493
2.496893
2.498363
2.499323
2.499599
2.501319
2.502589
2.502627
2.503003
2.503088
2.503962
2.504862
2.505205
2.512722
2.513852
2.515729
2.519893
2.520958
2.525030
2.526034
2.526132
2.527146
2.527151
2.527298
2.528152
2.529382
2.530982
2.532140
2.532154
2.532563
2.533671
2.535627
2.536144
2.536206
2.539617
2.539668
2.543644
2.544336
2.546920
2.549189
2.551653
2.552842
2.554885
2.555243
2.557341
2.558125
2.559319
2.560402
2.561145
2.563948
2.567248
2.567477
2.568306
2.570408
2.570793
2.572551
2.575726
2.575941
2.577635
2.578830
2.580317
2.581863
2.582091
2.582093
2.585397
2.585584
2.587625
2.588360
2.589223
2.589330
2.590171
2.591519
2.591550
2.592399
2.598476
2.598965
2.599574
2.599909
2.602241
2.603415
2.605431
2.609939
2.610209
2.610459
2.611568
2.612748
2.613735
2.616166
2.616914
2.618516
2.618977
2.619596
2.619700
2.620283
2.623064
2.624256
2.625165
2.626529
2.627163
2.630521
2.636205
2.637331
2.639019
2.641846
2.641961
2.642519
2.644014
2.645128
2.645878
2.646722
2.651546
2.652241
2.652260
2.654016
2.655007
2.656387
2.658817
2.659135
2.659876
2.661237
2.661280
2.664107
2.665008
2.665597
2.666512
2.667445
2.667823
2.668199
2.669188
2.669456
2.670086
2.670316
2.671476
2.672283
2.674312
2.676874
2.679650
2.680465
2.680917
2.681026
2.681142
2.681327
2.682294
2.682578
2.682792
2.682796
2.683864
2.684097
2.684194
2.684877
2.685721
2.686943
2.687695
2.687879
2.690228
2.690887
2.691009
2.691128
2.694052
2.695786
2.696022
2.696748
2.696797
2.697559
2.699062
2.700857
2.701232
2.703591
2.704424
2.705493
2.706332
2.706530
2.707201
2.708028
2.708260
2.709090
2.709686
2.716066
2.717533
2.717757
2.717923
2.719154
2.719835
2.720338
2.720351
2.721208
2.721285
2.722868
2.722985
2.723127
2.723275
2.724128
2.725329
2.726313
2.729920
2.731827
2.732108
2.732225
2.732274
2.732792
2.733124
2.734991
2.735117
2.736749
2.737509
2.737584
2.738925
2.739501
2.739529
2.739729
2.739883
2.740053
2.740222
2.741179
2.742519
2.743230
2.743798
2.744206
2.745318
2.745603
2.746906
2.747163
2.748275
2.749994
2.750853
2.752325
2.752841
2.752927
2.753066
2.754654
2.755786
2.756450
2.757564
2.757829
2.758090
2.758569
2.759029
2.759604
2.759651
2.760142
2.760505
2.761209
2.761990
2.762570
2.763299
2.764195
2.764782
2.765658
2.766609
2.766957
2.767081
2.767302
2.767484
2.767818
2.769634
2.770173
2.770228
2.770398
2.771607
2.771610
2.772599
2.776196
2.777172
2.777465
2.779160
2.779231
2.779286
2.780009
2.780041
2.781067
2.781073
2.783031
2.783784
2.784331
2.784369
2.787110
2.789418
2.790818
2.790893
2.792022
2.792104
2.792176
2.792870
2.793767
2.795718
2.796278
2.796927
2.797270
2.797931
2.799296
2.799926
2.801565
2.803361
2.803434
2.803889
2.804889
2.806417
2.807851
2.810818
2.811311
2.812563
2.813609
2.813756
2.813779
2.815284
2.816180
2.817217
2.817373
2.818230
2.818342
2.820579
2.820698
2.821083
2.822449
2.824330
2.824391
2.825136
2.826159
2.834418
2.834507
2.835105
2.837739
2.838562
2.838582
2.838929
2.839327
2.841559
2.844955
2.845862
2.846659
2.846994
2.849152
2.850189
2.852757
2.854150
2.854752
2.854979
2.855038
2.858320
2.858418
2.859791
2.859829
2.860348
2.862122
2.865460
2.866745
2.868887
2.871141
2.872124
2.872168
2.872672
2.876002
2.876281
2.876310
2.876527
2.877278
2.877580
2.877874
2.878124
2.879860
2.879868
2.880054
2.880245
2.881179
2.882180
2.882674
2.883185
2.883207
2.883719
2.884575
2.884620
2.886827
2.888698
2.889004
2.890135
2.890439
2.892436
2.892676
2.895143
2.895200
2.895932
2.896310
2.900784
2.902369
2.902837
2.903327
2.903366
2.904593
2.906051
2.906286
2.906419
2.907758
2.908050
2.909017
2.910026
2.910302
2.911945
2.914313
2.915259
2.915584
2.917402
2.917964
2.917976
2.919568
2.920919
2.923436
2.923709
2.923990
2.924478
2.924734
2.926030
2.926170
2.927579
2.928670
2.931586
2.932873
2.933182
2.933591
2.938293
2.938910
2.939139
2.939448
2.943263
2.943594
2.944371
2.944955
2.944980
2.944999
2.945000
2.945329
2.946428
2.947079
2.948359
2.948533
2.949182
2.951716
2.951961
2.954968
2.955488
2.955991
2.956956
2.957016
2.957707
2.958596
2.961223
2.961503
2.962384
2.963540
2.964082
2.965065
2.965375
2.965908
2.966862
2.967722
2.967839
2.968034
2.969565
2.971731
2.972525
2.973858
2.976974
2.977634
2.978844
2.979425
2.979580
2.980845
2.981361
2.981409
2.981577
2.982287
2.982520
2.982710
2.983921
2.984227
2.985304
2.986617
2.987596
2.988273
2.988864
2.988907
2.989638
2.989833
2.991348
2.991997
2.992041
2.992430
2.993490
2.993604
2.993951
2.994565
2.994601
2.997510
2.998968
2.999707
3.001598
3.002739
3.003354
3.003479
3.005769
3.007169
3.008092
3.008819
3.009743
3.012143
3.012320
3.014340
3.016833
3.017254
3.017332
3.017896
3.018206
3.020201
3.020406
3.021373
3.029608
3.029965
3.030581
3.032029
3.033543
3.036088
3.038942
3.041027
3.043671
3.044646
3.045190
3.045534
3.045997
3.046312
3.046837
3.047570
3.048640
3.051217
3.053365
3.054981
3.056004
3.056091
3.057094
3.058010
3.058687
