1.000000
1.026082
1.049778
1.052302
1.070107
1.153222
1.166706
1.180708
1.186957
1.191394
1.191790
1.236313
1.236489
1.255009
1.257970
1.270964
1.281247
1.297617
1.299571
1.308467
1.318212
1.319659
1.330862
1.338471
1.338963
1.344114
1.348287
1.351185
1.362434
1.363235
1.363506
1.364935
1.373651
1.381869
1.387905
1.394240
1.395297
1.396346
1.398951
1.401690
1.402744
1.410440
1.413991
1.420680
1.424422
1.427076
1.429232
1.429375
1.429485
1.429759
1.431745
1.434550
1.434970
1.435400
1.440200
1.440282
1.443597
1.445238
1.446170
1.448440
1.466758
1.470219
1.471038
1.473820
1.475416
1.478877
1.480123
1.480458
1.483840
1.484025
1.484130
1.495484
1.497989
1.499851
1.500934
1.501335
1.501580
1.503655
1.503874
1.505646
1.506088
1.509224
1.515110
1.516420
1.517731
1.517911
1.523761
1.524346
1.525826
1.526083
1.527106
1.527319
1.527772
1.531667
1.532781
1.532896
1.536050
1.536980
1.538301
1.539800
1.540015
1.540038
1.540711
1.542934
1.543316
1.544972
1.545336
1.545485
1.547711
1.547753
1.549401
1.549735
1.551239
1.551972
1.552227
1.554783
1.554878
1.555641
1.555691
1.556135
1.556821
1.556984
1.557993
1.560897
1.562138
1.563325
1.563351
1.569381
1.570347
1.571707
1.572088
1.572718
1.575739
1.576077
1.576438
1.579031
1.581333
1.581379
1.584232
1.584973
1.585118
1.587205
1.588044
1.588993
1.590216
1.596745
1.599596
1.600233
1.600377
1.602148
1.604027
1.604152
1.604547
1.605823
1.606209
1.607971
1.608938
1.609189
1.610209
1.615532
1.616421
1.616476
1.617435
1.618595
1.619457
1.619663
1.620530
1.621679
1.622264
1.623552
1.624334
1.625317
1.626361
1.628173
1.628368
1.628882
1.630172
1.630202
1.630330
1.631701
1.633177
1.634249
1.634417
1.635648
1.635652
1.637291
1.637410
1.638428
1.639868
1.640299
1.640310
1.642804
1.646053
1.647328
1.647460
1.648278
1.649669
1.651674
1.653241
1.653748
1.654121
1.654241
1.654356
1.655442
1.655769
1.657614
1.658855
1.659054
1.659682
1.659725
1.660488
1.661390
1.662536
1.662981
1.663411
1.664587
1.664711
1.665795
1.666615
1.666937
1.668017
1.668661
1.668996
1.669588
1.669607
1.671689
1.672278
1.672398
1.672496
1.673179
1.673290
1.677376
1.677404
1.677441
1.678511
1.678845
1.679051
1.679477
1.681760
1.682196
1.682643
1.683038
1.683081
1.684526
1.684731
1.684839
1.685123
1.686680
1.687087
1.687210
1.687485
1.689363
1.689803
1.690121
1.691615
1.693726
1.694976
1.695151
1.696016
1.696967
1.697417
1.697788
1.698714
1.699368
1.699480
1.699610
1.699803
1.700464
1.700769
1.702892
1.703229
1.705958
1.706174
1.706541
1.706592
1.706673
1.706726
1.707014
1.707021
1.707337
1.707662
1.707881
1.708917
1.708953
1.708986
1.710222
1.710588
1.710602
1.711102
1.711427
1.711466
1.712691
1.712711
1.715758
1.716916
1.717798
1.718048
1.718296
1.718553
1.718663
1.719024
1.719188
1.719242
1.720729
1.720761
1.720857
1.720945
1.721431
1.722498
1.722527
1.722622
1.722940
1.723160
1.724688
1.724900
1.725229
1.725824
1.727784
1.727864
1.727937
1.728997
1.729120
1.729857
1.730271
1.730428
1.731063
1.731328
1.731707
1.732644
1.732730
1.732823
1.732870
1.732881
1.732895
1.734080
1.734154
1.734444
1.734507
1.734784
1.735153
1.736721
1.736747
1.736799
1.736840
1.737431
1.737945
1.738108
1.738827
1.738854
1.739066
1.740516
1.741420
1.742759
1.743438
1.743998
1.745027
1.745153
1.745302
1.745896
1.746101
1.746214
1.746477
1.746618
1.746631
1.747041
1.747063
1.747303
1.748340
1.749628
1.750826
1.751196
1.751722
1.751772
1.752593
1.752621
1.752965
1.753603
1.753617
1.754709
1.755003
1.755575
1.755830
1.755954
1.756143
1.756246
1.756715
1.757213
1.758167
1.758201
1.758435
1.758749
1.758879
1.759554
1.760098
1.760193
1.760728
1.760815
1.761624
1.761872
1.762106
1.762967
1.763170
1.763214
1.763563
1.763918
1.764995
1.765253
1.765633
1.766265
1.766762
1.768311
1.768320
1.768829
1.769143
1.769462
1.769726
1.769819
1.770754
1.772577
1.772904
1.772933
1.773325
1.773579
1.774325
1.774997
1.775124
1.775134
1.775229
1.775268
1.775624
1.775814
1.776340
1.777873
1.778124
1.778364
1.778663
1.778762
1.779363
1.779696
1.779763
1.779777
1.779983
1.780398
1.780540
1.780853
1.781072
1.781344
1.781539
1.782038
1.782442
1.782777
1.783057
1.783643
1.783850
1.783914
1.783946
1.783967
1.784444
1.784931
1.785361
1.785497
1.786062
1.786680
1.786844
1.787129
1.787659
1.788972
1.789287
1.789430
1.789432
1.789434
1.790164
1.790610
1.791053
1.791258
1.791557
1.791558
1.791751
1.791773
1.792130
1.792571
1.792932
1.792989
1.793210
1.793641
1.793675
1.794418
1.794422
1.794770
1.795282
1.795445
1.795783
1.795991
1.797015
1.797359
1.797794
1.797842
1.798048
1.798584
1.798842
1.799186
1.799469
1.799485
1.799525
1.799900
1.800445
1.802035
1.802094
1.802322
1.802340
1.802354
1.802571
1.802816
1.803116
1.803174
1.803444
1.803632
1.803817
1.805453
1.806429
1.807431
1.808114
1.808460
1.809248
1.810309
1.810874
1.810926
1.810938
1.812185
1.812323
1.812794
1.813643
1.814420
1.814646
1.814649
1.815211
1.815951
1.816084
1.816114
1.816145
1.816230
1.816589
1.816725
1.817536
1.818251
1.818471
1.818913
1.818934
1.819154
1.819418
1.820832
1.821594
1.821676
1.823047
1.823367
1.823643
1.823665
1.823886
1.824505
1.825052
1.825239
1.825303
1.825529
1.825645
1.825830
1.825870
1.827102
1.827472
1.827564
1.827593
1.827697
1.828571
1.828684
1.829366
1.829737
1.830642
1.831689
1.831690
1.832129
1.832691
1.833193
1.833283
1.833630
1.833814
1.833885
1.834066
1.834146
1.834276
1.834350
1.834504
1.834581
1.835237
1.835475
1.835575
1.835586
1.835693
1.835697
1.835973
1.836218
1.836502
1.836522
1.836764
1.836869
1.836894
1.837084
1.838403
1.839005
1.839119
1.839302
1.839651
1.840312
1.840811
1.840946
1.841490
1.841567
1.841847
1.842744
1.842840
1.843458
1.843783
1.843822
1.844227
1.844290
1.844320
1.844484
1.844552
1.844734
1.844748
1.845244
1.845374
1.845667
1.845988
1.846040
1.846060
1.846398
1.846621
1.846709
1.846891
1.846916
1.847418
1.847818
1.848087
1.848088
1.848251
1.848997
1.849053
1.849475
1.849596
1.849858
1.849963
1.850236
1.850370
1.850419
1.850613
1.850675
1.850805
1.850827
1.851186
1.851331
1.851373
1.851556
1.851621
1.851769
1.851922
1.852356
1.852893
1.853574
1.853780
1.853861
1.854963
1.855123
1.855322
1.855411
1.855451
1.855472
1.855679
1.856205
1.856246
1.856316
1.856398
1.856599
1.856756
1.857325
1.857330
1.857396
1.857609
1.857821
1.857885
1.858003
1.858109
1.858372
1.858558
1.859034
1.859143
1.859765
1.859817
1.859982
1.860016
1.860407
1.860414
1.860533
1.860634
1.860811
1.861076
1.861794
1.861839
1.862777
1.862979
1.863011
1.863388
1.863738
1.864550
1.864720
1.865015
1.865271
1.865274
1.866066
1.866883
1.866925
1.867155
1.867293
1.867462
1.867776
1.867891
1.868649
1.870101
1.870305
1.870369
1.870406
1.871035
1.871489
1.871527
1.871695
1.871738
1.871917
1.872103
1.872172
1.872372
1.872498
1.872768
1.872838
1.872865
1.872879
1.873367
1.874097
1.874475
1.874909
1.875117
1.875284
1.875391
1.875443
1.876156
1.876263
1.876630
1.876770
1.876873
1.876978
1.877228
1.878307
1.878466
1.878755
1.878893
1.878960
1.878989
1.879447
1.879779
1.880633
1.881453
1.881579
1.881633
1.882305
1.882448
1.882470
1.882652
1.883368
1.883655
1.883677
1.883844
1.883857
1.884020
1.884552
1.884643
1.884655
1.884677
1.884827
1.885161
1.885228
1.885420
1.885738
1.885791
1.885903
1.886598
1.886854
1.886913
1.887382
1.887412
1.887430
1.887602
1.887704
1.887779
1.887806
1.887869
1.888631
1.888861
1.889011
1.889160
1.889207
1.889269
1.889412
1.889987
1.890374
1.890931
1.891389
1.891768
1.892201
1.893135
1.893389
1.893411
1.893637
1.893877
1.893901
1.893913
1.894107
1.894259
1.894283
1.894605
1.894763
1.895498
1.895798
1.895836
1.895939
1.896025
1.896200
1.896759
1.897556
1.897731
1.898339
1.898424
1.899304
1.899541
1.899658
1.899660
1.901277
1.901333
1.901646
1.901897
1.902301
1.902771
1.903089
1.903919
1.904099
1.904507
1.904603
1.905020
1.905225
1.906173
1.906199
1.906201
1.906488
1.906751
1.906878
1.907011
1.907295
1.907330
1.907391
1.907401
1.907619
1.908016
1.908325
1.909367
1.909732
1.909969
1.910097
1.910191
1.910421
1.910458
1.910467
1.911147
1.911772
1.912163
1.912699
1.912959
1.913172
1.913217
1.913355
1.913380
1.913732
1.913968
1.914276
1.914685
1.914919
1.914998
1.915254
1.915848
1.916254
1.916497
1.916569
1.916700
1.916801
1.916911
1.916955
1.917156
1.917228
1.917619
1.917792
1.917924
1.918694
1.919429
1.919960
1.920118
1.920707
1.921015
1.921164
1.921591
1.921651
1.921840
1.922020
1.922235
1.922265
1.922593
1.922750
1.923030
1.923137
1.923506
1.923551
1.923901
1.924371
1.924422
1.924438
1.924694
1.925654
1.925765
1.925784
1.925812
1.925972
1.926267
1.926841
1.927074
1.927144
1.927539
1.927627
1.927791
1.927843
1.927880
1.928176
1.929127
1.929286
1.929392
1.929443
1.929915
1.930060
1.930119
1.930237
1.930376
1.930425
1.930688
1.930753
1.930782
1.931103
1.931311
1.931322
1.931529
1.931782
1.931807
1.932349
1.932888
1.932926
1.932989
1.933154
1.933381
1.933388
1.933748
1.933872
1.933950
1.934008
1.934114
1.934133
1.934595
1.934762
1.935014
1.935036
1.935280
1.935447
1.935514
1.935860
1.935910
1.936107
1.936142
1.936277
1.936335
1.936488
1.936746
1.937104
1.937345
1.937626
1.937766
1.938488
1.938727
1.938864
1.939315
1.939467
1.939598
1.939602
1.940060
1.940130
1.940177
1.940184
1.940388
1.940485
1.940531
1.940534
1.940696
1.940995
1.941027
1.941536
1.941620
1.941864
1.942145
1.942592
1.942923
1.942982
1.943213
1.943632
1.943791
1.944325
1.944665
1.944699
1.944758
1.944777
1.944958
1.945046
1.945131
1.945326
1.945382
1.945384
1.945770
1.946085
1.946088
1.947273
1.947560
1.947969
1.948487
1.948819
1.948883
1.949018
1.949123
1.949206
1.949459
1.949888
1.949965
1.950047
1.950635
1.950714
1.951178
1.951200
1.951452
1.951698
1.951893
1.951907
1.951940
1.951981
1.952032
1.952358
1.952423
1.952597
1.953228
1.953270
1.953444
1.953462
1.953666
1.953725
1.953840
1.954010
1.954254
1.954341
1.954411
1.954665
1.954704
1.954737
1.954749
1.955075
1.955141
1.955490
1.955496
1.955854
1.955916
1.956017
1.956696
1.956798
1.956858
1.956959
1.957739
1.957849
1.958628
1.958908
1.959004
1.959724
1.960352
1.960472
1.960559
1.960830
1.961426
1.961497
1.962001
1.962373
1.962497
1.962522
1.962668
1.962770
1.963346
1.963588
1.963804
1.963835
1.963890
1.964056
1.964083
1.964319
1.964405
1.964715
1.964894
1.965149
1.965465
1.965611
1.965640
1.965732
1.966029
1.966096
1.966205
1.966485
1.966722
1.966789
1.966860
1.966944
1.967146
1.967223
1.967463
1.967791
1.967793
1.967845
1.967941
1.968433
1.968488
1.968508
1.968746
1.968932
1.969364
1.970005
1.970089
1.970107
1.970163
1.970901
1.971247
1.971279
1.971430
1.971734
1.971993
1.972100
1.972315
1.972359
1.972429
1.972519
1.972762
1.972860
1.972937
1.972997
1.973474
1.973508
1.973605
1.973643
1.973854
1.973990
1.974309
1.974370
1.974387
1.974534
1.974790
1.975080
1.975530
1.975704
1.975729
1.975970
1.976126
1.976231
1.976416
1.976473
1.976750
1.976826
1.977116
1.977315
1.977427
1.977434
1.977862
1.977972
1.978308
1.978581
1.978706
1.978747
1.979189
1.979230
1.979345
1.979420
1.979456
1.979857
1.979943
1.980239
1.980751
1.980947
1.981528
1.981556
1.981754
1.981806
1.981899
1.982034
1.982227
1.982337
1.982901
1.983293
1.983438
1.984038
1.984093
1.984156
1.984177
1.984865
1.984983
1.985051
1.985179
1.985213
1.985433
1.985515
1.985572
1.985655
1.985942
1.985990
1.986270
1.986308
1.986705
1.986715
1.986798
1.987221
1.987262
1.987308
1.987681
1.987719
1.987724
1.987765
1.987891
1.987922
1.988430
1.988562
1.988665
1.988807
1.989014
1.989164
1.989315
1.989556
1.989692
1.989707
1.990299
1.990428
1.990465
1.991102
1.991302
1.991602
1.992536
1.992860
1.993021
1.993372
1.993683
1.993960
1.993976
1.994022
1.994264
1.994554
1.994715
1.994974
1.994979
1.995065
1.995083
1.995150
1.995365
1.995481
1.995518
1.996047
1.996229
1.996409
1.996448
1.996691
1.996966
1.997039
1.997054
1.997093
1.997835
1.998155
1.998354
1.998925
1.999158
1.999203
1.999301
1.999605
1.999624
1.999639
1.999685
2.000880
2.000948
2.000997
2.001086
2.001246
2.001791
2.002057
2.002828
2.002872
2.003007
2.003077
2.003158
2.003209
2.003281
2.003389
2.003456
2.003611
2.003821
2.003857
2.004105
2.004472
2.004548
2.004795
2.004871
2.005053
2.005161
2.005345
2.005390
2.005419
2.005849
2.006196
2.006399
2.006435
2.006615
2.006800
2.006901
2.006941
2.007047
2.007186
2.007272
2.007402
2.007477
2.007493
2.007513
2.007540
2.007668
2.007797
2.007956
2.008261
2.008371
2.008496
2.008575
2.008645
2.008828
2.009548
2.010185
2.010312
2.010607
2.010610
2.010740
2.011099
2.011200
2.011687
2.011775
2.011867
2.012184
2.012302
2.012400
2.012414
2.012746
2.012814
2.012925
2.012969
2.013444
2.013582
2.013591
2.013610
2.013921
2.013958
2.013979
2.014040
2.014050
2.014080
2.014177
2.014438
2.014524
2.014619
2.014653
2.015227
2.015393
2.015574
2.015655
2.015680
2.015785
2.015835
2.015903
2.015923
2.016039
2.016225
2.016437
2.016462
2.016632
2.016790
2.016944
2.017038
2.017101
2.017205
2.017267
2.017321
2.017987
2.018129
2.018143
2.018188
2.018261
2.018364
2.018421
2.018467
2.018644
2.018750
2.018826
2.018989
2.019161
2.019220
2.019246
2.019284
2.019381
2.019495
2.019670
2.019683
2.019689
2.019720
2.019829
2.019848
2.019939
2.020088
2.020126
2.020326
2.020453
2.020597
2.020937
2.020982
2.021070
2.021132
2.021262
2.021356
2.021544
2.021561
2.021621
2.021749
2.021819
2.021819
2.021911
2.022071
2.022403
2.022838
2.022995
2.023108
2.023163
2.023196
2.023413
2.023436
2.023473
2.023543
2.023830
2.024207
2.024215
2.024592
2.024600
2.025026
2.025057
2.025331
2.025427
2.025727
2.025758
2.025763
2.025861
2.026226
2.026337
2.026489
2.026506
2.026565
2.026782
2.026905
2.027044
2.027192
2.027308
2.027442
2.027593
2.027599
2.027844
2.027866
2.028121
2.028156
2.028576
2.028628
2.028778
2.028781
2.028872
2.028934
2.028984
2.029039
2.029046
2.029150
2.029171
2.029231
2.029345
2.029454
2.029454
2.029462
2.029535
2.029641
2.029645
2.029879
2.030126
2.030290
2.030319
2.030345
2.030640
2.030938
2.031038
2.031228
2.031239
2.031366
2.031384
2.031725
2.031811
2.031946
2.031947
2.032042
2.032072
2.032361
2.032418
2.032472
2.032532
2.032555
2.032660
2.032701
2.032995
2.033022
2.033620
2.033746
2.033770
2.033982
2.034011
2.034133
2.034209
2.034416
2.034624
2.034977
2.035385
2.035424
2.035564
2.035779
2.035807
2.035994
2.036119
2.036158
2.036255
2.036493
2.036511
2.036618
2.036904
2.037064
2.037313
2.037330
2.037515
2.037610
2.037862
2.038030
2.038062
2.038118
2.038221
2.038407
2.038559
2.038871
2.038900
2.038947
2.038981
2.039015
2.039075
2.039088
2.039164
2.039360
2.039437
2.039453
2.039620
2.039796
2.039967
2.040169
2.040231
2.040553
2.040819
2.040957
2.040973
2.041043
2.041128
2.041452
2.041506
2.041621
2.041714
2.041942
2.042126
2.042210
2.042243
2.042251
2.042496
2.042923
2.042990
2.043005
2.043671
2.043826
2.043870
2.043878
2.043931
2.043972
2.044027
2.044602
2.044733
2.044792
2.044931
2.045053
2.045929
2.045951
2.046139
2.046247
2.046396
2.046463
2.046582
2.046840
2.046861
2.046886
2.047013
2.047372
2.047662
2.047884
2.047925
2.048496
2.048512
2.048747
2.048760
2.048866
2.048926
2.049084
2.049232
2.049673
2.050329
2.050380
2.050484
2.050532
2.050560
2.050605
2.050613
2.050694
2.050773
2.050914
2.050946
2.051427
2.051435
2.052010
2.052119
2.052130
2.052358
2.052391
2.052551
2.052704
2.052933
2.052964
2.053473
2.053488
2.053495
2.053524
2.053629
2.054000
2.054008
2.054195
2.054308
2.054395
2.054474
2.054474
2.054628
2.054847
2.054865
2.055154
2.055377
2.055639
2.055819
2.055878
2.056090
2.057086
2.057091
2.057122
2.057351
2.057419
2.057460
2.057462
2.057540
2.057561
2.057586
2.057709
2.057769
2.057812
2.058240
2.058605
2.058888
2.058974
2.059137
2.059284
2.059292
2.059630
2.059632
2.059697
2.059806
2.059900
2.060202
2.060281
2.060473
2.060706
2.060764
2.060898
2.061404
2.061495
2.061562
2.061634
2.061665
2.061670
2.061695
2.062290
2.062499
2.062638
2.063195
2.063264
2.063548
2.063563
2.063931
2.064063
2.064184
2.064303
2.064333
2.064367
2.064564
2.064578
2.064630
2.064668
2.064788
2.064836
2.065303
2.065406
2.065835
2.066007
2.066060
2.066078
2.066260
2.066986
2.067088
2.067222
2.067252
2.067357
2.067407
2.067507
2.067641
2.067738
2.067789
2.068236
2.068697
2.068737
2.068996
2.069151
2.069192
2.069220
2.069266
2.069396
2.069723
2.069873
2.070076
2.070165
2.070357
2.070500
2.070544
2.070606
2.071028
2.071062
2.071074
2.071200
2.071301
2.071311
2.071565
2.071778
2.072005
2.072032
2.072177
2.072379
2.072490
2.072565
2.073185
2.073524
2.073533
2.073718
2.073822
2.074313
2.074385
2.074434
2.074440
2.074458
2.074734
2.075255
2.075374
2.075484
2.075645
2.075658
2.075712
2.075799
2.075802
2.075856
2.075950
2.076302
2.076390
2.076710
2.076714
2.076728
2.077022
2.077049
2.077353
2.077653
2.078088
2.078097
2.078208
2.078379
2.079158
2.079620
2.079634
2.079664
2.079923
2.080035
2.080052
2.080059
2.080084
2.080127
2.080202
2.080260
2.080363
2.080465
2.080527
2.081084
2.081109
2.081219
2.081273
2.081273
2.081393
2.081506
2.081733
2.081784
2.081785
2.081854
2.081888
2.082108
2.082201
2.082239
2.082353
2.082418
2.082559
2.082833
2.083019
2.083251
2.083264
2.083332
2.083645
2.083743
2.083748
2.083816
2.084318
2.084458
2.084673
2.084950
2.085070
2.085207
2.085209
2.085479
2.085574
2.085647
2.085829
2.085885
2.085906
2.085915
2.086049
2.086067
2.086188
2.086228
2.086516
2.086564
2.086903
2.087111
2.087347
2.087736
2.088048
2.088247
2.088413
2.088680
2.088681
2.088918
2.088933
2.089205
2.089224
2.089228
2.089318
2.089419
2.089435
2.089568
2.089686
2.089724
2.089869
2.089884
2.089970
2.090181
2.090679
2.090774
2.090784
2.091007
2.091250
2.091288
2.091605
2.091615
2.091752
2.091830
2.091956
2.092042
2.092244
2.092342
2.092379
2.092575
2.092783
2.092847
2.093009
2.093048
2.093185
2.093217
2.093368
2.093391
2.093550
2.093654
2.093701
2.093787
2.093883
2.093994
2.094105
2.094159
2.094399
2.094546
2.094601
2.094816
2.094823
2.094996
2.095011
2.095227
2.095395
2.095407
2.095502
2.095755
2.095780
2.095794
2.095815
2.095845
2.095877
2.095913
2.095968
2.096662
2.096676
2.096723
2.096787
2.096916
2.096921
2.097356
2.097359
2.097405
2.097437
2.097442
2.097510
2.098231
2.098285
2.098640
2.098662
2.098668
2.098694
2.098696
2.098756
2.099016
2.099111
2.099417
2.099546
2.099582
2.099848
2.100112
2.100279
2.100280
2.100457
2.100514
2.100634
2.100753
2.100795
2.100997
2.101090
2.101093
2.101151
2.101195
2.101355
2.101525
2.101743
2.101966
2.102058
2.102317
2.102432
2.102732
2.102759
2.103136
2.103148
2.103255
2.103297
2.103301
2.103362
2.103416
2.103455
2.103522
2.103536
2.103830
2.104043
2.104103
2.104111
2.104169
2.104182
2.104357
2.104483
2.104484
2.104492
2.104742
2.104840
2.105009
2.105525
2.105619
2.105660
2.105717
2.106155
2.106252
2.106281
2.106470
2.106484
2.106585
2.106669
2.106682
2.106692
2.106725
2.106838
2.106874
2.107145
2.107159
2.107381
2.107491
2.107559
2.107808
2.108209
2.108339
2.108532
2.108763
2.108961
2.108968
2.108986
2.109236
2.109312
2.109421
2.109495
2.109539
2.109673
2.109748
2.109979
2.110083
2.110238
2.110322
2.110489
2.110554
2.110595
2.110693
2.111016
2.111053
2.111054
2.111062
2.111192
2.111428
2.111439
2.111441
2.111509
2.111568
2.111700
2.111712
2.111931
2.112087
2.112211
2.112401
2.112427
2.112532
2.112568
2.112613
2.112787
2.112824
2.112851
2.112983
2.113045
2.113083
2.113601
2.113789
2.113840
2.113859
2.113980
2.114001
2.114173
2.114188
2.114284
2.114371
2.114547
2.114567
2.114585
2.114789
2.114789
2.114887
2.114898
2.115148
2.115267
2.115296
2.115333
2.115545
2.115902
2.115927
2.116002
2.116102
2.116164
2.116544
2.116601
2.116728
2.116862
2.116871
2.117136
2.117145
2.117170
2.117222
2.117316
2.117349
2.117473
2.117614
2.117805
2.117912
2.117986
2.118033
2.118444
2.118575
2.118635
2.118671
2.119072
2.119176
2.119445
2.119479
2.119862
2.119884
2.120058
2.120204
2.120277
2.120347
2.120773
2.120785
2.121089
2.121191
2.121474
2.121584
2.121621
2.121718
2.121787
2.121866
2.121898
2.121901
2.122176
2.122319
2.122488
2.122524
2.122578
2.122822
2.122909
2.123099
2.123626
2.123632
2.123808
2.123929
2.123971
2.124237
2.124297
2.124701
2.124733
2.125088
2.125357
2.125502
2.125905
2.125917
2.125977
2.126057
2.126110
2.126211
2.126482
2.126489
2.126497
2.126558
2.126585
2.126618
2.126643
2.126888
2.126924
2.126997
2.127195
2.127344
2.127703
2.127859
2.127980
2.128136
2.128158
2.128272
2.128392
2.128447
2.128472
2.128480
2.128545
2.128603
2.128746
2.128768
2.128806
2.128971
2.129550
2.129929
2.129980
2.130167
2.130176
2.130244
2.130283
2.130730
2.130893
2.131211
2.131214
2.131214
2.131314
2.131326
2.131443
2.131525
2.131648
2.131881
2.131991
2.132005
2.132006
2.132016
2.132053
2.132100
2.132210
2.132292
2.132379
2.132464
2.132474
2.132479
2.132648
2.132713
2.133788
2.133955
2.133964
2.133980
2.134004
2.134251
2.134288
2.134337
2.134423
2.134684
2.134786
2.134821
2.134942
2.134948
2.135104
2.135133
2.135473
2.135487
2.136067
2.136126
2.136307
2.136826
2.136945
2.137066
2.137071
2.137319
2.137408
2.137671
2.137727
2.137732
2.137743
2.137815
2.137963
2.137964
2.138005
2.138022
2.138063
2.138690
2.138728
2.138757
2.138766
2.138771
2.138900
2.138941
2.139290
2.139348
2.139429
2.139451
2.139457
2.139919
2.140337
2.140603
2.140679
2.140797
2.140996
2.141127
2.141207
2.141224
2.141316
2.141456
2.141493
2.141776
2.142142
2.142217
2.142263
2.142314
2.142359
2.142429
2.142671
2.142682
2.142692
2.142788
2.142874
2.142977
2.143147
2.143179
2.143182
2.143308
2.143349
2.143383
2.143508
2.143571
2.143924
2.144064
2.144104
2.144120
2.144217
2.144410
2.144637
2.144700
2.145047
2.145127
2.145183
2.145295
2.145419
2.145561
2.145580
2.145790
2.145798
2.145964
2.146079
2.146094
2.146118
2.146301
2.146584
2.146641
2.146723
2.146817
2.146836
2.146896
2.147051
2.147079
2.147176
2.147374
2.147393
2.147568
2.147585
2.147620
2.147847
2.147961
2.148158
2.148206
2.148257
2.148285
2.148386
2.148394
2.148465
2.148631
2.148665
2.148693
2.148752
2.148753
2.149039
2.149356
2.149367
2.149401
2.149495
2.149640
2.149691
2.149737
2.149795
2.149953
2.149976
2.150040
2.150123
2.150126
2.150139
2.150159
2.150183
2.150255
2.150307
2.150541
2.150586
2.150626
2.150781
2.150831
2.151068
2.151184
2.151186
2.151276
2.151395
2.151499
2.151549
2.151660
2.151707
2.151786
2.151882
2.151921
2.151963
2.152221
2.152290
2.152331
2.152354
2.152532
2.152605
2.152647
2.152688
2.152990
2.153047
2.153342
2.153364
2.153481
2.153551
2.153662
2.153713
2.154203
2.154258
2.154284
2.154319
2.154328
2.154344
2.154353
2.154418
2.154647
2.154830
2.154861
2.155023
2.155047
2.155058
2.155103
2.155135
2.155202
2.155215
2.155299
2.155355
2.155419
2.155429
2.155442
2.155516
2.155740
2.155767
2.155990
2.156006
2.156209
2.156342
2.156468
2.156990
2.157031
2.157091
2.157124
2.157200
2.157270
2.157294
2.157594
2.157600
2.157681
2.157903
2.157965
2.158066
2.158085
2.158374
2.158501
2.158513
2.158591
2.158827
2.158831
2.158901
2.158948
2.158988
2.159406
2.159795
2.160060
2.160144
2.160250
2.160277
2.160317
2.160474
2.160620
2.160735
2.160738
2.160899
2.160916
2.161047
2.161093
2.161103
2.161154
2.161358
2.161383
2.161575
2.161585
2.161607
2.161688
2.161834
2.162104
2.162135
2.162144
2.162184
2.162186
2.162263
2.162273
2.162397
2.162426
2.162533
2.162568
2.162621
2.162863
2.162947
2.162947
2.163101
2.163195
2.163213
2.163310
2.163379
2.163555
2.163732
2.163852
2.164001
2.164105
2.164167
2.164221
2.164451
2.164670
2.164783
2.164794
2.164948
2.165166
2.165179
2.165305
2.165334
2.165361
2.165381
2.165508
2.165691
2.165727
2.165744
2.165769
2.165805
2.165912
2.166054
2.166135
2.166283
2.166323
2.166418
2.166484
2.166552
2.166604
2.166629
2.166636
2.166725
2.167070
2.167085
2.167092
2.167221
2.167468
2.167626
2.167841
2.168011
2.168209
2.168263
2.168373
2.168587
2.168600
2.168715
2.168767
2.168890
2.169051
2.169182
2.169312
2.169329
2.169597
2.169716
2.169733
2.169783
2.169806
2.169827
2.169845
2.169933
2.170218
2.170276
2.170310
2.170634
2.170676
2.170698
2.171080
2.171238
2.171287
2.171360
2.171407
2.171458
2.171596
2.171736
2.171758
2.171770
2.171876
2.171994
2.172019
2.172109
2.172238
2.172246
2.172315
2.172464
2.172468
2.172608
2.172652
2.172681
2.172757
2.172789
2.172813
2.173111
2.173162
2.173177
2.173180
2.173299
2.173341
2.173359
2.173531
2.173601
2.173647
2.173687
2.173761
2.173777
2.173838
2.173986
2.174008
2.174128
2.174388
2.174498
2.174884
2.174892
2.175079
2.175372
2.175383
2.175416
2.175918
2.175926
2.175967
2.176008
2.176045
2.176055
2.176105
2.176114
2.176116
2.176333
2.176438
2.176441
2.176535
2.176546
2.176623
2.176701
2.176857
2.176887
2.176969
2.176979
2.177010
2.177092
2.177395
2.177422
2.177572
2.177588
2.177611
2.177765
2.177852
2.177869
2.177871
2.177969
2.178194
2.178198
2.178424
2.178457
2.178486
2.178527
2.178628
2.178936
2.179031
2.179217
2.179246
2.179350
2.179455
2.179463
2.179560
2.179563
2.179619
2.179871
2.179914
2.180094
2.180104
2.180233
2.180356
2.180606
2.180629
2.180676
2.180926
2.180950
2.180969
2.181157
2.181201
2.181344
2.181485
2.181496
2.181517
2.181542
2.181619
2.181730
2.181784
2.181883
2.181918
2.182011
2.182136
2.182209
2.182258
2.182300
2.182474
2.182483
2.182760
2.182811
2.182989
2.183203
2.183220
2.183372
2.183464
2.183511
2.183666
2.183681
2.183858
2.183898
2.184006
2.184010
2.184077
2.184245
2.184325
2.184395
2.184556
2.184665
2.184716
2.184826
2.184921
2.185060
2.185143
2.185160
2.185192
2.185262
2.185302
2.185406
2.185499
2.185800
2.185830
2.186101
2.186212
2.186305
2.186333
2.186586
2.186652
2.186653
2.186738
2.186914
2.186982
2.187000
2.187051
2.187119
2.187156
2.187175
2.187216
2.187392
2.187731
2.187765
2.187781
2.187789
2.187841
2.187850
2.187960
2.188084
2.188252
2.188400
2.188421
2.188932
2.189250
2.189286
2.189342
2.189414
2.189422
2.189425
2.189662
2.189735
2.189744
2.189877
2.189897
2.190066
2.190186
2.190421
2.190568
2.190709
2.190837
2.191087
2.191233
2.191442
2.191454
2.191497
2.191695
2.191696
2.191703
2.191784
2.191899
2.191942
2.192222
2.192715
2.192799
2.192949
2.193027
2.193129
2.193301
2.193499
2.193595
2.193648
2.193834
2.193843
2.193948
2.194018
2.194041
2.194115
2.194181
2.194279
2.194300
2.194330
2.194472
2.194485
2.194510
2.194647
2.194924
2.195100
2.195227
2.195237
2.195284
2.195313
2.195366
2.195369
2.195425
2.195448
2.195453
2.195635
2.195708
2.195728
2.195801
2.195951
2.195981
2.196026
2.196096
2.196168
2.196214
2.196279
2.196486
2.196511
2.196640
2.196775
2.196857
2.196872
2.196877
2.196980
2.197009
2.197104
2.197112
2.197216
2.197345
2.197524
2.197644
2.197740
2.197992
2.198116
2.198153
2.198233
2.198265
2.198340
2.198444
2.198448
2.198486
2.198535
2.198719
2.198774
2.198781
2.198805
2.198825
2.199021
2.199332
2.199368
2.199432
2.199735
2.199876
2.200027
2.200163
2.200190
2.200289
2.200443
2.200465
2.200480
2.200549
2.200551
2.200593
2.200593
2.200615
2.200792
2.200822
2.201011
2.201074
2.201175
2.201409
2.201417
2.201437
2.201535
2.201543
2.201554
2.201642
2.201801
2.201858
2.201882
2.202125
2.202297
2.202302
2.202347
2.202351
2.202358
2.202398
2.202424
2.202436
2.202656
2.202703
2.202722
2.202765
2.203045
2.203192
2.203652
2.203707
2.204023
2.204057
2.204140
2.204265
2.204426
2.204702
2.204720
2.204770
2.204916
2.205024
2.205223
2.205333
2.205371
2.205470
2.205513
2.205546
2.205554
2.205566
2.205569
2.205678
2.205828
2.205836
2.205871
2.205909
2.205999
2.206016
2.206029
2.206136
2.206179
2.206228
2.206236
2.206508
2.206520
2.206653
2.206872
2.206913
2.206985
2.207093
2.207269
2.207408
2.207424
2.207435
2.207451
2.207516
2.207643
2.207687
2.207746
2.207764
2.207830
2.207867
2.208061
2.208065
2.208519
2.208541
2.208586
2.208664
2.208733
2.208746
2.208876
2.208932
2.209069
2.209150
2.209216
2.209539
2.209578
2.209619
2.209630
2.209651
2.209865
2.209986
2.210090
2.210104
2.210139
2.210202
2.210248
2.210342
2.210343
2.210482
2.210510
2.210674
2.210752
2.210869
2.211041
2.211137
2.211211
2.211275
2.211359
2.211365
2.211578
2.211626
2.211706
2.211824
2.211929
2.212070
2.212108
2.212214
2.212253
2.212498
2.212615
2.212745
2.212885
2.212899
2.213142
2.213240
2.213484
2.213535
2.213601
2.213721
2.213723
2.214037
2.214050
2.214218
2.214243
2.214754
2.214822
2.214858
2.214929
2.214942
2.215238
2.215315
2.215389
2.215459
2.215468
2.215496
2.215798
2.215924
2.215949
2.216051
2.216058
2.216076
2.216243
2.216269
2.216279
2.216425
2.216454
2.216672
2.216680
2.216694
2.216726
2.216864
2.217157
2.217332
2.217361
2.217392
2.217495
2.217504
2.217537
2.217623
2.217672
2.217800
2.217888
2.218159
2.218225
2.218405
2.218663
2.218697
2.218989
2.219047
2.219049
2.219096
2.219442
2.219565
2.219580
2.219608
2.219826
2.219925
2.219929
2.219970
2.220103
2.220197
2.220217
2.220269
2.220390
2.220471
2.220624
2.220747
2.220756
2.221013
2.221061
2.221254
2.221256
2.221326
2.221327
2.221638
2.221716
2.221844
2.221917
2.221945
2.222022
2.222368
2.222450
2.222849
2.222908
2.222933
2.222960
2.222971
2.223139
2.223140
2.223476
2.223551
2.223757
2.223794
2.223897
2.223936
2.224292
2.224377
2.224410
2.224447
2.224536
2.224644
2.224803
2.224867
2.224980
2.224991
2.225002
2.225157
2.225179
2.225213
2.225243
2.225281
2.225290
2.225368
2.225388
2.225469
2.225543
2.225585
2.225669
2.225681
2.225691
2.225810
2.225851
2.226021
2.226071
2.226144
2.226189
2.226260
2.226591
2.226613
2.226626
2.226643
2.226772
2.226829
2.227113
2.227187
2.227206
2.227207
2.227299
2.227305
2.227394
2.227459
2.227525
2.227699
2.227828
2.228023
2.228066
2.228088
2.228207
2.228241
2.228292
2.228328
2.228404
2.228407
2.228547
2.228579
2.228606
2.228676
2.228781
2.228820
2.228868
2.228874
2.228948
2.229009
2.229037
2.229125
2.229149
2.229463
2.229479
2.229616
2.229652
2.229675
2.229701
2.229922
2.230002
2.230032
2.230059
2.230069
2.230084
2.230112
2.230286
2.230386
2.230422
2.230434
2.230634
2.230791
2.230830
2.231070
2.231135
2.231400
2.231490
2.231549
2.231688
2.231864
2.231918
2.232078
2.232108
2.232162
2.232170
2.232212
2.232331
2.232347
2.232364
2.232486
2.232683
2.232743
2.232856
2.233090
2.233096
2.233143
2.233158
2.233311
2.233313
2.233497
2.233528
2.233542
2.233624
2.233635
2.233779
2.233819
2.233905
2.234016
2.234105
2.234344
2.234368
2.234390
2.234624
2.234666
2.234927
2.234988
2.235113
2.235286
2.235332
2.235334
2.235376
2.235522
2.235662
2.235844
2.236136
2.236212
2.236266
2.236274
2.236306
2.236314
2.236485
2.236505
2.236777
2.236874
2.236883
2.236889
2.236890
2.236923
2.236947
2.236991
2.237049
2.237062
2.237168
2.237216
2.237301
2.237338
2.237348
2.237380
2.237431
2.237464
2.237614
2.237632
2.237666
2.237704
2.237916
2.237946
2.238044
2.238300
2.238363
2.238381
2.238406
2.238519
2.238662
2.238669
2.238770
2.238840
2.238909
2.239085
2.239169
2.239244
2.239264
2.239354
2.239427
2.239486
2.239538
2.239551
2.239603
2.239854
2.239960
2.239990
2.240254
2.240287
2.240404
2.240426
2.240531
2.240729
2.240876
2.240901
2.240984
2.240990
2.241007
2.241020
2.241062
2.241118
2.241199
2.241376
2.241496
2.241519
2.241529
2.241683
2.241790
2.241871
2.241956
2.241970
2.242001
2.242039
2.242100
2.242109
2.242113
2.242136
2.242180
2.242309
2.242330
2.242496
2.242522
2.242552
2.242558
2.242681
2.242700
2.242743
2.242945
2.243051
2.243069
2.243133
2.243267
2.243280
2.243328
2.243337
2.243431
2.243471
2.243497
2.243579
2.243836
2.243882
2.244205
2.244277
2.244284
2.244285
2.244318
2.244519
2.244555
2.244650
2.244661
2.244825
2.244961
2.244962
2.245100
2.245360
2.245532
2.245644
2.245694
2.245724
2.245819
2.245852
2.246070
2.246148
2.246255
2.246314
2.246316
2.246372
2.246399
2.246411
2.246425
2.246542
2.246624
2.246655
2.246767
2.246769
2.247003
2.247036
2.247087
2.247255
2.247332
2.247366
2.247420
2.247471
2.247522
2.247826
2.248098
2.248111
2.248171
2.248209
2.248762
2.249038
2.249097
2.249182
2.249327
2.249350
2.249392
2.249396
2.249480
2.249532
2.249892
2.249893
2.249987
2.250003
2.250105
2.250209
2.250249
2.250489
2.251054
2.251225
2.251459
2.251513
2.251585
2.251771
2.251846
2.251875
2.252050
2.252055
2.252152
2.252211
2.252218
2.252300
2.252312
2.252351
2.252409
2.252419
2.252455
2.252713
2.252828
2.252872
2.252970
2.253049
2.253124
2.253137
2.253173
2.253295
2.253468
2.253514
2.253571
2.253601
2.253735
2.253787
2.253834
2.253887
2.253938
2.253942
2.253981
2.254017
2.254112
2.254204
2.254215
2.254267
2.254432
2.254639
2.254953
2.254966
2.255022
2.255085
2.255200
2.255315
2.255378
2.255388
2.255406
2.255442
2.255504
2.255520
2.255576
2.255677
2.255771
2.256054
2.256237
2.256356
2.256479
2.256486
2.256512
2.256588
2.256597
2.256626
2.256767
2.256770
2.256773
2.257267
2.257299
2.257358
2.257385
2.257555
2.257559
2.257636
2.257713
2.257899
2.258074
2.258078
2.258206
2.258351
2.258371
2.258432
2.258475
2.258499
2.258529
2.258540
2.258566
2.258601
2.258735
2.258971
2.259301
2.259507
2.259597
2.259695
2.259756
2.259878
2.260066
2.260334
2.260415
2.260553
2.260684
2.260730
2.260816
2.260833
2.260908
2.260958
2.260965
2.260975
2.261078
2.261179
2.261434
2.261538
2.261818
2.261857
2.261905
2.262037
2.262048
2.262116
2.262129
2.262164
2.262248
2.262338
2.262376
2.262674
2.262684
2.262775
2.262810
2.262823
2.262922
2.262946
2.263118
2.263381
2.263397
2.263398
2.263438
2.263690
2.263778
2.263846
2.263849
2.264000
2.264044
2.264084
2.264160
2.264196
2.264267
2.264308
2.264388
2.264413
2.264428
2.264444
2.264466
2.264503
2.264566
2.264606
2.264649
2.264672
2.264692
2.264729
2.264893
2.264927
2.264966
2.264978
2.265043
2.265067
2.265077
2.265142
2.265161
2.265215
2.265371
2.265374
2.265611
2.265707
2.265712
2.265714
2.265716
2.265752
2.265785
2.265793
2.265958
2.265970
2.266062
2.266551
2.266700
2.266759
2.266820
2.266836
2.267024
2.267034
2.267063
2.267083
2.267240
2.267387
2.267564
2.267592
2.267653
2.267697
2.267815
2.267828
2.267884
2.267990
2.268042
2.268058
2.268109
2.268152
2.268154
2.268229
2.268419
2.268489
2.268661
2.268692
2.268746
2.268768
2.268826
2.268893
2.268921
2.268988
2.269526
2.269618
2.269768
2.269808
2.269903
2.269903
2.270055
2.270056
2.270136
2.270151
2.270180
2.270205
2.270338
2.270376
2.270470
2.270474
2.270519
2.270742
2.270848
2.270932
2.270933
2.270935
2.270969
2.270970
2.270988
2.271020
2.271153
2.271247
2.271277
2.271327
2.271396
2.271448
2.271478
2.271568
2.271709
2.271747
2.271809
2.271822
2.271970
2.272009
2.272356
2.272366
2.272392
2.272448
2.272475
2.272540
2.272542
2.272640
2.272721
2.272835
2.272986
2.273028
2.273076
2.273127
2.273161
2.273207
2.273285
2.273336
2.273359
2.273410
2.273422
2.273567
2.273637
2.273683
2.273717
2.274064
2.274108
2.274230
2.274333
2.274562
2.274663
2.274806
2.274839
2.274875
2.274892
2.274916
2.275131
2.275162
2.275175
2.275218
2.275218
2.275237
2.275309
2.275337
2.275476
2.275495
2.275521
2.275543
2.275610
2.275621
2.275692
2.275745
2.275830
2.276030
2.276060
2.276125
2.276147
2.276198
2.276211
2.276299
2.276322
2.276431
2.276469
2.276555
2.276655
2.276676
2.276739
2.276780
2.276852
2.276857
2.276885
2.276941
2.276943
2.277199
2.277303
2.277309
2.277603
2.277623
2.277855
2.278073
2.278079
2.278080
2.278158
2.278432
2.278435
2.278441
2.278473
2.278606
2.278669
2.278990
2.279063
2.279092
2.279229
2.279420
2.279452
2.279474
2.279573
2.279580
2.279762
2.279848
2.279848
2.279928
2.280156
2.280303
2.280353
2.280395
2.280587
2.280639
2.280723
2.280814
2.280837
2.280972
2.280977
2.281234
2.281447
2.281465
2.281518
2.281728
2.281750
2.281852
2.282002
2.282079
2.282416
2.282510
2.282540
2.282576
2.282611
2.282649
2.282658
2.282857
2.282908
2.282929
2.282955
2.282998
2.283088
2.283166
2.283185
2.283258
2.283531
2.283556
2.283637
2.283699
2.283797
2.283839
2.283845
2.283882
2.283958
2.284142
2.284163
2.284206
2.284273
2.284365
2.284542
2.284620
2.284670
2.284697
2.284763
2.284773
2.284815
2.284843
2.284871
2.285085
2.285149
2.285163
2.285201
2.285281
2.285285
2.285307
2.285424
2.285429
2.285471
2.285480
2.285628
2.285735
2.285849
2.285880
2.285939
2.285990
2.286065
2.286117
2.286153
2.286321
2.286353
2.286372
2.286392
2.286483
2.286499
2.286627
2.286688
2.286922
2.287040
2.287084
2.287125
2.287183
2.287255
2.287355
2.287391
2.287492
2.287511
2.287690
2.287698
2.287858
2.287866
2.287871
2.287895
2.288081
2.288155
2.288188
2.288191
2.288290
2.288321
2.288513
2.288588
2.288746
2.288751
2.288935
2.289059
2.289062
2.289104
2.289110
2.289289
2.289329
2.289377
2.289411
2.289514
2.289583
2.289806
2.289843
2.289882
2.290152
2.290167
2.290190
2.290266
2.290272
2.290393
2.290426
2.290507
2.290660
2.290714
2.290743
2.290748
2.290754
2.290755
2.290812
2.290876
2.290882
2.291024
2.291203
2.291286
2.291578
2.291638
2.291703
2.291748
2.292180
2.292274
2.292295
2.292391
2.292397
2.292598
2.292602
2.292658
2.292665
2.292725
2.292760
2.292774
2.292955
2.293041
2.293115
2.293115
2.293203
2.293219
2.293227
2.293296
2.293326
2.293502
2.293519
2.293606
2.293672
2.293686
2.293777
2.293931
2.294003
2.294017
2.294021
2.294032
2.294097
2.294178
2.294230
2.294322
2.294359
2.294524
2.294589
2.294753
2.294899
2.294956
2.295041
2.295057
2.295125
2.295241
2.295259
2.295434
2.295440
2.295456
2.295679
2.295682
2.295880
2.296212
2.296225
2.296252
2.296253
2.296286
2.296456
2.296607
2.296620
2.296769
2.296928
2.296992
2.297008
2.297080
2.297144
2.297327
2.297401
2.297404
2.297407
2.297424
2.297502
2.297532
2.297572
2.297635
2.297658
2.297663
2.297667
2.297710
2.297778
2.297841
2.297934
2.297966
2.298031
2.298089
2.298113
2.298163
2.298272
2.298284
2.298558
2.298572
2.298588
2.298604
2.298719
2.298750
2.298778
2.298846
2.299492
2.299503
2.299504
2.299518
2.299521
2.299604
2.299642
2.299695
2.299829
2.299866
2.300008
2.300079
2.300114
2.300134
2.300207
2.300225
2.300247
2.300256
2.300386
2.300434
2.300451
2.300595
2.300661
2.300729
2.300808
2.300819
2.300877
2.300899
2.300914
2.301055
2.301136
2.301282
2.301308
2.301430
2.301465
2.301758
2.301765
2.301779
2.301811
2.301868
2.301997
2.302069
2.302117
2.302210
2.302216
2.302224
2.302235
2.302257
2.302304
2.302315
2.302334
2.302334
2.302450
2.302454
2.302488
2.302540
2.302711
2.302970
2.303001
2.303020
2.303117
2.303141
2.303157
2.303171
2.303252
2.303289
2.303323
2.303363
2.303470
2.303476
2.303542
2.303580
2.303646
2.303653
2.304013
2.304108
2.304117
2.304141
2.304191
2.304216
2.304326
2.304349
2.304383
2.304563
2.304647
2.304754
2.304807
2.304834
2.304841
2.304934
2.304956
2.304985
2.305146
2.305171
2.305249
2.305337
2.305552
2.305620
2.305739
2.305834
2.306020
2.306153
2.306344
2.306412
2.306434
2.306453
2.306468
2.306481
2.306586
2.306660
2.306747
2.306759
2.306827
2.306858
2.306963
2.306971
2.307002
2.307135
2.307147
2.307176
2.307197
2.307288
2.307404
2.307427
2.307429
2.307703
2.307717
2.307739
2.307763
2.308036
2.308262
2.308408
2.308510
2.308558
2.308684
2.308741
2.308843
2.308861
2.308900
2.309129
2.309167
2.309189
2.309212
2.309244
2.309251
2.309303
2.309348
2.309352
2.309397
2.309474
2.309483
2.309499
2.309635
2.309655
2.309750
2.309753
2.309821
2.310020
2.310048
2.310068
2.310075
2.310133
2.310344
2.310395
2.310489
2.310541
2.310688
2.310783
2.310975
2.311054
2.311080
2.311083
2.311092
2.311143
2.311197
2.311321
2.311487
2.311733
2.311736
2.311834
2.311911
2.311954
2.311977
2.311988
2.312018
2.312124
2.312529
2.312541
2.312761
2.312773
2.312841
2.312870
2.312958
2.312980
2.312984
2.313008
2.313104
2.313420
2.313430
2.313517
2.313580
2.313628
2.313670
2.313748
2.313816
2.314177
2.314237
2.314283
2.314373
2.314447
2.314472
2.314768
2.315036
2.315093
2.315101
2.315103
2.315303
2.315382
2.315391
2.315494
2.315535
2.315559
2.315685
2.315689
2.315705
2.315809
2.315859
2.315988
2.316013
2.316035
2.316203
2.316463
2.316515
2.316526
2.316850
2.316971
2.316998
2.317038
2.317114
2.317314
2.317351
2.317381
2.317448
2.317478
2.317576
2.317842
2.317981
2.317986
2.318034
2.318040
2.318192
2.318224
2.318340
2.318360
2.318415
2.318462
2.318731
2.318803
2.318843
2.318878
2.318995
2.319020
2.319056
2.319060
2.319080
2.319106
2.319208
2.319400
2.319686
2.319785
2.319794
2.319836
2.319849
2.319904
2.319955
2.319972
2.320091
2.320131
2.320269
2.320353
2.320356
2.320514
2.320565
2.320663
2.320834
2.321047
2.321064
2.321097
2.321097
2.321133
2.321190
2.321205
2.321302
2.321322
2.321457
2.321477
2.321478
2.321481
2.321508
2.321561
2.321858
2.321928
2.321947
2.322014
2.322137
2.322283
2.322319
2.322380
2.322405
2.322453
2.322531
2.322532
2.322685
2.322767
2.322770
2.322833
2.322870
2.322878
2.322928
2.323018
2.323040
2.323066
2.323089
2.323154
2.323235
2.323383
2.323493
2.323553
2.323593
2.323837
2.323900
2.323921
2.324014
2.324043
2.324229
2.324238
2.324265
2.324288
2.324306
2.324383
2.324561
2.324570
2.324573
2.324651
2.324699
2.324806
2.324868
2.324873
2.324991
2.325198
2.325206
2.325213
2.325475
2.325547
2.325604
2.325652
2.325771
2.325862
2.325902
2.326090
2.326280
2.326336
2.326396
2.326420
2.326465
2.326485
2.326568
2.326633
2.326777
2.326843
2.326923
2.327065
2.327101
2.327114
2.327408
2.327447
2.327470
2.327545
2.327630
2.327718
2.327766
2.327798
2.327907
2.328111
2.328122
2.328142
2.328178
2.328250
2.328266
2.328301
2.328304
2.328321
2.328336
2.328390
2.328654
2.328784
2.329040
2.329051
2.329062
2.329100
2.329144
2.329164
2.329257
2.329343
2.329416
2.329460
2.329598
2.329694
2.329717
2.329749
2.329767
2.329861
2.329881
2.329930
2.329944
2.329946
2.329970
2.329977
2.330009
2.330064
2.330137
2.330181
2.330383
2.330532
2.330536
2.330550
2.330550
2.330578
2.330814
2.330885
2.330911
2.330929
2.330931
2.330937
2.331104
2.331106
2.331154
2.331224
2.331293
2.331304
2.331378
2.331525
2.331552
2.331697
2.331808
2.331820
2.331831
2.331839
2.331845
2.331896
2.331922
2.332089
2.332183
2.332263
2.332345
2.332377
2.332440
2.332446
2.332462
2.333046
2.333049
2.333079
2.333101
2.333184
2.333190
2.333198
2.333261
2.333300
2.333376
2.333376
2.333446
2.333500
2.333611
2.333635
2.333727
2.333754
2.333770
2.333801
2.333830
2.334021
2.334028
2.334036
2.334148
2.334269
2.334276
2.334304
2.334332
2.334410
2.334496
2.334596
2.334964
2.335121
2.335231
2.335246
2.335317
2.335342
2.335354
2.335378
2.335413
2.335505
2.335580
2.335608
2.335613
2.335690
2.335803
2.336020
2.336151
2.336181
2.336188
2.336289
2.336355
2.336411
2.336424
2.336468
2.336526
2.336580
2.336628
2.336712
2.336726
2.336735
2.337010
2.337016
2.337177
2.337208
2.337256
2.337306
2.337311
2.337318
2.337445
2.337639
2.337680
2.337703
2.337754
2.337789
2.337857
2.338008
2.338116
2.338237
2.338252
2.338261
2.338365
2.338388
2.338483
2.338613
2.338719
2.338979
2.339071
2.339120
2.339166
2.339170
2.339208
2.339244
2.339260
2.339278
2.339321
2.339388
2.339670
2.339720
2.339872
2.339874
2.339917
2.340053
2.340097
2.340102
2.340302
2.340479
2.340496
2.340572
2.340573
2.340647
2.340653
2.340669
2.340771
2.340820
2.340894
2.340957
2.341131
2.341171
2.341253
2.341255
2.341261
2.341405
2.341409
2.341476
2.341504
2.341506
2.341623
2.341639
2.341722
2.341753
2.341799
2.341816
2.341852
2.341858
2.341862
2.341905
2.341929
2.341946
2.342149
2.342191
2.342343
2.342352
2.342414
2.342432
2.342554
2.342746
2.342833
2.343057
2.343086
2.343179
2.343199
2.343204
2.343527
2.343555
2.343608
2.343620
2.343771
2.343864
2.343975
2.344128
2.344206
2.344219
2.344285
2.344371
2.344459
2.344588
2.344643
2.344831
2.344877
2.345045
2.345163
2.345210
2.345260
2.345309
2.345339
2.345345
2.345345
2.345370
2.345386
2.345463
2.345523
2.345528
2.345561
2.345606
2.345672
2.345963
2.346093
2.346216
2.346383
2.346426
2.346533
2.346631
2.346798
2.346798
2.346851
2.346942
2.346972
2.346975
2.347004
2.347024
2.347205
2.347224
2.347230
2.347242
2.347317
2.347347
2.347360
2.347500
2.347516
2.347559
2.347567
2.347603
2.347800
2.347991
2.348103
2.348261
2.348321
2.348386
2.348448
2.348581
2.348689
2.348961
2.348968
2.348994
2.349008
2.349015
2.349029
2.349147
2.349196
2.349400
2.349498
2.349504
2.349624
2.349691
2.349699
2.349740
2.349774
2.349873
2.349897
2.350026
2.350043
2.350055
2.350103
2.350160
2.350164
2.350218
2.350239
2.350241
2.350315
2.350374
2.350405
2.350405
2.350442
2.350522
2.350766
2.351128
2.351134
2.351135
2.351142
2.351292
2.351300
2.351351
2.351385
2.351418
2.351478
2.351485
2.351506
2.351594
2.351865
2.352166
2.352242
2.352257
2.352284
2.352314
2.352377
2.352381
2.352447
2.352454
2.352524
2.352656
2.352781
2.352803
2.352815
2.352971
2.352974
2.353005
2.353174
2.353392
2.353436
2.353518
2.353588
2.353738
2.353758
2.353767
2.353781
2.353891
2.353942
2.354053
2.354087
2.354134
2.354240
2.354268
2.354537
2.354569
2.354689
2.354777
2.354824
2.354834
2.354944
2.354987
2.355240
2.355284
2.355304
2.355375
2.355420
2.355430
2.355464
2.355764
2.355971
2.355977
2.355993
2.356046
2.356129
2.356140
2.356181
2.356279
2.356293
2.356344
2.356349
2.356408
2.356421
2.356445
2.356512
2.356518
2.356519
2.356583
2.356619
2.356703
2.356793
2.356858
2.356957
2.356959
2.356970
2.357041
2.357085
2.357260
2.357297
2.357325
2.357327
2.357395
2.357401
2.357411
2.357444
2.357477
2.357494
2.357538
2.357554
2.357597
2.357751
2.357920
2.357956
2.358029
2.358167
2.358176
2.358320
2.358346
2.358351
2.358382
2.358431
2.358569
2.358589
2.358619
2.358664
2.358763
2.358934
2.359031
2.359123
2.359192
2.359288
2.359337
2.359342
2.359367
2.359417
2.359471
2.359518
2.359699
2.359821
2.360063
2.360116
2.360264
2.360322
2.360367
2.360448
2.360629
2.360728
2.360820
2.361117
2.361205
2.361262
2.361370
2.361533
2.361653
2.361685
2.361772
2.361915
2.361958
2.362036
2.362047
2.362068
2.362110
2.362159
2.362195
2.362200
2.362204
2.362240
2.362248
2.362886
2.362927
2.362976
2.363026
2.363026
2.363091
2.363164
2.363310
2.363367
2.363386
2.363405
2.363491
2.363498
2.363542
2.363665
2.363761
2.363785
2.363803
2.363818
2.363926
2.364022
2.364040
2.364108
2.364121
2.364129
2.364164
2.364196
2.364344
2.364385
2.364505
2.364526
2.364635
2.364758
2.364856
2.364890
2.364932
2.364949
2.365000
2.365009
2.365039
2.365045
2.365059
2.365199
2.365233
2.365268
2.365338
2.365403
2.365477
2.365622
2.365662
2.365724
2.365873
2.365913
2.366052
2.366069
2.366090
2.366282
2.366283
2.366393
2.366488
2.366558
2.366627
2.366791
2.366797
2.366837
2.367002
2.367043
2.367069
2.367151
2.367406
2.367467
2.367473
2.367553
2.367556
2.367725
2.367755
2.367799
2.367835
2.367951
2.368022
2.368265
2.368299
2.368353
2.368365
2.368390
2.368599
2.368676
2.368681
2.368692
2.368697
2.368719
2.368863
2.368909
2.369054
2.369130
2.369190
2.369200
2.369318
2.369328
2.369401
2.369466
2.369572
2.369608
2.369618
2.369640
2.369944
2.370029
2.370034
2.370101
2.370130
2.370201
2.370238
2.370325
2.370333
2.370421
2.370629
2.370672
2.370679
2.370723
2.370798
2.370859
2.370949
2.371068
2.371166
2.371215
2.371237
2.371387
2.371505
2.371606
2.371755
2.371774
2.371825
2.371868
2.371895
2.372071
2.372162
2.372238
2.372260
2.372319
2.372552
2.372576
2.372639
2.372880
2.372916
2.372955
2.372998
2.373089
2.373103
2.373153
2.373159
2.373173
2.373202
2.373217
2.373269
2.373334
2.373371
2.373489
2.373774
2.374193
2.374212
2.374237
2.374268
2.374269
2.374293
2.374321
2.374487
2.374502
2.374518
2.374638
2.374776
2.374894
2.374963
2.375221
2.375285
2.375309
2.375392
2.375428
2.375530
2.375544
2.375673
2.376019
2.376026
2.376067
2.376101
2.376254
2.376326
2.376334
2.376493
2.376518
2.376521
2.376721
2.376806
2.376913
2.377103
2.377107
2.377188
2.377247
2.377248
2.377316
2.377367
2.377426
2.377541
2.377602
2.377603
2.377631
2.377724
2.377727
2.377856
2.377953
2.378046
2.378067
2.378119
2.378195
2.378303
2.378382
2.378392
2.378421
2.378443
2.378564
2.378608
2.378648
2.378659
2.378677
2.378688
2.378778
2.378788
2.378806
2.378810
2.378850
2.378938
2.379026
2.379252
2.379301
2.379403
2.379505
2.379586
2.379868
2.380061
2.380070
2.380072
2.380107
2.380116
2.380146
2.380444
2.380659
2.380794
2.380813
2.380829
2.380845
2.380936
2.380952
2.380990
2.381008
2.381082
2.381122
2.381307
2.381453
2.381704
2.381704
2.381803
2.381864
2.381900
2.381946
2.381996
2.382172
2.382231
2.382237
2.382246
2.382313
2.382468
2.382551
2.382603
2.382688
2.382692
2.382770
2.382782
2.382831
2.382838
2.382916
2.382921
2.382923
2.383013
2.383140
2.383384
2.383444
2.383497
2.383615
2.383646
2.383871
2.383906
2.384062
2.384085
2.384142
2.384242
2.384255
2.384346
2.384354
2.384403
2.384418
2.384481
2.384557
2.384709
2.384794
2.384832
2.385008
2.385020
2.385162
2.385192
2.385203
2.385212
2.385278
2.385705
2.385782
2.385840
2.385902
2.385964
2.385972
2.386045
2.386092
2.386112
2.386157
2.386347
2.386405
2.386406
2.386472
2.386482
2.386549
2.386572
2.386590
2.386591
2.386787
2.386864
2.386920
2.386922
2.386982
2.387075
2.387113
2.387166
2.387222
2.387342
2.387418
2.387424
2.387453
2.387545
2.387546
2.387733
2.387775
2.387940
2.387961
2.388058
2.388434
2.388549
2.388566
2.388582
2.388630
2.388720
2.388871
2.388988
2.389016
2.389066
2.389111
2.389119
2.389236
2.389268
2.389294
2.389486
2.389600
2.389625
2.389633
2.389657
2.389805
2.389815
2.389833
2.389924
2.390079
2.390254
2.390297
2.390368
2.390566
2.390703
2.390729
2.390736
2.390760
2.390790
2.390831
2.390961
2.391116
2.391249
2.391277
2.391547
2.391599
2.391651
2.391666
2.391699
2.391739
2.391763
2.391790
2.391855
2.391867
2.391868
2.391892
2.391957
2.391989
2.392138
2.392148
2.392240
2.392252
2.392258
2.392299
2.392302
2.392331
2.392333
2.392380
2.392433
2.392437
2.392444
2.392488
2.392489
2.392557
2.392616
2.392620
2.392659
2.392889
2.392905
2.393002
2.393128
2.393202
2.393242
2.393246
2.393339
2.393380
2.393612
2.393778
2.393801
2.393804
2.393809
2.393874
2.394045
2.394064
2.394159
2.394228
2.394288
2.394311
2.394435
2.394443
2.394514
2.394524
2.394555
2.394607
2.394661
2.394840
2.394966
2.395047
2.395158
2.395291
2.395303
2.395331
2.395555
2.395562
2.395673
2.395694
2.395694
2.395869
2.395888
2.396203
2.396211
2.396236
2.396334
2.396386
2.396393
2.396459
2.396525
2.396646
2.396858
2.396912
2.396960
2.396963
2.397103
2.397106
2.397120
2.397138
2.397152
2.397231
2.397371
2.397400
2.397415
2.397422
2.397517
2.397527
2.397699
2.397840
2.397865
2.397932
2.398040
2.398044
2.398059
2.398094
2.398155
2.398242
2.398250
2.398302
2.398338
2.398354
2.398390
2.398440
2.398489
2.398525
2.398628
2.398633
2.398658
2.398672
2.398744
2.398768
2.398776
2.398800
2.398827
2.398857
2.398889
2.398971
2.399008
2.399020
2.399071
2.399095
2.399181
2.399297
2.399307
2.399359
2.399525
2.399541
2.399598
2.399626
2.399658
2.399706
2.399833
2.399837
2.399843
2.399861
2.399922
2.400038
2.400083
2.400084
2.400119
2.400135
2.400327
2.400517
2.400583
2.400617
2.400692
2.400726
2.400976
2.401086
2.401099
2.401109
2.401203
2.401219
2.401336
2.401576
2.401591
2.401687
2.401723
2.401867
2.401899
2.402034
2.402056
2.402088
2.402243
2.402351
2.402365
2.402371
2.402496
2.402515
2.402534
2.402536
2.402540
2.402617
2.402753
2.402783
2.402855
2.402866
2.402959
2.403171
2.403197
2.403234
2.403272
2.403297
2.403376
2.403380
2.403412
2.403573
2.403595
2.403672
2.403673
2.403682
2.403772
2.403816
2.403855
2.403889
2.403910
2.404181
2.404190
2.404206
2.404243
2.404258
2.404263
2.404325
2.404343
2.404510
2.404544
2.404622
2.404667
2.404680
2.404763
2.405037
2.405143
2.405214
2.405268
2.405314
2.405359
2.405548
2.405667
2.405712
2.405732
2.405859
2.406028
2.406097
2.406143
2.406178
2.406208
2.406359
2.406417
2.406614
2.406637
2.406726
2.407165
2.407215
2.407294
2.407403
2.407602
2.407607
2.407723
2.407730
2.407867
2.408010
2.408018
2.408130
2.408200
2.408425
2.408428
2.408443
2.408489
2.408547
2.408618
2.408625
2.408644
2.408743
2.408821
2.408907
2.409036
2.409176
2.409231
2.409235
2.409238
2.409286
2.409311
2.409627
2.409659
2.409692
2.409820
2.409934
2.409960
2.409974
2.410014
2.410036
2.410132
2.410156
2.410249
2.410298
2.410320
2.410462
2.410481
2.410544
2.410548
2.410590
2.410854
2.410900
2.411057
2.411072
2.411126
2.411159
2.411209
2.411228
2.411359
2.411402
2.411480
2.411483
2.411500
2.411681
2.411683
2.411747
2.411870
2.412058
2.412068
2.412109
2.412131
2.412196
2.412251
2.412349
2.412378
2.412388
2.412416
2.412417
2.412489
2.412699
2.412794
2.412836
2.412897
2.412917
2.412961
2.413008
2.413102
2.413116
2.413185
2.413290
2.413579
2.413592
2.413678
2.413683
2.413690
2.413691
2.413740
2.413805
2.413900
2.413903
2.413949
2.414045
2.414121
2.414161
2.414302
2.414319
2.414395
2.414525
2.414530
2.414651
2.414702
2.414707
2.414835
2.414977
2.415163
2.415170
2.415187
2.415204
2.415217
2.415326
2.415339
2.415466
2.415531
2.415546
2.415560
2.415571
2.415677
2.415695
2.415778
2.415820
2.415934
2.416007
2.416023
2.416041
2.416110
2.416115
2.416222
2.416406
2.416520
2.416596
2.416605
2.416651
2.416760
2.416806
2.416924
2.416939
2.417094
2.417205
2.417236
2.417254
2.417289
2.417520
2.417582
2.417598
2.417651
2.417657
2.417933
2.417938
2.417994
2.418061
2.418125
2.418154
2.418367
2.418393
2.418644
2.418671
2.418687
2.418731
2.418763
2.418814
2.418831
2.418848
2.418859
2.418905
2.418915
2.418922
2.418954
2.419000
2.419038
2.419044
2.419088
2.419104
2.419161
2.419314
2.419603
2.419740
2.419871
2.419991
2.420112
2.420237
2.420245
2.420286
2.420356
2.420412
2.420522
2.420614
2.420656
2.420661
2.420689
2.420715
2.420737
2.420783
2.420802
2.420802
2.420827
2.420907
2.420921
2.420928
2.420936
2.420950
2.420991
2.421000
2.421082
2.421159
2.421267
2.421273
2.421273
2.421314
2.421400
2.421494
2.421515
2.421545
2.421625
2.421649
2.421715
2.421728
2.421812
2.421815
2.421866
2.421998
2.422026
2.422090
2.422127
2.422177
2.422201
2.422206
2.422206
2.422330
2.422354
2.422379
2.422407
2.422450
2.422459
2.422564
2.422630
2.422668
2.422724
2.422816
2.422832
2.422880
2.422965
2.422989
2.423121
2.423140
2.423144
2.423279
2.423333
2.423457
2.423518
2.423549
2.423617
2.423627
2.423767
2.423779
2.423879
2.423901
2.423902
2.423944
2.423985
2.423996
2.424073
2.424104
2.424269
2.424292
2.424310
2.424325
2.424391
2.424530
2.424696
2.424844
2.424875
2.424971
2.424973
2.425100
2.425145
2.425175
2.425193
2.425255
2.425275
2.425294
2.425420
2.425467
2.425471
2.425479
2.425568
2.425614
2.425630
2.425815
2.425889
2.425898
2.425909
2.426249
2.426406
2.426482
2.426723
2.426759
2.426786
2.426894
2.426946
2.426978
2.427165
2.427258
2.427297
2.427348
2.427398
2.427443
2.427465
2.427533
2.427607
2.427618
2.427632
2.427660
2.427662
2.427682
2.427684
2.428019
2.428096
2.428116
2.428119
2.428261
2.428271
2.428429
2.428567
2.428614
2.428617
2.428719
2.428724
2.428795
2.428857
2.428926
2.428947
2.428987
2.429158
2.429182
2.429307
2.429317
2.429321
2.429373
2.429374
2.429450
2.429604
2.429693
2.429721
2.429761
2.429866
2.429884
2.429906
2.430087
2.430246
2.430277
2.430341
2.430361
2.430492
2.430659
2.430773
2.430918
2.430949
2.430966
2.431048
2.431087
2.431115
2.431160
2.431231
2.431427
2.431453
2.431498
2.431549
2.431567
2.431829
2.431945
2.431962
2.431987
2.432134
2.432155
2.432192
2.432256
2.432262
2.432396
2.432433
2.432479
2.432654
2.432657
2.432737
2.432809
2.432894
2.432911
2.432914
2.432928
2.432990
2.433060
2.433123
2.433510
2.433543
2.433604
2.433617
2.433654
2.433789
2.433865
2.433903
2.433938
2.434008
2.434056
2.434057
2.434337
2.434404
2.434435
2.434640
2.434685
2.434844
2.434979
2.435098
2.435146
2.435183
2.435209
2.435217
2.435266
2.435306
2.435381
2.435418
2.435534
2.435535
2.435578
2.435656
2.435673
2.435824
2.435936
2.436093
2.436109
2.436143
2.436148
2.436199
2.436204
2.436373
2.436379
2.436391
2.436584
2.436772
2.436790
2.437375
2.437410
2.437430
2.437479
2.437560
2.437582
2.437729
2.437772
2.437938
2.437949
2.437976
2.438191
2.438234
2.438290
2.438461
2.438634
2.438664
2.438889
2.439022
2.439097
2.439118
2.439135
2.439183
2.439219
2.439274
2.439334
2.439360
2.439364
2.439382
2.439461
2.439462
2.439578
2.439644
2.439654
2.439666
2.439721
2.439898
2.440031
2.440058
2.440115
2.440191
2.440202
2.440245
2.440285
2.440315
2.440354
2.440405
2.440450
2.440456
2.440508
2.440528
2.440548
2.440579
2.440688
2.440736
2.440746
2.440832
2.440956
2.441217
2.441219
2.441280
2.441342
2.441390
2.441437
2.441487
2.441499
2.441864
2.441889
2.441901
2.441903
2.441995
2.442113
2.442129
2.442178
2.442243
2.442332
2.442353
2.442368
2.442374
2.442412
2.442455
2.442458
2.442459
2.442527
2.442599
2.442628
2.442742
2.442742
2.442875
2.442918
2.443099
2.443139
2.443175
2.443175
2.443181
2.443220
2.443240
2.443361
2.443401
2.443550
2.443646
2.443683
2.443787
2.443869
2.443901
2.443944
2.444004
2.444051
2.444067
2.444119
2.444138
2.444159
2.444236
2.444247
2.444248
2.444316
2.444347
2.444551
2.444571
2.444680
2.444712
2.444731
2.444761
2.444795
2.444839
2.444922
2.444930
2.444936
2.444999
2.445003
2.445028
2.445237
2.445266
2.445350
2.445396
2.445622
2.445735
2.445748
2.445872
2.446000
2.446220
2.446264
2.446281
2.446285
2.446315
2.446399
2.446417
2.446418
2.446537
2.446558
2.446754
2.446834
2.446890
2.446918
2.446951
2.447023
2.447069
2.447079
2.447168
2.447299
2.447496
2.447507
2.447615
2.447670
2.447685
2.447699
2.447708
2.447795
2.447956
2.447963
2.448001
2.448128
2.448148
2.448175
2.448183
2.448239
2.448297
2.448316
2.448403
2.448482
2.448637
2.448658
2.448659
2.448723
2.448769
2.448788
2.448831
2.448896
2.449033
2.449056
2.449076
2.449157
2.449184
2.449249
2.449285
2.449296
2.449302
2.449322
2.449327
2.449461
2.449472
2.449507
2.449623
2.449623
2.449627
2.449843
2.449858
2.449944
2.450054
2.450083
2.450259
2.450309
2.450413
2.450430
2.450436
2.450453
2.450565
2.450574
2.450588
2.450638
2.450802
2.450832
2.451056
2.451067
2.451133
2.451226
2.451236
2.451274
2.451287
2.451297
2.451311
2.451314
2.451518
2.451555
2.451583
2.451657
2.451759
2.451779
2.451786
2.451858
2.451892
2.451913
2.451940
2.451972
2.451990
2.452092
2.452488
2.452504
2.452513
2.452613
2.452729
2.453024
2.453189
2.453219
2.453242
2.453249
2.453340
2.453348
2.453390
2.453396
2.453524
2.453563
2.453737
2.453752
2.453775
2.453826
2.453860
2.454050
2.454080
2.454258
2.454283
2.454305
2.454306
2.454355
2.454387
2.454466
2.454495
2.454530
2.454705
2.454735
2.454761
2.454831
2.454964
2.455015
2.455027
2.455102
2.455126
2.455182
2.455262
2.455297
2.455371
2.455396
2.455405
2.455505
2.455546
2.455560
2.455627
2.455689
2.455751
2.455815
2.455949
2.456132
2.456169
2.456235
2.456411
2.456487
2.456561
2.456626
2.456645
2.456666
2.456675
2.456721
2.456726
2.456800
2.456817
2.456849
2.456877
2.456893
2.456980
2.457130
2.457224
2.457282
2.457395
2.457524
2.457528
2.457573
2.457595
2.457727
2.457974
2.458035
2.458038
2.458061
2.458204
2.458224
2.458295
2.458387
2.458447
2.458509
2.458558
2.458569
2.458663
2.458731
2.458740
2.458780
2.458792
2.458882
2.458898
2.458973
2.459114
2.459125
2.459154
2.459198
2.459300
2.459353
2.459517
2.459558
2.459607
2.459751
2.459759
2.459857
2.460009
2.460027
2.460029
2.460045
2.460069
2.460262
2.460382
2.460405
2.460420
2.460431
2.460431
2.460477
2.460556
2.460660
2.460691
2.460751
2.460836
2.460872
2.460878
2.461021
2.461028
2.461036
2.461052
2.461103
2.461238
2.461255
2.461257
2.461283
2.461335
2.461375
2.461381
2.461425
2.461445
2.461466
2.461669
2.461712
2.461717
2.461773
2.461804
2.461805
2.462014
2.462028
2.462069
2.462084
2.462326
2.462435
2.462483
2.462560
2.462618
2.462618
2.462706
2.462768
2.462788
2.462812
2.462846
2.462876
2.462944
2.463033
2.463084
2.463147
2.463231
2.463320
2.463357
2.463446
2.463477
2.463637
2.463749
2.463756
2.463824
2.463866
2.463868
2.463941
2.463956
2.464195
2.464294
2.464314
2.464365
2.464376
2.464434
2.464558
2.464741
2.464745
2.464779
2.464839
2.464891
2.464892
2.464951
2.465141
2.465186
2.465195
2.465212
2.465246
2.465257
2.465268
2.465278
2.465326
2.465328
2.465391
2.465495
2.465504
2.465516
2.465543
2.465573
2.465649
2.465736
2.465836
2.465871
2.465969
2.465986
2.466040
2.466045
2.466090
2.466188
2.466202
2.466300
2.466377
2.466408
2.466455
2.466564
2.466691
2.466707
2.466760
2.466860
2.466865
2.466868
2.466893
2.466948
2.466973
2.467082
2.467105
2.467191
2.467305
2.467485
2.467530
2.467580
2.467602
2.467606
2.467697
2.467726
2.467757
2.467760
2.467833
2.467838
2.467849
2.467880
2.467882
2.467884
2.467909
2.467948
2.468028
2.468110
2.468173
2.468201
2.468294
2.468425
2.468427
2.468454
2.468581
2.468611
2.468702
2.468806
2.468828
2.468834
2.468847
2.468889
2.468893
2.468932
2.468984
2.469059
2.469075
2.469225
2.469271
2.469328
2.469337
2.469390
2.469428
2.469455
2.469535
2.469581
2.469867
2.469927
2.469960
2.469977
2.470006
2.470061
2.470081
2.470099
2.470143
2.470200
2.470304
2.470309
2.470387
2.470438
2.470442
2.470448
2.470448
2.470495
2.470546
2.470740
2.470772
2.470855
2.471124
2.471133
2.471205
2.471233
2.471250
2.471274
2.471357
2.471430
2.471447
2.471461
2.471469
2.471570
2.471987
2.472140
2.472237
2.472239
2.472265
2.472334
2.472414
2.472568
2.472607
2.472828
2.472836
2.472951
2.472955
2.472957
2.473073
2.473166
2.473183
2.473233
2.473253
2.473253
2.473269
2.473458
2.473478
2.473627
2.473838
2.473839
2.473926
2.474028
2.474032
2.474128
2.474198
2.474222
2.474388
2.474424
2.474506
2.474704
2.474926
2.474951
2.475001
2.475002
2.475018
2.475042
2.475053
2.475065
2.475133
2.475493
2.475621
2.475710
2.475737
2.475850
2.475883
2.475886
2.475947
2.475975
2.476011
2.476085
2.476109
2.476125
2.476175
2.476218
2.476276
2.476311
2.476362
2.476410
2.476434
2.476594
2.476643
2.476675
2.476783
2.476807
2.476813
2.476896
2.477036
2.477158
2.477164
2.477196
2.477217
2.477243
2.477421
2.477480
2.477558
2.477580
2.477638
2.477702
2.477781
2.477847
2.477851
2.477887
2.477951
2.477956
2.478068
2.478081
2.478141
2.478182
2.478292
2.478301
2.478338
2.478338
2.478356
2.478372
2.478443
2.478509
2.478644
2.478648
2.478728
2.478737
2.478760
2.478775
2.478797
2.478861
2.479020
2.479060
2.479145
2.479148
2.479168
2.479199
2.479223
2.479232
2.479292
2.479301
2.479392
2.479473
2.479577
2.479659
2.479702
2.479806
2.479928
2.479980
2.479981
2.480013
2.480021
2.480047
2.480095
2.480147
2.480186
2.480227
2.480233
2.480286
2.480331
2.480415
2.480417
2.480426
2.480522
2.480589
2.480648
2.480655
2.480784
2.480796
2.480911
2.480942
2.480948
2.480968
2.481095
2.481272
2.481294
2.481384
2.481388
2.481457
2.481484
2.481493
2.481510
2.481682
2.481710
2.481751
2.481787
2.481789
2.481823
2.481857
2.481963
2.482024
2.482026
2.482098
2.482129
2.482171
2.482258
2.482300
2.482305
2.482310
2.482313
2.482354
2.482359
2.482363
2.482417
2.482475
2.482491
2.482627
2.482695
2.482702
2.482753
2.482817
2.482901
2.482936
2.482948
2.482982
2.483011
2.483018
2.483202
2.483272
2.483332
2.483354
2.483425
2.483462
2.483514
2.483550
2.483637
2.483640
2.483643
2.483765
2.483802
2.483910
2.483922
2.484147
2.484327
2.484344
2.484529
2.484532
2.484534
2.484702
2.484740
2.484768
2.484888
2.484895
2.484972
2.485052
2.485076
2.485111
2.485114
2.485129
2.485224
2.485259
2.485284
2.485378
2.485468
2.485584
2.485695
2.485860
2.485879
2.485881
2.485883
2.485976
2.486046
2.486099
2.486104
2.486154
2.486307
2.486360
2.486374
2.486700
2.486761
2.486782
2.486816
2.486883
2.487044
2.487253
2.487288
2.487334
2.487409
2.487422
2.487470
2.487475
2.487594
2.487701
2.487736
2.487752
2.487761
2.487855
2.487911
2.488002
2.488119
2.488139
2.488153
2.488177
2.488182
2.488344
2.488360
2.488388
2.488445
2.488659
2.488688
2.488710
2.488757
2.488786
2.488871
2.488928
2.488989
2.489002
2.489015
2.489018
2.489055
2.489196
2.489294
2.489323
2.489481
2.489595
2.489779
2.489834
2.489856
2.489875
2.489947
2.489958
2.490019
2.490054
2.490077
2.490080
2.490114
2.490126
2.490132
2.490155
2.490174
2.490294
2.490308
2.490407
2.490428
2.490459
2.490541
2.490699
2.491025
2.491077
2.491145
2.491147
2.491186
2.491204
2.491211
2.491282
2.491430
2.491503
2.491561
2.491594
2.491637
2.491638
2.491661
2.491738
2.491758
2.491770
2.491784
2.491886
2.491950
2.492113
2.492226
2.492305
2.492338
2.492370
2.492441
2.492451
2.492605
2.492631
2.492637
2.492649
2.492832
2.492887
2.493008
2.493067
2.493077
2.493134
2.493176
2.493241
2.493307
2.493378
2.493429
2.493582
2.493610
2.493629
2.493655
2.493745
2.493794
2.493846
2.493918
2.493923
2.493932
2.493972
2.493984
2.494048
2.494071
2.494114
2.494316
2.494365
2.494381
2.494442
2.494495
2.494555
2.494572
2.494601
2.494764
2.494877
2.494959
2.494962
2.494997
2.495140
2.495155
2.495178
2.495236
2.495299
2.495419
2.495441
2.495459
2.495505
2.495512
2.495528
2.495608
2.495632
2.495793
2.495860
2.495881
2.495951
2.495974
2.495978
2.496027
2.496032
2.496033
2.496237
2.496250
2.496261
2.496372
2.496430
2.496433
2.496442
2.496509
2.496568
2.496590
2.496678
2.496765
2.496852
2.496879
2.496885
2.496964
2.497050
2.497063
2.497170
2.497286
2.497346
2.497381
2.497393
2.497402
2.497453
2.497494
2.497792
2.497818
2.497845
2.497945
2.498002
2.498028
2.498072
2.498120
2.498154
2.498163
2.498238
2.498244
2.498329
2.498336
2.498379
2.498461
2.498609
2.498773
2.498866
2.498873
2.498876
2.498950
2.499031
2.499039
2.499043
2.499074
2.499139
2.499214
2.499251
2.499258
2.499268
2.499272
2.499378
2.499415
2.499451
2.499512
2.499559
2.499628
2.499695
2.499716
2.499835
2.499985
2.500022
2.500048
2.500096
2.500105
2.500154
2.500249
2.500299
2.500407
2.500558
2.500612
2.500651
2.500865
2.500876
2.500974
2.501175
2.501236
2.501287
2.501326
2.501365
2.501392
2.501513
2.501548
2.501560
2.501581
2.501781
2.501872
2.501898
2.501987
2.502018
2.502023
2.502035
2.502190
2.502241
2.502346
2.502469
2.502474
2.502689
2.502725
2.502743
2.502757
2.502874
2.502904
2.502940
2.503020
2.503026
2.503142
2.503169
2.503208
2.503418
2.503428
2.503438
2.503562
2.503564
2.503568
2.503594
2.503602
2.503607
2.503693
2.503706
2.503785
2.503848
2.503853
2.503905
2.503927
2.504031
2.504055
2.504261
2.504353
2.504366
2.504473
2.504639
2.504644
2.504686
2.504743
2.504744
2.504775
2.504848
2.504866
2.504925
2.504973
2.505002
2.505034
2.505047
2.505146
2.505223
2.505315
2.505374
2.505379
2.505381
2.505389
2.505444
2.505462
2.505482
2.505574
2.505655
2.505656
2.505785
2.505790
2.505820
2.505959
2.506309
2.506339
2.506339
2.506468
2.506479
2.506480
2.506503
2.506562
2.506608
2.506659
2.506662
2.506823
2.506919
2.506972
2.507000
2.507063
2.507105
2.507112
2.507133
2.507137
2.507207
2.507258
2.507269
2.507348
2.507438
2.507458
2.507494
2.507525
2.507648
2.507672
2.507889
2.507932
2.507971
2.507981
2.508003
2.508012
2.508023
2.508099
2.508260
2.508296
2.508347
2.508404
2.508406
2.508489
2.508492
2.508536
2.508615
2.508704
2.508875
2.508890
2.508956
2.509042
2.509077
2.509090
2.509244
2.509292
2.509375
2.509380
2.509465
2.509478
2.509490
2.509511
2.509534
2.509557
2.509567
2.509638
2.509709
2.509728
2.509808
2.509820
2.509873
2.509934
2.509936
2.509953
2.510202
2.510215
2.510231
2.510330
2.510372
2.510404
2.510460
2.510484
2.510623
2.510661
2.510705
2.510754
2.510755
2.510796
2.510998
2.511037
2.511081
2.511096
2.511101
2.511209
2.511210
2.511259
2.511263
2.511352
2.511382
2.511438
2.511539
2.511585
2.511602
2.511653
2.511961
2.512032
2.512056
2.512224
2.512305
2.512467
2.512551
2.512562
2.512573
2.512578
2.512603
2.512645
2.512687
2.512766
2.512791
2.512863
2.512931
2.512951
2.512980
2.513067
2.513088
2.513182
2.513276
2.513317
2.513335
2.513471
2.513527
2.513537
2.513661
2.513749
2.513757
2.513848
2.513875
2.513960
2.514244
2.514300
2.514350
2.514574
2.514635
2.514640
2.514738
2.514744
2.514775
2.514826
2.514835
2.514887
2.514888
2.515046
2.515066
2.515203
2.515220
2.515372
2.515409
2.515542
2.515568
2.515651
2.515659
2.515716
2.515851
2.515938
2.515962
2.516047
2.516096
2.516117
2.516153
2.516182
2.516229
2.516276
2.516382
2.516422
2.516553
2.516717
2.516752
2.516825
2.516843
2.516853
2.516864
2.516964
2.516992
2.517010
2.517101
2.517193
2.517237
2.517242
2.517308
2.517310
2.517336
2.517338
2.517426
2.517500
2.517549
2.517629
2.517787
2.517793
2.517918
2.518019
2.518024
2.518084
2.518133
2.518170
2.518206
2.518224
2.518380
2.518404
2.518553
2.518587
2.518591
2.518610
2.518685
2.518720
2.518761
2.518885
2.519049
2.519141
2.519169
2.519288
2.519327
2.519350
2.519538
2.519554
2.519627
2.519688
2.519732
2.519747
2.519754
2.519754
2.519827
2.519865
2.519871
2.519913
2.519918
2.519974
2.520025
2.520108
2.520147
2.520150
2.520243
2.520247
2.520345
2.520348
2.520475
2.520496
2.520717
2.520737
2.520779
2.520869
2.520972
2.520986
2.520994
2.521054
2.521064
2.521116
2.521122
2.521223
2.521241
2.521336
2.521340
2.521367
2.521427
2.521445
2.521588
2.521636
2.521639
2.521688
2.521728
2.521735
2.521880
2.521895
2.521907
2.521956
2.522096
2.522108
2.522342
2.522348
2.522434
2.522531
2.522540
2.522566
2.522613
2.522688
2.522717
2.522733
2.522762
2.522774
2.522828
2.522889
2.522909
2.522980
2.522981
2.523015
2.523031
2.523039
2.523136
2.523162
2.523193
2.523198
2.523299
2.523321
2.523618
2.523627
2.523645
2.523674
2.523680
2.523696
2.523777
2.523868
2.524228
2.524614
2.524774
2.524775
2.524776
2.524808
2.524860
2.524957
2.525025
2.525034
2.525079
2.525082
2.525112
2.525157
2.525344
2.525416
2.525557
2.525585
2.525633
2.525737
2.525809
2.525848
2.526107
2.526150
2.526185
2.526273
2.526281
2.526315
2.526378
2.526387
2.526391
2.526407
2.526462
2.526469
2.526505
2.526541
2.526568
2.526612
2.526733
2.526735
2.526738
2.526773
2.526791
2.526842
2.526874
2.526877
2.526966
2.526991
2.526997
2.527023
2.527122
2.527140
2.527143
2.527302
2.527360
2.527410
2.527421
2.527436
2.527552
2.527604
2.527622
2.527641
2.527773
2.527830
2.527907
2.527944
2.527971
2.528084
2.528126
2.528128
2.528188
2.528188
2.528308
2.528328
2.528350
2.528380
2.528540
2.528567
2.528598
2.528604
2.528704
2.528800
2.528849
2.528871
2.528898
2.528929
2.528932
2.529040
2.529193
2.529236
2.529236
2.529308
2.529419
2.529489
2.529497
2.529532
2.529578
2.529771
2.529813
2.529845
2.529985
2.530107
2.530382
2.530497
2.530633
2.530804
2.530829
2.530890
2.530972
2.530989
2.530996
2.531025
2.531165
2.531169
2.531417
2.531451
2.531539
2.531544
2.531610
2.531631
2.531644
2.531648
2.531651
2.531670
2.531724
2.531793
2.531810
2.531827
2.531879
2.531925
2.532098
2.532166
2.532241
2.532275
2.532283
2.532322
2.532408
2.532431
2.532443
2.532449
2.532497
2.532623
2.532710
2.532752
2.532767
2.532773
2.532779
2.533091
2.533242
2.533254
2.533437
2.533468
2.533524
2.533667
2.533674
2.533686
2.533751
2.533879
2.533879
2.533899
2.534044
2.534102
2.534171
2.534366
2.534378
2.534428
2.534493
2.534558
2.534562
2.534567
2.534599
2.534626
2.534645
2.534707
2.534709
2.534758
2.534827
2.534876
2.534935
2.534964
2.534967
2.534993
2.535030
2.535049
2.535066
2.535067
2.535089
2.535100
2.535237
2.535241
2.535325
2.535489
2.535535
2.535649
2.535656
2.535710
2.535793
2.535837
2.535866
2.535870
2.535945
2.535976
2.535992
2.536003
2.536030
2.536094
2.536096
2.536163
2.536176
2.536180
2.536181
2.536294
2.536337
2.536383
2.536421
2.536535
2.536541
2.536551
2.536568
2.536639
2.536649
2.536689
2.536932
2.537013
2.537109
2.537195
2.537602
2.537625
2.537633
2.537684
2.537749
2.537780
2.537850
2.537963
2.537981
2.538057
2.538064
2.538339
2.538423
2.538437
2.538637
2.538677
2.538685
2.538713
2.538738
2.538772
2.538853
2.538899
2.538960
2.539060
2.539070
2.539087
2.539127
2.539196
2.539299
2.539335
2.539338
2.539355
2.539365
2.539424
2.539472
2.539505
2.539508
2.539512
2.539527
2.539537
2.539570
2.539633
2.539849
2.539871
2.539881
2.539980
2.540125
2.540143
2.540218
2.540262
2.540391
2.540500
2.540682
2.540691
2.540872
2.540879
2.540890
2.540912
2.540939
2.540959
2.541009
2.541050
2.541090
2.541127
2.541136
2.541146
2.541205
2.541213
2.541213
2.541428
2.541439
2.541457
2.541491
2.541528
2.541572
2.541585
2.541666
2.541700
2.541725
2.541749
2.541799
2.541815
2.541945
2.541967
2.542006
2.542156
2.542170
2.542174
2.542231
2.542264
2.542267
2.542273
2.542370
2.542423
2.542425
2.542466
2.542477
2.542583
2.542676
2.542732
2.542844
2.542860
2.542873
2.542886
2.542952
2.542987
2.543082
2.543251
2.543313
2.543377
2.543382
2.543433
2.543441
2.543466
2.543528
2.543534
2.543577
2.543623
2.543670
2.543670
2.543801
2.543844
2.544040
2.544113
2.544150
2.544151
2.544200
2.544250
2.544335
2.544601
2.544626
2.544669
2.544733
2.544825
2.544877
2.544879
2.545033
2.545243
2.545250
2.545271
2.545273
2.545511
2.545571
2.545581
2.545671
2.545759
2.545805
2.545902
2.545909
2.545949
2.545990
2.546079
2.546352
2.546381
2.546423
2.546465
2.546588
2.546662
2.546933
2.546984
2.547029
2.547036
2.547041
2.547043
2.547089
2.547150
2.547198
2.547220
2.547225
2.547227
2.547363
2.547392
2.547522
2.547538
2.547621
2.547672
2.547738
2.547862
2.547866
2.547868
2.547919
2.547975
2.547981
2.547984
2.548032
2.548046
2.548179
2.548361
2.548502
2.548585
2.548628
2.548698
2.548876
2.548934
2.549012
2.549012
2.549039
2.549145
2.549164
2.549227
2.549272
2.549280
2.549291
2.549326
2.549384
2.549427
2.549479
2.549504
2.549553
2.549607
2.549668
2.549683
2.549689
2.549824
2.549825
2.549945
2.550041
2.550182
2.550306
2.550310
2.550332
2.550342
2.550351
2.550467
2.550505
2.550524
2.550528
2.550554
2.550584
2.550618
2.550756
2.550826
2.550845
2.550952
2.550962
2.550971
2.551108
2.551148
2.551217
2.551273
2.551308
2.551344
2.551359
2.551397
2.551452
2.551468
2.551503
2.551513
2.551521
2.551568
2.551593
2.551608
2.551624
2.551677
2.551703
2.551846
2.551972
2.552153
2.552221
2.552292
2.552306
2.552334
2.552409
2.552537
2.552587
2.552588
2.552694
2.552787
2.552803
2.552846
2.552862
2.552966
2.552970
2.552975
2.553227
2.553350
2.553362
2.553436
2.553476
2.553515
2.553558
2.553630
2.553631
2.553646
2.553771
2.553773
2.553796
2.553946
2.554019
2.554060
2.554080
2.554084
2.554110
2.554223
2.554247
2.554426
2.554475
2.554567
2.554604
2.554621
2.554662
2.554705
2.554738
2.554780
2.554847
2.554905
2.555040
2.555154
2.555218
2.555288
2.555360
2.555466
2.555655
2.555786
2.555794
2.555881
2.555935
2.555957
2.556109
2.556159
2.556297
2.556321
2.556459
2.556520
2.556553
2.556560
2.556647
2.556825
2.556827
2.556845
2.556915
2.556937
2.557024
2.557032
2.557068
2.557071
2.557232
2.557381
2.557433
2.557593
2.557600
2.557626
2.557685
2.557698
2.557713
2.557720
2.558101
2.558298
2.558508
2.558540
2.558551
2.558598
2.558630
2.558738
2.558889
2.558897
2.559008
2.559178
2.559207
2.559417
2.559485
2.559539
2.559576
2.559675
2.559690
2.559695
2.559731
2.559935
2.559955
2.560027
2.560104
2.560125
2.560160
2.560181
2.560282
2.560291
2.560430
2.560446
2.560470
2.560621
2.560622
2.560680
2.560740
2.560764
2.560794
2.560807
2.560830
2.560848
2.560849
2.560943
2.561327
2.561404
2.561414
2.561430
2.561479
2.561519
2.561590
2.561657
2.561683
2.561779
2.561840
2.562035
2.562069
2.562070
2.562108
2.562119
2.562142
2.562155
2.562158
2.562183
2.562199
2.562306
2.562335
2.562440
2.562449
2.562524
2.562572
2.562595
2.562599
2.562697
2.562705
2.562712
2.562810
2.562826
2.562872
2.562995
2.563071
2.563084
2.563156
2.563198
2.563255
2.563255
2.563263
2.563278
2.563426
2.563459
2.563467
2.563504
2.563581
2.563636
2.563661
2.563662
2.563721
2.563755
2.563762
2.563837
2.563840
2.563896
2.563900
2.563941
2.563977
2.564048
2.564104
2.564220
2.564265
2.564297
2.564303
2.564383
2.564641
2.564734
2.564750
2.564784
2.564870
2.564911
2.565050
2.565204
2.565205
2.565242
2.565267
2.565377
2.565385
2.565400
2.565401
2.565442
2.565471
2.565499
2.565609
2.565727
2.565953
2.565995
2.566164
2.566244
2.566365
2.566379
2.566529
2.566606
2.566618
2.566631
2.566689
2.566817
2.566904
2.566958
2.567007
2.567029
2.567093
2.567122
2.567130
2.567145
2.567164
2.567187
2.567273
2.567274
2.567277
2.567296
2.567321
2.567378
2.567424
2.567453
2.567534
2.567713
2.567726
2.567759
2.567770
2.567907
2.568026
2.568030
2.568080
2.568083
2.568145
2.568163
2.568178
2.568212
2.568284
2.568303
2.568357
2.568437
2.568480
2.568500
2.568529
2.568535
2.568541
2.568606
2.568623
2.568705
2.568760
2.568803
2.568817
2.568942
2.569031
2.569117
2.569120
2.569129
2.569181
2.569215
2.569253
2.569283
2.569287
2.569381
2.569392
2.569414
2.569474
2.569547
2.569654
2.569672
2.569687
2.569831
2.569956
2.570112
2.570341
2.570480
2.570557
2.570912
2.570951
2.571029
2.571038
2.571248
2.571333
2.571356
2.571390
2.571396
2.571429
2.571434
2.571554
2.571580
2.571615
2.571712
2.571758
2.571835
2.571874
2.571889
2.572067
2.572126
2.572129
2.572141
2.572288
2.572379
2.572486
2.572490
2.572505
2.572575
2.572709
2.573028
2.573103
2.573103
2.573142
2.573211
2.573216
2.573259
2.573333
2.573341
2.573426
2.573487
2.573587
2.573596
2.573653
2.573782
2.573788
2.573819
2.573888
2.573895
2.573904
2.573920
2.574055
2.574128
2.574142
2.574205
2.574327
2.574347
2.574377
2.574404
2.574468
2.574567
2.574590
2.574612
2.574640
2.574722
2.574832
2.574838
2.574857
2.575081
2.575088
2.575172
2.575284
2.575308
2.575518
2.575543
2.575765
2.575784
2.576019
2.576058
2.576087
2.576122
2.576122
2.576227
2.576401
2.576436
2.576446
2.576472
2.576526
2.576785
2.576851
2.577001
2.577039
2.577114
2.577197
2.577244
2.577282
2.577283
2.577290
2.577314
2.577324
2.577325
2.577326
2.577441
2.577446
2.577469
2.577522
2.577544
2.577554
2.577579
2.577620
2.577659
2.577676
2.577688
2.577706
2.577904
2.577998
2.578074
2.578142
2.578168
2.578263
2.578378
2.578387
2.578404
2.578636
2.578643
2.578723
2.578793
2.578911
2.579016
2.579033
2.579041
2.579057
2.579151
2.579280
2.579299
2.579323
2.579338
2.579360
2.579382
2.579388
2.579472
2.579494
2.579600
2.579698
2.579797
2.579891
2.579959
2.580125
2.580165
2.580357
2.580370
2.580477
2.580491
2.580527
2.580734
2.580936
2.580946
2.580948
2.580977
2.580980
2.580986
2.581006
2.581041
2.581060
2.581152
2.581216
2.581241
2.581352
2.581422
2.581434
2.581561
2.581637
2.581856
2.581867
2.581994
2.582003
2.582137
2.582169
2.582170
2.582199
2.582418
2.582441
2.582456
2.582515
2.582626
2.582758
2.582767
2.582837
2.582922
2.582945
2.582980
2.583034
2.583104
2.583129
2.583184
2.583249
2.583272
2.583297
2.583351
2.583403
2.583422
2.583425
2.583560
2.583635
2.583635
2.583642
2.583685
2.583784
2.583821
2.583844
2.583976
2.584086
2.584096
2.584167
2.584169
2.584203
2.584209
2.584209
2.584232
2.584298
2.584366
2.584469
2.584550
2.584577
2.584599
2.584698
2.584734
2.584778
2.584806
2.584841
2.584919
2.585094
2.585121
2.585132
2.585185
2.585270
2.585305
2.585388
2.585405
2.585469
2.585515
2.585541
2.585576
2.585802
2.585808
2.585891
2.585977
2.586011
2.586027
2.586085
2.586121
2.586243
2.586511
2.586576
2.586584
2.586619
2.586765
2.586816
2.586861
2.586861
2.586862
2.586965
2.586971
2.587043
2.587066
2.587274
2.587452
2.587469
2.587490
2.587494
2.587558
2.587598
2.587630
2.587769
2.587842
2.587879
2.587891
2.588171
2.588459
2.588501
2.588692
2.588700
2.588740
2.588800
2.588824
2.589055
2.589118
2.589222
2.589323
2.589528
2.589549
2.589585
2.589641
2.589694
2.589737
2.589794
2.589810
2.589853
2.589899
2.589930
2.589969
2.590120
2.590173
2.590208
2.590386
2.590440
2.590446
2.590512
2.590561
2.590608
2.590702
2.590717
2.590727
2.590740
2.590754
2.590935
2.591019
2.591104
2.591144
2.591260
2.591393
2.591408
2.591464
2.591468
2.591583
2.591592
2.591623
2.591638
2.591638
2.591644
2.591800
2.591850
2.591907
2.591971
2.592085
2.592192
2.592311
2.592355
2.592368
2.592394
2.592471
2.592477
2.592489
2.592533
2.592586
2.592587
2.592672
2.592692
2.592772
2.592782
2.592848
2.593098
2.593298
2.593377
2.593453
2.593453
2.593504
2.593531
2.593667
2.593738
2.593749
2.593786
2.593789
2.593873
2.593890
2.593972
2.593996
2.594125
2.594255
2.594323
2.594326
2.594406
2.594419
2.594485
2.594536
2.594543
2.594577
2.594712
2.594851
2.594865
2.594888
2.594926
2.594948
2.594993
2.595023
2.595025
2.595130
2.595212
2.595228
2.595325
2.595329
2.595482
2.595486
2.595739
2.595782
2.595791
2.595793
2.595798
2.595860
2.595922
2.596028
2.596035
2.596080
2.596117
2.596127
2.596157
2.596167
2.596172
2.596188
2.596275
2.596451
2.596463
2.596633
2.596634
2.596684
2.596691
2.596694
2.596726
2.596729
2.596733
2.596754
2.596759
2.596808
2.596837
2.596842
2.596925
2.596933
2.597151
2.597191
2.597235
2.597256
2.597343
2.597391
2.597395
2.597430
2.597488
2.597513
2.597523
2.597568
2.597718
2.597758
2.597758
2.597816
2.597821
2.597826
2.597837
2.597882
2.597941
2.598089
2.598117
2.598182
2.598215
2.598219
2.598263
2.598293
2.598350
2.598397
2.598399
2.598451
2.598533
2.598539
2.598597
2.598661
2.598717
2.598751
2.598757
2.598780
2.598825
2.598827
2.598940
2.598950
2.598951
2.598980
2.598984
2.598987
2.598993
2.599056
2.599139
2.599345
2.599399
2.599410
2.599411
2.599418
2.599500
2.599524
2.599548
2.599569
2.599578
2.599818
2.599844
2.599881
2.599903
2.599961
2.599998
2.600101
2.600142
2.600143
2.600146
2.600200
2.600290
2.600499
2.600546
2.600686
2.600703
2.600762
2.600806
2.600903
2.601346
2.601380
2.601457
2.601512
2.601523
2.601537
2.601771
2.601795
2.601804
2.601879
2.601921
2.601924
2.601936
2.602105
2.602122
2.602157
2.602161
2.602168
2.602231
2.602232
2.602288
2.602414
2.602442
2.602527
2.602530
2.602538
2.602567
2.602694
2.602795
2.602895
2.602953
2.603162
2.603237
2.603246
2.603268
2.603283
2.603323
2.603323
2.603380
2.603504
2.603583
2.603588
2.603646
2.603712
2.603745
2.603770
2.603842
2.603908
2.603978
2.604030
2.604054
2.604069
2.604184
2.604366
2.604400
2.604452
2.604514
2.604685
2.604708
2.604716
2.604735
2.604793
2.604879
2.605064
2.605094
2.605123
2.605185
2.605256
2.605319
2.605446
2.605522
2.605522
2.605529
2.605592
2.605643
2.605679
2.605680
2.605685
2.605922
2.606008
2.606025
2.606064
2.606277
2.606401
2.606406
2.606444
2.606563
2.606575
2.606638
2.606858
2.606872
2.606883
2.606940
2.606987
2.607077
2.607083
2.607290
2.607489
2.607536
2.607564
2.607568
2.607590
2.607620
2.607658
2.607806
2.607876
2.607929
2.608016
2.608061
2.608144
2.608230
2.608272
2.608399
2.608409
2.608438
2.608461
2.608690
2.608713
2.608737
2.608765
2.608776
2.608843
2.608853
2.608917
2.608925
2.608975
2.609017
2.609037
2.609054
2.609088
2.609096
2.609107
2.609169
2.609304
2.609306
2.609308
2.609637
2.609692
2.609700
2.609810
2.609905
2.610048
2.610242
2.610276
2.610556
2.610592
2.610593
2.610600
2.610612
2.610883
2.610982
2.611044
2.611045
2.611053
2.611332
2.611568
2.611577
2.611628
2.611658
2.611736
2.611779
2.611789
2.611838
2.611863
2.612177
2.612198
2.612222
2.612330
2.612347
2.612592
2.612597
2.612660
2.612683
2.612710
2.612804
2.612806
2.612867
2.612876
2.613016
2.613035
2.613070
2.613079
2.613098
2.613143
2.613164
2.613207
2.613245
2.613288
2.613289
2.613317
2.613330
2.613344
2.613496
2.613505
2.613723
2.613731
2.613751
2.613793
2.613933
2.614043
2.614062
2.614086
2.614142
2.614189
2.614261
2.614289
2.614290
2.614584
2.614587
2.614619
2.614645
2.614716
2.614718
2.614730
2.614969
2.615002
2.615168
2.615175
2.615177
2.615272
2.615278
2.615288
2.615328
2.615338
2.615356
2.615362
2.615382
2.615428
2.615479
2.615503
2.615529
2.615541
2.615574
2.615666
2.615706
2.615772
2.615901
2.615924
2.615996
2.616088
2.616093
2.616104
2.616193
2.616260
2.616295
2.616334
2.616526
2.616668
2.617001
2.617059
2.617091
2.617097
2.617108
2.617227
2.617283
2.617357
2.617377
2.617418
2.617493
2.617516
2.617554
2.617584
2.617698
2.617759
2.617909
2.617956
2.618017
2.618027
2.618084
2.618140
2.618205
2.618395
2.618493
2.618501
2.618571
2.618611
2.618613
2.618650
2.618726
2.618808
2.618819
2.618954
2.618967
2.618988
2.619006
2.619022
2.619047
2.619260
2.619318
2.619507
2.619515
2.619632
2.619698
2.619790
2.620009
2.620010
2.620094
2.620162
2.620263
2.620275
2.620426
2.620453
2.620515
2.620612
2.620637
2.620641
2.621083
2.621115
2.621135
2.621201
2.621310
2.621429
2.621475
2.621640
2.621724
2.621789
2.621922
2.622043
2.622082
2.622247
2.622268
2.622295
2.622328
2.622346
2.622349
2.622365
2.622380
2.622448
2.622508
2.622565
2.622598
2.622892
2.622957
2.623020
2.623143
2.623245
2.623253
2.623294
2.623314
2.623389
2.623429
2.623430
2.623581
2.623744
2.623773
2.623782
2.623910
2.624033
2.624052
2.624060
2.624126
2.624126
2.624166
2.624236
2.624258
2.624438
2.624475
2.624593
2.624643
2.624684
2.624685
2.624740
2.624792
2.624908
2.624919
2.625169
2.625255
2.625297
2.625441
2.625587
2.625647
2.625660
2.625723
2.625735
2.625770
2.626003
2.626010
2.626129
2.626154
2.626204
2.626223
2.626292
2.626312
2.626430
2.626430
2.626475
2.626620
2.626633
2.626768
2.626865
2.626874
2.626887
2.626966
2.626970
2.627043
2.627201
2.627204
2.627250
2.627341
2.627406
2.627580
2.627690
2.627730
2.627812
2.627992
2.628042
2.628093
2.628204
2.628304
2.628321
2.628354
2.628459
2.628519
2.628577
2.628672
2.628763
2.628796
2.628890
2.629085
2.629114
2.629124
2.629150
2.629188
2.629202
2.629312
2.629430
2.629443
2.629464
2.629650
2.629827
2.630141
2.630181
2.630227
2.630363
2.630518
2.630552
2.630613
2.630826
2.630885
2.630897
2.630905
2.630997
2.631003
2.631038
2.631053
2.631092
2.631197
2.631202
2.631222
2.631297
2.631340
2.631342
2.631363
2.631377
2.631402
2.631421
2.631433
2.631456
2.631613
2.631688
2.631697
2.631954
2.631964
2.632156
2.632298
2.632320
2.632347
2.632388
2.632573
2.632578
2.632684
2.632764
2.632786
2.632825
2.632880
2.632913
2.633039
2.633220
2.633276
2.633327
2.633391
2.633645
2.633648
2.633668
2.633713
2.633739
2.633794
2.633924
2.634079
2.634095
2.634101
2.634197
2.634318
2.634404
2.634432
2.634514
2.634715
2.634736
2.634901
2.635063
2.635067
2.635084
2.635168
2.635547
2.635671
2.635748
2.635782
2.635784
2.635949
2.635992
2.636014
2.636271
2.636351
2.636387
2.636436
2.636438
2.636746
2.636922
2.637274
2.637338
2.637402
2.637459
2.637493
2.637550
2.637608
2.637645
2.637678
2.637706
2.637924
2.638021
2.638213
2.638290
2.638348
2.638377
2.638385
2.638386
2.638408
2.638464
2.638476
2.638607
2.638664
2.638787
2.638789
2.638845
2.638901
2.639069
2.639094
2.639102
2.639127
2.639212
2.639236
2.639239
2.639367
2.639527
2.639570
2.639615
2.639641
2.639844
2.640089
2.640091
2.640115
2.640187
2.640208
2.640318
2.640320
2.640357
2.640613
2.640651
2.640661
2.640748
2.640915
2.640990
2.641086
2.641243
2.641245
2.641290
2.641358
2.641490
2.641657
2.641676
2.641690
2.641900
2.641982
2.642093
2.642148
2.642242
2.642350
2.642382
2.642397
2.642410
2.642431
2.642462
2.642503
2.642609
2.642830
2.642844
2.642864
2.642873
2.642895
2.642945
2.643043
2.643044
2.643298
2.643306
2.643501
2.643572
2.643591
2.643625
2.643641
2.643709
2.643723
2.643738
2.643791
2.643809
2.643837
2.643926
2.643972
2.643978
2.644003
2.644061
2.644083
2.644102
2.644127
2.644128
2.644130
2.644144
2.644195
2.644204
2.644228
2.644234
2.644238
2.644247
2.644248
2.644248
2.644248
2.644248
2.644249
2.644249
2.644250
2.644250
2.644250
2.644250
2.644251
2.644251
