1.000000
2.193261
2.496010
2.589189
2.770477
3.039361
3.090861
3.124662
3.169459
3.172041
3.354620
3.425279
3.604415
3.704089
3.710446
3.887417
3.910345
4.098546
4.153332
4.183949
4.247031
4.294846
4.357101
4.388665
4.401818
4.428056
4.466726
4.506715
4.525908
4.554506
4.593432
4.627110
4.657507
4.683496
4.728873
4.770639
4.779489
4.781619
4.835051
4.848367
4.862018
4.864461
4.873728
4.885303
4.909314
4.911942
4.964222
4.968975
4.995081
5.066006
5.081003
5.086395
5.095999
5.098570
5.153547
5.153891
5.173153
5.194643
5.194767
5.203335
5.207638
5.229409
5.240745
5.244053
5.264404
5.277591
5.281299
5.281939
5.284760
5.287460
5.289922
5.293466
5.310566
5.338215
5.347061
5.383479
5.383766
5.384484
5.394128
5.399850
5.404275
5.405222
5.407593
5.413065
5.448421
5.450088
5.451148
5.460125
5.474087
5.475381
5.489630
5.503658
5.512666
5.529524
5.530810
5.543096
5.549585
5.568152
5.568374
5.569721
5.572148
5.574006
5.587710
5.587889
5.608911
5.612825
5.622620
5.624521
5.633578
5.635372
5.647350
5.672981
5.685949
5.686868
5.692605
5.693153
5.707698
5.730185
5.734548
5.756131
5.756247
5.757867
5.770592
5.772791
5.773130
5.774637
5.780476
5.784497
5.789077
5.796135
5.796192
5.797122
5.802710
5.805650
5.806193
5.806294
5.809443
5.813724
5.815423
5.816809
5.821178
5.825933
5.828850
5.835584
5.835633
5.837675
5.842538
5.851393
5.875968
5.892600
5.893300
5.898324
5.904004
5.905310
5.909904
5.919013
5.932266
5.941334
5.946128
5.948471
5.955591
5.976940
5.980221
5.983623
5.984783
5.994617
5.995984
5.997189
5.998186
6.000806
6.001537
6.012147
6.019218
6.022257
6.033498
6.040972
6.046034
6.049237
6.053732
6.086960
6.087652
6.091486
6.092288
6.094754
6.102714
6.105238
6.105454
6.108087
6.109813
6.110701
6.111929
6.116356
6.116439
6.116715
6.120885
6.127291
6.127810
6.128238
6.136410
6.137464
6.137869
6.142606
6.146618
6.165816
6.173708
6.173855
6.178226
6.180195
6.181111
6.181612
6.182405
6.183749
6.185462
6.186337
6.192767
6.198178
6.202682
6.211090
6.212316
6.214221
6.215031
6.220588
6.221744
6.224509
6.226903
6.228857
6.229482
6.232643
6.236927
6.240727
6.241309
6.241693
6.248845
6.254794
6.262360
6.266102
6.276654
6.278181
6.279330
6.279583
6.279835
6.298543
6.298700
6.302635
6.312224
6.312280
6.313962
6.314034
6.325962
6.326007
6.333329
6.339532
6.340996
6.342270
6.346656
6.347264
6.349102
6.356595
6.356847
6.360788
6.363072
6.363128
6.368994
6.373455
6.374586
6.379930
6.381461
6.388740
6.391969
6.397141
6.397445
6.399788
6.400079
6.400728
6.401415
6.406031
6.406406
6.408235
6.410015
6.410866
6.416266
6.416562
6.417332
6.418328
6.424212
6.425340
6.425554
6.427721
6.428208
6.428289
6.429919
6.430402
6.430925
6.433130
6.436477
6.437348
6.443570
6.446420
6.448583
6.451118
6.451818
6.453617
6.454525
6.455012
6.458768
6.462372
6.463677
6.465581
6.466414
6.477337
6.478375
6.483242
6.484446
6.487762
6.490088
6.490106
6.491254
6.496062
6.496864
6.500249
6.500359
6.500600
6.503469
6.506415
6.507950
6.512089
6.513189
6.515278
6.515648
6.518002
6.522377
6.524293
6.524638
6.525228
6.525562
6.526692
6.533072
6.533777
6.535507
6.538689
6.540605
6.548889
6.555582
6.560180
6.566206
6.569259
6.570409
6.573753
6.574760
6.574832
6.577129
6.577347
6.578934
6.580266
6.585325
6.588916
6.590075
6.591979
6.594247
6.595950
6.596469
6.600281
6.603440
6.604459
6.608200
6.612892
6.615282
6.618410
6.620637
6.623428
6.629148
6.630258
6.630631
6.631448
6.635821
6.636046
6.636746
6.641708
6.642118
6.643632
6.644835
6.645215
6.649104
6.650241
6.651907
6.654726
6.656202
6.658765
6.660058
6.660975
6.662342
6.664240
6.665563
6.665680
6.669000
6.669866
6.670692
6.673494
6.674809
6.676782
6.676789
6.681464
6.682018
6.682762
6.686132
6.692552
6.700612
6.702188
6.702534
6.708251
6.710968
6.712771
6.717497
6.718524
6.721855
6.722969
6.723993
6.725430
6.726494
6.728337
6.728806
6.728929
6.730539
6.732140
6.732261
6.734724
6.735160
6.737990
6.746304
6.747477
6.747707
6.748437
6.749126
6.751708
6.752237
6.752536
6.753257
6.753666
6.755402
6.755725
6.755884
6.756223
6.757629
6.758354
6.759074
6.760201
6.761520
6.764562
6.764642
6.772299
6.774722
6.776351
6.778350
6.778558
6.779302
6.779791
6.782339
6.783098
6.783945
6.788859
6.792079
6.793301
6.795954
6.797309
6.798411
6.804504
6.804697
6.805894
6.805910
6.811653
6.817286
6.817528
6.819938
6.821888
6.828114
6.831330
6.832859
6.841226
6.845202
6.845213
6.848536
6.853703
6.856190
6.856509
6.857347
6.858646
6.859972
6.860701
6.864505
6.865881
6.867474
6.869292
6.869799
6.871594
6.872697
6.873981
6.874166
6.874787
6.875937
6.879572
6.879740
6.879944
6.881335
6.882528
6.883480
6.883828
6.885049
6.885193
6.886727
6.887507
6.888023
6.888186
6.888620
6.890636
6.890905
6.892178
6.893126
6.894286
6.896119
6.896364
6.896879
6.897404
6.901628
6.907507
6.910951
6.910960
6.911808
6.913691
6.915164
6.915887
6.916696
6.917889
6.918123
6.920383
6.921031
6.921614
6.923896
6.925228
6.925686
6.926809
6.927694
6.928394
6.930333
6.931757
6.933353
6.934725
6.935399
6.935772
6.936683
6.938931
6.941874
6.943700
6.944385
6.948443
6.948945
6.949722
6.951635
6.952558
6.953587
6.955334
6.955987
6.959868
6.960874
6.961147
6.962375
6.963994
6.964517
6.964528
6.966232
6.967259
6.967686
6.967702
6.968316
6.968788
6.971692
6.972375
6.973868
6.975324
6.977893
6.985493
6.985776
6.986779
6.988741
6.990160
6.991266
6.995929
6.999079
7.003376
7.003942
7.005666
7.006081
7.006473
7.008973
7.009556
7.011153
7.011372
7.012667
7.013665
7.014384
7.014556
7.015353
7.016071
7.017393
7.018067
7.018403
7.018966
7.021151
7.021941
7.022068
7.024760
7.027822
7.028990
7.029709
7.031801
7.033391
7.037457
7.038279
7.038920
7.039483
7.039633
7.040193
7.040595
7.040789
7.041717
7.043201
7.046488
7.047217
7.048050
7.048851
7.050159
7.050736
7.051857
7.055658
7.055673
7.057329
7.057513
7.057881
7.058913
7.064845
7.064864
7.065208
7.067276
7.068814
7.069140
7.069503
7.070872
7.074487
7.074840
7.077824
7.080130
7.080601
7.082747
7.084291
7.084995
7.085149
7.086559
7.090893
7.091417
7.093146
7.094993
7.095634
7.098139
7.098293
7.098761
7.098786
7.102118
7.103245
7.104510
7.105185
7.105464
7.106607
7.106712
7.107405
7.107690
7.108235
7.108437
7.109336
7.109397
7.109450
7.114865
7.115109
7.116164
7.118035
7.118180
7.118361
7.119333
7.119796
7.120840
7.124993
7.125234
7.127594
7.128267
7.129425
7.131517
7.134686
7.135040
7.135637
7.136419
7.139252
7.139766
7.140672
7.143668
7.144073
7.151996
7.152120
7.152287
7.152396
7.152945
7.153684
7.155524
7.155719
7.156064
7.156415
7.159230
7.160843
7.162191
7.162467
7.162630
7.164550
7.165553
7.166153
7.170547
7.172710
7.172798
7.174829
7.175307
7.175429
7.176531
7.177030
7.178372
7.178458
7.179327
7.180060
7.181359
7.182047
7.184130
7.184878
7.186311
7.188268
7.190732
7.191502
7.191887
7.194949
7.197389
7.198270
7.198512
7.202466
7.203482
7.208277
7.212944
7.214820
7.215498
7.220910
7.221128
7.221329
7.221554
7.221990
7.222016
7.222096
7.222346
7.224081
7.224781
7.225567
7.229049
7.231482
7.232213
7.236617
7.237961
7.238104
7.238698
7.239276
7.240995
7.244614
7.244884
7.245699
7.247616
7.249832
7.250289
7.253790
7.254168
7.255759
7.255919
7.255993
7.259268
7.259461
7.259550
7.260343
7.263598
7.263636
7.263956
7.264261
7.265346
7.267254
7.267462
7.267577
7.273386
7.274597
7.275854
7.276852
7.277771
7.278041
7.278383
7.279099
7.279379
7.280779
7.282007
7.282151
7.282691
7.284614
7.284806
7.285734
7.285960
7.287915
7.288959
7.289872
7.291231
7.292296
7.292679
7.292767
7.292797
7.295006
7.295710
7.295969
7.297235
7.298029
7.300272
7.300519
7.300665
7.302352
7.304447
7.304597
7.306160
7.307436
7.309850
7.313581
7.314367
7.316628
7.317915
7.324066
7.327229
7.327384
7.329484
7.332076
7.332989
7.335082
7.335457
7.335721
7.335735
7.336196
7.336545
7.336723
7.337093
7.339264
7.339441
7.340839
7.342176
7.342561
7.345986
7.347355
7.349035
7.349160
7.351227
7.351924
7.352838
7.353860
7.356014
7.356396
7.356741
7.358078
7.358206
7.358821
7.359319
7.359981
7.361028
7.365664
7.365742
7.367852
7.368024
7.368137
7.369524
7.370678
7.372298
7.372672
7.373094
7.373125
7.373584
7.374694
7.375119
7.375866
7.376808
7.378332
7.379183
7.380906
7.382972
7.383559
7.385500
7.385994
7.386943
7.389539
7.390971
7.392791
7.393641
7.394300
7.397205
7.397518
7.398485
7.399872
7.402550
7.403155
7.404988
7.405041
7.406240
7.407662
7.409201
7.409206
7.410642
7.410695
7.410862
7.411256
7.411569
7.411769
7.413950
7.415003
7.415985
7.416401
7.417698
7.418012
7.419103
7.420295
7.420359
7.421496
7.422276
7.423149
7.423830
7.425699
7.426907
7.427552
7.427571
7.427709
7.430698
7.432084
7.432572
7.432821
7.433689
7.435761
7.435896
7.437102
7.437114
7.438752
7.439224
7.439263
7.443546
7.444119
7.446118
7.446170
7.447258
7.448884
7.449484
7.451391
7.452065
7.456223
7.457766
7.459999
7.462632
7.463141
7.463292
7.465055
7.465718
7.469552
7.470059
7.472249
7.473063
7.473391
7.474968
7.477561
7.479364
7.479518
7.480467
7.481173
7.481191
7.481548
7.483152
7.483259
7.483308
7.484863
7.485612
7.485650
7.486794
7.486939
7.487560
7.490000
7.490143
7.490787
7.492626
7.495261
7.495281
7.495829
7.496183
7.497348
7.498903
7.498941
7.500391
7.501987
7.502285
7.502899
7.504107
7.504170
7.504684
7.506332
7.506996
7.507204
7.507847
7.509608
7.509643
7.509976
7.511338
7.511995
7.512346
7.514643
7.515838
7.516371
7.516400
7.518285
7.519545
7.520107
7.520356
7.520458
7.522456
7.523787
7.526274
7.526860
7.527352
7.527939
7.528152
7.531215
7.534416
7.535458
7.536400
7.536471
7.537440
7.538861
7.539685
7.541543
7.543867
7.545066
7.547432
7.547598
7.547647
7.548398
7.549058
7.551365
7.551369
7.553799
7.555158
7.556855
7.564088
7.564550
7.565882
7.566156
7.566503
7.568128
7.568913
7.569784
7.569958
7.570145
7.572175
7.572307
7.572817
7.573485
7.575204
7.579049
7.580292
7.581188
7.582159
7.582629
7.583122
7.584780
7.585177
7.587216
7.589480
7.590987
7.592540
7.593802
7.593852
7.593955
7.594094
7.595645
7.596431
7.596588
7.596628
7.597196
7.598235
7.598327
7.603125
7.605495
7.605750
7.607766
7.608141
7.610839
7.610919
7.611883
7.612884
7.614576
7.614801
7.615726
7.615978
7.617211
7.618064
7.618443
7.618850
7.619928
7.620090
7.620138
7.622061
7.622465
7.622720
7.622949
7.623172
7.625503
7.625768
7.626592
7.626592
7.628114
7.631577
7.633123
7.633149
7.633965
7.634863
7.635737
7.636275
7.636309
7.638412
7.638702
7.639127
7.639192
7.639412
7.639957
7.641737
7.642434
7.643563
7.644979
7.645112
7.645941
7.646051
7.646346
7.646456
7.646711
7.647245
7.647411
7.647456
7.647597
7.647714
7.647846
7.648780
7.650548
7.650891
7.651407
7.653082
7.655688
7.658925
7.659687
7.659855
7.660417
7.661211
7.661551
7.661677
7.663139
7.663254
7.664402
7.665095
7.665160
7.665719
7.665720
7.666061
7.666291
7.668029
7.668171
7.670249
7.671203
7.671767
7.672012
7.672051
7.674597
7.676055
7.679111
7.679216
7.681148
7.682749
7.687238
7.687376
7.688106
7.689179
7.689741
7.689967
7.690854
7.694215
7.695701
7.698582
7.699353
7.699610
7.701224
7.702502
7.705959
7.708519
7.710890
7.712032
7.712922
7.713549
7.714736
7.715911
7.716149
7.716186
7.717519
7.718962
7.720192
7.720655
7.720941
7.722211
7.722943
7.725125
7.726030
7.726068
7.726830
7.727698
7.727945
7.728756
7.729120
7.730262
7.733294
7.735438
7.736371
7.736506
7.738543
7.739740
7.740057
7.742823
7.743167
7.744138
7.747955
7.750676
7.751051
7.751432
7.751703
7.752105
7.752566
7.752595
7.753393
7.753781
7.756948
7.758706
7.759887
7.760520
7.760768
7.763473
7.763890
7.764000
7.765503
7.767971
7.770220
7.771367
7.771409
7.771457
7.771659
7.772295
7.772745
7.773629
7.774239
7.775788
7.775897
7.776811
7.777109
7.777730
7.779186
7.780449
7.783194
7.783304
7.783617
7.783669
7.785195
7.786252
7.786376
7.787171
7.787910
7.788249
7.788734
7.789053
7.789743
7.791118
7.791374
7.792486
7.792704
7.792953
7.795803
7.796229
7.799475
7.799729
7.799907
7.800842
7.801351
7.802201
7.804298
7.804353
7.805332
7.806572
7.807387
7.809875
7.810669
7.811084
7.812952
7.816821
7.819880
7.820548
7.821925
7.822586
7.822799
7.823336
7.823730
7.823827
7.824356
7.824794
7.825899
7.825934
7.827636
7.829691
7.829992
7.831120
7.831728
7.833200
7.833738
7.834576
7.837165
7.837337
7.838218
7.838493
7.839010
7.839216
7.841005
7.843205
7.843321
7.843472
7.843656
7.845005
7.845012
7.845059
7.845385
7.846153
7.847122
7.848447
7.850813
7.851256
7.852428
7.853906
7.853932
7.856484
7.857182
7.857787
7.858792
7.860827
7.861164
7.861307
7.861722
7.863824
7.864016
7.864865
7.864909
7.865469
7.865960
7.867260
7.867766
7.868136
7.868314
7.868381
7.868804
7.869771
7.870224
7.870302
7.872355
7.873355
7.873443
7.873983
7.874214
7.875467
7.876233
7.876410
7.876424
7.876529
7.878483
7.878937
7.878950
7.879225
7.880219
7.880652
7.881381
7.882565
7.885123
7.886425
7.887070
7.887932
7.888148
7.888494
7.890713
7.894563
7.895048
7.895194
7.895520
7.895617
7.895714
7.897103
7.898450
7.899076
7.900504
7.900733
7.902141
7.902884
7.904215
7.905492
7.908210
7.909681
7.910083
7.910795
7.912112
7.913392
7.913550
7.915095
7.915182
7.917183
7.917750
7.918126
7.918896
7.921154
7.923921
7.923995
7.924428
7.924475
7.924975
7.925147
7.926182
7.926918
7.929908
7.931836
7.934234
7.934680
7.936935
7.938386
7.938431
7.938831
7.939405
7.939553
7.939839
7.940115
7.940542
7.941746
7.941793
7.942054
7.942274
7.942965
7.943821
7.944457
7.945240
7.945549
7.947954
7.948131
7.949462
7.949886
7.951261
7.951926
7.952942
7.954203
7.954371
7.954622
7.954977
7.955248
7.955311
7.956408
7.957578
7.958138
7.958565
7.960818
7.961541
7.961571
7.961723
7.962132
7.962483
7.962945
7.964723
7.966362
7.966501
7.967080
7.967865
7.967941
7.968976
7.970360
7.971562
7.971861
7.972879
7.972935
7.974652
7.976044
7.976186
7.976812
7.977562
7.977776
7.978662
7.979777
7.981232
7.981390
7.982378
7.983287
7.983451
7.983850
7.984920
7.986946
7.987024
7.987401
7.988159
7.988506
7.989824
7.991500
7.992182
7.992588
7.993933
7.996633
7.997108
7.997260
7.999100
7.999112
7.999835
8.001094
8.001112
8.001494
8.003672
8.004629
8.005679
8.005782
8.006234
8.007833
8.008079
8.010382
8.014174
8.015019
8.015175
8.017985
8.018130
8.018341
8.018450
8.018787
8.019851
8.020874
8.020930
8.022175
8.023018
8.023137
8.023330
8.024592
8.024928
8.025023
8.026662
8.028599
8.029764
8.030022
8.030638
8.030726
8.030813
8.031703
8.031710
8.032145
8.032301
8.032334
8.033496
8.034132
8.034277
8.035392
8.036443
8.036712
8.037862
8.037892
8.038387
8.039635
8.040481
8.040987
8.042015
8.042562
8.043134
8.044662
8.046576
8.047117
8.048895
8.049717
8.051021
8.051883
8.054522
8.054854
8.055625
8.056022
8.056541
8.056656
8.056892
8.057361
8.057605
8.058534
8.060150
8.060681
8.060974
8.063675
8.065223
8.065261
8.066386
8.071424
8.073132
8.075745
8.075771
8.076225
8.077115
8.077744
8.077948
8.078774
8.079309
8.079699
8.080604
8.080644
8.080980
8.081719
8.082834
8.082969
8.083050
8.083317
8.083592
8.084414
8.085999
8.087360
8.087381
8.088512
8.088987
8.089317
8.090159
8.090793
8.091013
8.092731
8.093162
8.093563
8.094297
8.094487
8.094808
8.095448
8.096189
8.096356
8.097036
8.097915
8.099845
8.101315
8.101496
8.101545
8.102477
8.102504
8.102826
8.102893
8.103009
8.103012
8.103135
8.104440
8.105371
8.106235
8.106425
8.108324
8.108337
8.108598
8.108601
8.108843
8.109190
8.110026
8.110377
8.110943
8.111185
8.111240
8.111316
8.111402
8.111503
8.112330
8.112693
8.114249
8.114369
8.114550
8.114995
8.115293
8.116284
8.116328
8.116370
8.116481
8.117387
8.117793
8.117964
8.118103
8.118141
8.118296
8.118503
8.118618
8.118691
8.118835
8.118927
8.118932
8.120110
8.121084
8.121181
8.121929
8.123137
8.123510
8.123832
8.124271
8.124537
8.124928
8.124941
8.125146
8.125862
8.126265
8.126375
8.126489
8.126656
8.126677
8.127519
8.127853
8.128136
8.128211
8.128214
8.128261
8.128425
8.128688
8.128904
8.129230
8.129235
8.129518
8.129529
8.129853
8.130162
8.130713
8.130733
8.131330
8.131579
8.132222
8.132593
8.132750
8.132870
8.133082
8.133189
8.133396
8.133590
8.133678
8.133873
8.134184
8.134191
8.134510
8.134544
8.134552
8.134604
8.134621
8.134703
8.134744
8.134909
8.135066
8.135066
8.135068
8.135070
8.135070
8.135072
8.135073
8.135073
8.135074
8.135074
8.135075
8.135077
8.135079
