1.000000
1.104311
1.181331
1.241846
1.268478
1.270926
1.291534
1.303410
1.305829
1.312249
1.322393
1.355428
1.362369
1.367252
1.383003
1.390601
1.396345
1.396461
1.396852
1.414845
1.426332
1.432463
1.433537
1.435049
1.439618
1.445667
1.449526
1.457078
1.463861
1.465177
1.473501
1.476958
1.478720
1.488533
1.489069
1.500944
1.505040
1.511587
1.514886
1.517281
1.519694
1.527741
1.527832
1.535952
1.543040
1.543132
1.544008
1.545704
1.548495
1.548609
1.550672
1.551733
1.556686
1.558226
1.559343
1.560351
1.563298
1.564387
1.565237
1.566798
1.570894
1.571059
1.571569
1.572012
1.574651
1.574848
1.575718
1.576441
1.582290
1.584906
1.585053
1.587705
1.588034
1.592002
1.592164
1.594743
1.595967
1.596238
1.597984
1.599012
1.599901
1.600034
1.609242
1.610429
1.611953
1.613953
1.615845
1.616814
1.617616
1.620803
1.620813
1.621300
1.625621
1.625681
1.626314
1.626459
1.627220
1.629749
1.632133
1.635919
1.638377
1.638573
1.639599
1.641405
1.642942
1.644549
1.645097
1.652972
1.653395
1.654050
1.655329
1.656752
1.659131
1.659463
1.660127
1.661447
1.662573
1.663854
1.664311
1.665736
1.667099
1.667641
1.668296
1.669568
1.670989
1.672585
1.673615
1.675373
1.679248
1.679454
1.680332
1.680506
1.680675
1.681570
1.683130
1.683949
1.684127
1.685613
1.689818
1.690123
1.692425
1.692715
1.692821
1.695454
1.696233
1.696486
1.700545
1.702800
1.703128
1.705400
1.705962
1.706074
1.707194
1.708482
1.709845
1.710141
1.711041
1.712122
1.712906
1.713086
1.718736
1.718802
1.719578
1.719903
1.720654
1.721488
1.721639
1.722923
1.722979
1.724218
1.726740
1.726752
1.727016
1.729131
1.729359
1.730544
1.730993
1.731393
1.733113
1.733730
1.734139
1.734338
1.735299
1.735874
1.736105
1.737972
1.738928
1.740514
1.740784
1.741301
1.741659
1.742130
1.742497
1.743308
1.743716
1.743719
1.745513
1.745583
1.746108
1.746511
1.746857
1.747764
1.748741
1.749141
1.751549
1.752659
1.752895
1.754367
1.755193
1.756370
1.760054
1.760628
1.761063
1.762025
1.762056
1.762182
1.763282
1.763617
1.766857
1.766891
1.767151
1.767623
1.768109
1.768574
1.769933
1.771879
1.774302
1.774812
1.775112
1.775119
1.775413
1.775706
1.775965
1.776613
1.776998
1.777264
1.777311
1.777359
1.778178
1.778521
1.778669
1.779329
1.779522
1.779677
1.782472
1.786287
1.786542
1.787972
1.788412
1.788443
1.789511
1.790585
1.790899
1.792516
1.794886
1.795019
1.795788
1.798888
1.799432
1.800023
1.800678
1.802095
1.802137
1.803013
1.803216
1.803251
1.804599
1.805731
1.808221
1.808956
1.809174
1.809659
1.811193
1.811291
1.811759
1.812176
1.813041
1.813328
1.813357
1.813487
1.813568
1.813897
1.817602
1.817912
1.819518
1.819771
1.820128
1.821751
1.822486
1.822634
1.824475
1.825295
1.825350
1.826252
1.826727
1.827275
1.827566
1.827653
1.828074
1.828894
1.829557
1.831961
1.833551
1.833833
1.834105
1.834529
1.834670
1.835003
1.835187
1.836704
1.837279
1.837499
1.837804
1.837905
1.838437
1.839418
1.839751
1.840885
1.840928
1.841736
1.843054
1.843092
1.843204
1.843480
1.843720
1.843954
1.844106
1.844253
1.844525
1.844824
1.845986
1.846700
1.847718
1.848108
1.848206
1.848363
1.849089
1.849121
1.849184
1.849196
1.849632
1.851026
1.851128
1.851254
1.851438
1.852499
1.853864
1.854302
1.854823
1.854922
1.855028
1.855170
1.855367
1.855425
1.855491
1.856326
1.856349
1.856576
1.856949
1.857095
1.858101
1.858468
1.858916
1.859689
1.859871
1.860017
1.860224
1.860431
1.861571
1.861665
1.861711
1.861773
1.862212
1.862474
1.862990
1.863282
1.863907
1.864321
1.864380
1.864562
1.865677
1.865895
1.865942
1.867550
1.867557
1.869928
1.870548
1.870669
1.870722
1.870762
1.871398
1.872008
1.872620
1.873463
1.873934
1.874310
1.874578
1.874743
1.874919
1.875423
1.875917
1.876064
1.876316
1.876418
1.876438
1.876964
1.878347
1.878460
1.878546
1.879152
1.879457
1.880055
1.880906
1.882124
1.883193
1.883213
1.884191
1.884537
1.884668
1.885229
1.886808
1.887154
1.887533
1.888292
1.888551
1.888602
1.889218
1.889470
1.889705
1.889801
1.889889
1.889989
1.891130
1.891737
1.892228
1.892432
1.892555
1.893294
1.893409
1.893874
1.894088
1.894306
1.895124
1.895212
1.896368
1.897201
1.897302
1.898443
1.900585
1.902827
1.903511
1.904644
1.904685
1.904691
1.904983
1.905558
1.906317
1.906330
1.906410
1.906628
1.906975
1.907509
1.907886
1.907901
1.908240
1.908290
1.908553
1.908579
1.909059
1.909406
1.909851
1.911340
1.911802
1.912022
1.912098
1.912548
1.912568
1.913201
1.913721
1.914044
1.914113
1.914274
1.914415
1.914424
1.914633
1.914787
1.916135
1.916493
1.916508
1.917072
1.917793
1.918059
1.918619
1.919034
1.919240
1.919492
1.919996
1.920611
1.921535
1.922052
1.922472
1.923164
1.923322
1.923383
1.923639
1.925230
1.925671
1.926366
1.926854
1.926925
1.927020
1.927303
1.927721
1.927814
1.928087
1.928695
1.928940
1.929181
1.929941
1.930159
1.931465
1.931514
1.932002
1.932035
1.932314
1.932724
1.932886
1.933142
1.933332
1.933727
1.934356
1.934812
1.934824
1.935166
1.935334
1.935887
1.935888
1.936785
1.936838
1.937850
1.938305
1.939896
1.939929
1.939967
1.940152
1.940641
1.941848
1.942236
1.942712
1.942809
1.943154
1.943373
1.943724
1.945054
1.945350
1.945356
1.945384
1.945561
1.945870
1.946150
1.946430
1.946438
1.947339
1.947678
1.947954
1.947975
1.948230
1.948685
1.948701
1.948724
1.948996
1.949269
1.949324
1.949472
1.949606
1.951279
1.951720
1.951805
1.952459
1.952581
1.953035
1.953103
1.953184
1.953709
1.953936
1.955287
1.957737
1.957778
1.957817
1.958282
1.958709
1.958936
1.959360
1.959497
1.959565
1.960647
1.961008
1.961673
1.962001
1.962123
1.962322
1.962460
1.962474
1.962543
1.962749
1.963342
1.964484
1.964996
1.965370
1.965533
1.966082
1.966321
1.966360
1.966421
1.967463
1.967589
1.967737
1.968407
1.968524
1.970653
1.971029
1.971382
1.971728
1.972362
1.973590
1.974083
1.974108
1.974217
1.974391
1.974588
1.975049
1.975304
1.975366
1.975515
1.975691
1.975772
1.976120
1.976289
1.976854
1.977042
1.977343
1.977389
1.978799
1.978986
1.979441
1.980920
1.980979
1.981340
1.981533
1.981629
1.981687
1.981703
1.982157
1.982160
1.982170
1.983232
1.983617
1.983943
1.984183
1.984356
1.984548
1.984764
1.985254
1.985433
1.985614
1.985856
1.986017
1.986087
1.986127
1.986625
1.987478
1.987810
1.987827
1.988242
1.988483
1.988574
1.988606
1.988865
1.990219
1.990250
1.990520
1.990568
1.991521
1.991741
1.991805
1.992563
1.992682
1.992685
1.992958
1.994759
1.995016
1.995252
1.995769
1.995770
1.996590
1.996974
1.996988
1.997043
1.997248
1.997542
1.998539
1.999657
1.999760
1.999831
2.000054
2.000200
2.000236
2.000251
2.000439
2.000972
2.001268
2.001294
2.001627
2.002537
2.002622
2.002728
2.003007
2.003134
2.003346
2.003928
2.004084
2.004359
2.004981
2.005372
2.005501
2.005542
2.005608
2.005665
2.006875
2.007695
2.008089
2.008132
2.008673
2.008980
2.010386
2.010484
2.010499
2.011750
2.011975
2.012723
2.013006
2.013211
2.013439
2.013731
2.013892
2.013969
2.014925
2.014975
2.015523
2.015586
2.016140
2.016420
2.017003
2.017293
2.017359
2.017614
2.018007
2.018036
2.018579
2.019239
2.019308
2.019647
2.019715
2.019835
2.020121
2.020292
2.020395
2.020453
2.020951
2.021844
2.022121
2.022976
2.022989
2.023095
2.023107
2.023231
2.023386
2.023681
2.024076
2.024192
2.024836
2.024911
2.025214
2.025244
2.025346
2.025673
2.026346
2.026387
2.027191
2.028174
2.028359
2.028631
2.028781
2.028893
2.029246
2.029332
2.029436
2.029730
2.030030
2.030135
2.030164
2.030184
2.030559
2.031332
2.031363
2.031831
2.031859
2.032462
2.032940
2.033765
2.033994
2.034074
2.034110
2.034553
2.034636
2.034663
2.035219
2.035250
2.035846
2.036079
2.037359
2.037453
2.037506
2.037583
2.038050
2.038389
2.038713
2.038952
2.039149
2.039207
2.039214
2.039294
2.039642
2.040098
2.040207
2.040587
2.040617
2.040635
2.040946
2.041179
2.041405
2.041492
2.041685
2.042203
2.042248
2.042388
2.042473
2.042941
2.042951
2.043234
2.043268
2.043769
2.043773
2.043924
2.044012
2.044332
2.044343
2.044712
2.045174
2.045252
2.045458
2.045528
2.045675
2.045819
2.046143
2.046159
2.046500
2.047108
2.047197
2.047250
2.048060
2.048172
2.048183
2.048330
2.048622
2.048963
2.049778
2.049964
2.050037
2.050301
2.050385
2.050416
2.050426
2.050556
2.050601
2.050776
2.050822
2.052031
2.052054
2.052126
2.052257
2.052292
2.052293
2.052331
2.052474
2.052769
2.052834
2.052859
2.053144
2.053173
2.053213
2.053663
2.054121
2.054292
2.054639
2.055197
2.055623
2.055749
2.056254
2.056329
2.056425
2.056709
2.056849
2.057798
2.057962
2.058327
2.058469
2.058695
2.059008
2.059351
2.059618
2.060097
2.060139
2.060452
2.060496
2.060760
2.060837
2.061165
2.061215
2.061651
2.061899
2.062725
2.062844
2.063029
2.063450
2.063473
2.063538
2.063901
2.064038
2.064358
2.064469
2.064548
2.064729
2.064785
2.065139
2.065481
2.065487
2.066063
2.066427
2.066512
2.066739
2.066918
2.068484
2.068569
2.068774
2.069334
2.069717
2.069741
2.070164
2.070443
2.070569
2.070684
2.070710
2.071082
2.071199
2.071206
2.071456
2.071719
2.071794
2.071868
2.071955
2.072026
2.072355
2.072414
2.072624
2.073062
2.073269
2.073345
2.073349
2.073415
2.073423
2.073452
2.073653
2.074338
2.074403
2.075005
2.075222
2.075691
2.075727
2.076121
2.076339
2.076525
2.076601
2.077399
2.077612
2.077642
2.077795
2.077799
2.077816
2.077859
2.077872
2.077962
2.078538
2.078903
2.079026
2.079308
2.079702
2.079737
2.079881
2.080219
2.080508
2.080820
2.080838
2.081087
2.081089
2.081321
2.081882
2.081966
2.082031
2.082346
2.082600
2.082727
2.083099
2.083155
2.083386
2.084454
2.084524
2.084932
2.085037
2.085297
2.085723
2.086027
2.086178
2.086179
2.086290
2.086431
2.086650
2.086658
2.086711
2.087362
2.087503
2.087972
2.088031
2.088441
2.088693
2.088740
2.089367
2.089618
2.089638
2.089757
2.090302
2.090506
2.090576
2.090980
2.091029
2.091568
2.091595
2.091683
2.091718
2.091828
2.092040
2.092707
2.092800
2.093243
2.093265
2.093862
2.094019
2.094226
2.094442
2.095145
2.095881
2.095994
2.096531
2.096880
2.097414
2.097461
2.097538
2.097909
2.098022
2.098115
2.098243
2.098277
2.099536
2.099563
2.099766
2.099991
2.100101
2.101052
2.101129
2.101175
2.101843
2.102065
2.102069
2.102194
2.102351
2.102357
2.102510
2.103284
2.103298
2.103363
2.103617
2.103650
2.103667
2.103684
2.104035
2.104630
2.104635
2.104704
2.104813
2.105005
2.105489
2.105593
2.105683
2.105705
2.105758
2.105928
2.105931
2.106155
2.106206
2.106687
2.106748
2.106753
2.106916
2.106960
2.106975
2.107234
2.107400
2.107656
2.107909
2.108498
2.108744
2.108815
2.109699
2.110413
2.110704
2.110725
2.111066
2.111347
2.111578
2.111682
2.111780
2.112264
2.112459
2.112588
2.112681
2.113547
2.114125
2.114445
2.114493
2.114674
2.114988
2.114997
2.115258
2.115290
2.115329
2.115788
2.115820
2.116151
2.116827
2.116911
2.117296
2.117368
2.117394
2.117493
2.117550
2.117564
2.117839
2.117842
2.117862
2.119355
2.119569
2.119673
2.119683
2.119847
2.119882
2.119927
2.120471
2.120751
2.120869
2.121158
2.121181
2.121305
2.121753
2.122024
2.122131
2.122241
2.122411
2.122681
2.122775
2.122971
2.122990
2.122998
2.123202
2.123422
2.123469
2.123523
2.123879
2.124163
2.124204
2.124317
2.124319
2.124448
2.124542
2.124713
2.124820
2.124953
2.125101
2.125412
2.125421
2.126048
2.126194
2.126202
2.126466
2.126835
2.126838
2.127452
2.127644
2.127688
2.127789
2.127970
2.128416
2.128494
2.128592
2.128636
2.129222
2.129682
2.129769
2.129854
2.129997
2.130047
2.130240
2.130303
2.130311
2.130325
2.130364
2.130531
2.130579
2.130673
2.130758
2.130771
2.130847
2.130872
2.130882
2.131408
2.131631
2.131661
2.131898
2.132236
2.132596
2.132632
2.132659
2.132667
2.132780
2.133273
2.133789
2.134122
2.134443
2.134693
2.134906
2.135703
2.136195
2.136732
2.137098
2.137116
2.137151
2.137331
2.137516
2.137539
2.138046
2.138053
2.138233
2.138747
2.138849
2.138912
2.138916
2.139260
2.139646
2.139675
2.139808
2.140102
2.140397
2.140448
2.140570
2.140596
2.140924
2.140974
2.141081
2.141301
2.141492
2.141633
2.141740
2.142346
2.142391
2.142549
2.142797
2.142938
2.143143
2.143197
2.144521
2.144670
2.145130
2.145393
2.146377
2.147048
2.147140
2.147404
2.147473
2.147473
2.147851
2.147903
2.147915
2.148668
2.148772
2.148906
2.149393
2.149460
2.149654
2.150023
2.150029
2.150106
2.150464
2.151249
2.151356
2.151788
2.151799
2.152302
2.152397
2.152443
2.152573
2.152741
2.153256
2.153408
2.154311
2.154393
2.154507
2.154907
2.155346
2.155426
2.155458
2.155559
2.155699
2.155719
2.156092
2.156124
2.156367
2.156407
2.156999
2.157156
2.157519
2.158024
2.158141
2.158364
2.158576
2.159006
2.159957
2.160099
2.160175
2.160324
2.160489
2.160552
2.161285
2.161324
2.161494
2.162044
2.162356
2.162516
2.162816
2.162913
2.162929
2.162946
2.163079
2.163102
2.163150
2.163264
2.163291
2.163636
2.163716
2.163988
2.164146
2.164203
2.164321
2.164712
2.164774
2.164786
2.164908
2.165034
2.165116
2.165397
2.166052
2.166566
2.166604
2.167069
2.167267
2.167724
2.167727
2.168108
2.168156
2.168748
2.168957
2.169170
2.169335
2.169638
2.169878
2.169991
2.170264
2.170738
2.171185
2.171281
2.171348
2.171459
2.171869
2.172216
2.172442
2.172461
2.172592
2.173675
2.173805
2.173892
2.173920
2.174001
2.174131
2.174220
2.174382
2.174598
2.174753
2.175181
2.175231
2.175301
2.176201
2.176231
2.176286
2.176641
2.176742
2.176778
2.176805
2.177157
2.177371
2.177821
2.177870
2.178051
2.178123
2.178502
2.178652
2.179086
2.179165
2.179226
2.179425
2.179549
2.179554
2.179760
2.179922
2.180017
2.180256
2.180694
2.181374
2.181374
2.181386
2.181798
2.181887
2.182125
2.182604
2.183001
2.183097
2.183319
2.183434
2.183594
2.183606
2.183615
2.183712
2.183773
2.183925
2.184021
2.184886
2.184966
2.185048
2.185116
2.185309
2.185426
2.185580
2.185756
2.186687
2.186718
2.187197
2.187664
2.187750
2.187844
2.188092
2.188253
2.188266
2.188591
2.188686
2.188847
2.189137
2.189277
2.189585
2.189878
2.190043
2.190290
2.190406
2.190444
2.190581
2.190684
2.190773
2.190934
2.190995
2.191729
2.191744
2.191792
2.192057
2.192077
2.192118
2.192656
2.192896
2.193044
2.193904
2.194063
2.194137
2.194261
2.194920
2.194968
2.195132
2.195692
2.195807
2.196003
2.196047
2.196111
2.196303
2.196452
2.196681
2.196724
2.196806
2.197101
2.197317
2.197326
2.197656
2.197894
2.198037
2.198182
2.198455
2.198511
2.198534
2.198553
2.198896
2.199682
2.199835
2.199923
2.200254
2.200561
2.201511
2.201545
2.201689
2.202082
2.202097
2.202111
2.202117
2.202254
2.202475
2.202542
2.202722
2.202886
2.202914
2.203225
2.203238
2.203310
2.203338
2.203498
2.203845
2.203956
2.204111
2.204421
2.204662
2.204985
2.205041
2.205371
2.205438
2.206110
2.206250
2.206394
2.206491
2.206594
2.206600
2.206820
2.206823
2.207288
2.207343
2.207459
2.208387
2.208498
2.208505
2.208594
2.209125
2.209188
2.209420
2.209548
2.209591
2.209745
2.209759
2.209912
2.210642
2.210648
2.210691
2.211433
2.211769
2.211846
2.211946
2.212045
2.212800
2.212848
2.213187
2.213638
2.213656
2.213765
2.213787
2.213832
2.214436
2.215204
2.215254
2.215316
2.215322
2.215337
2.215619
2.215832
2.216025
2.216026
2.216043
2.216217
2.216687
2.216743
2.216877
2.217005
2.217137
2.217164
2.217184
2.217416
2.217867
2.218019
2.218522
2.218768
2.218810
2.218890
2.218891
2.219496
2.219677
2.219701
2.219848
2.220020
2.220148
2.220215
2.220232
2.220965
2.222017
2.222688
2.222775
2.222873
2.223031
2.223298
2.223314
2.223563
2.223668
2.223731
2.223891
2.223899
2.224396
2.224892
2.225032
2.225453
2.225460
2.225603
2.225724
2.225743
2.225747
2.225777
2.226053
2.226200
2.226224
2.226310
2.226312
2.226424
2.226463
2.226477
2.226551
2.226712
2.226816
2.226824
2.226994
2.227403
2.227791
2.227953
2.228024
2.228623
2.228642
2.228780
2.229045
2.229119
2.229243
2.229279
2.229282
2.229301
2.229546
2.229566
2.229576
2.229670
2.229735
2.229776
2.229792
2.230107
2.230165
2.230296
2.230478
2.230575
2.230653
2.230893
2.230922
2.231099
2.231132
2.231336
2.231483
2.231490
2.231501
2.231736
2.232153
2.232189
2.232363
2.232391
2.232507
2.232613
2.232861
2.232865
2.233006
2.233120
2.233181
2.233257
2.233291
2.233605
2.233922
2.234113
2.234185
2.234308
2.234562
2.235031
2.235218
2.235620
2.235704
2.235814
2.235945
2.236009
2.236451
2.236455
2.236469
2.236640
2.236645
2.236660
2.236670
2.236686
2.236997
2.237065
2.237277
2.237314
2.237385
2.237756
2.237779
2.237835
2.237841
2.237925
2.238264
2.238362
2.238441
2.238824
2.238935
2.238941
2.239269
2.239442
2.239959
2.240133
2.240449
2.240494
2.240668
2.240752
2.241084
2.241096
2.241261
2.241283
2.241534
2.241797
2.242469
2.242881
2.242948
2.243440
2.243674
2.243850
2.243928
2.244083
2.244085
2.244517
2.244660
2.244901
2.244906
2.245005
2.245038
2.245088
2.245367
2.245413
2.245696
2.245935
2.246132
2.246283
2.246432
2.246798
2.246853
2.247054
2.247076
2.247325
2.247563
2.247665
2.247758
2.247907
2.248169
2.248177
2.248257
2.248347
2.248551
2.248700
2.248738
2.249015
2.249091
2.249273
2.249504
2.249537
2.249598
2.250048
2.250084
2.250089
2.250197
2.250206
2.250305
2.250784
2.250810
2.250932
2.251042
2.251219
2.251280
2.251373
2.251692
2.251798
2.252356
2.252536
2.252639
2.252660
2.253060
2.253599
2.253881
2.253957
2.254179
2.254207
2.254473
2.254611
2.254634
2.255080
2.255337
2.255525
2.255683
2.255686
2.255939
2.255965
2.256103
2.256332
2.256385
2.256414
2.256503
2.256709
2.256999
2.257013
2.257302
2.257838
2.257900
2.258121
2.258274
2.258297
2.258375
2.258379
2.258678
2.258704
2.258950
2.258983
2.258998
2.259015
2.259113
2.259113
2.259193
2.259442
2.259446
2.259572
2.259738
2.259966
2.259998
2.260024
2.260134
2.260219
2.260411
2.260475
2.260846
2.261009
2.261019
2.261221
2.261421
2.261647
2.261651
2.261862
2.262000
2.262036
2.262156
2.262347
2.262430
2.262723
2.262740
2.262813
2.262853
2.263219
2.263322
2.263504
2.263628
2.263734
2.263802
2.264012
2.264416
2.264492
2.264592
2.264942
2.265020
2.265076
2.265154
2.265172
2.265223
2.265282
2.265287
2.265348
2.265553
2.265556
2.265966
2.266020
2.266064
2.266948
2.266957
2.266999
2.267017
2.267253
2.267426
2.267608
2.267659
2.268011
2.268448
2.268457
2.268498
2.268800
2.268994
2.269514
2.269567
2.269625
2.269784
2.270131
2.270554
2.270634
2.270744
2.270763
2.270775
2.270953
2.271079
2.271199
2.271256
2.271514
2.271529
2.271571
2.271636
2.271767
2.272337
2.272819
2.273018
2.273060
2.273211
2.273277
2.273634
2.273676
2.273733
2.274073
2.274148
2.274165
2.274261
2.274267
2.274341
2.274720
2.274914
2.274996
2.275012
2.275067
2.275377
2.275406
2.275569
2.275795
2.275834
2.275994
2.276085
2.276105
2.276125
2.276316
2.276563
2.276570
2.276576
2.276653
2.276899
2.276994
2.277028
2.277049
2.277170
2.277252
2.277372
2.277450
2.277600
2.277653
2.277825
2.277884
2.277899
2.278098
2.278323
2.278349
2.278558
2.278657
2.278835
2.279137
2.279230
2.279305
2.279349
2.279524
2.279645
2.279679
2.279797
2.279964
2.280073
2.280270
2.280418
2.280706
2.281008
2.281270
2.281564
2.281603
2.281888
2.281998
2.282076
2.282170
2.282178
2.282567
2.282825
2.282937
2.283197
2.283528
2.283531
2.283558
2.283793
2.283796
2.284086
2.284288
2.284635
2.284656
2.284742
2.285040
2.285171
2.285202
2.285285
2.285293
2.285313
2.285352
2.285405
2.285442
2.285638
2.285683
2.285738
2.285909
2.285963
2.286146
2.286278
2.286283
2.286458
2.286458
2.286750
2.287024
2.287066
2.287377
2.287806
2.287885
2.288064
2.288298
2.288405
2.288692
2.288769
2.288829
2.288852
2.288865
2.289050
2.289177
2.289224
2.289277
2.289568
2.289770
2.289776
2.289923
2.290190
2.290482
2.290568
2.290813
2.290869
2.290978
2.291077
2.291240
2.291307
2.291385
2.291391
2.291568
2.291578
2.291631
2.291887
2.292005
2.292039
2.292079
2.292110
2.292341
2.292497
2.292663
2.292687
2.292704
2.292757
2.292760
2.292771
2.292877
2.293039
2.293126
2.293353
2.293360
2.293466
2.293592
2.294019
2.294068
2.294422
2.294484
2.294667
2.294690
2.294758
2.295039
2.295130
2.295146
2.295205
2.295328
2.295363
2.295374
2.295403
2.295419
2.295714
2.295742
2.295758
2.295769
2.295849
2.295983
2.296098
2.296174
2.296218
2.296368
2.296410
2.296414
2.296547
2.297035
2.297051
2.297130
2.297147
2.297157
2.297179
2.297237
2.297467
2.297557
2.297650
2.297760
2.297766
2.297852
2.297955
2.298236
2.298530
2.298536
2.298615
2.299105
2.300078
2.300182
2.300281
2.300385
2.300562
2.300639
2.300676
2.300692
2.300733
2.300983
2.301022
2.301100
2.301142
2.301240
2.301273
2.301312
2.301575
2.301935
2.302114
2.302262
2.302509
2.302520
2.302563
2.302571
2.302714
2.302886
2.302894
2.303050
2.303196
2.303347
2.303451
2.303904
2.304021
2.304139
2.304270
2.304389
2.304479
2.304617
2.304703
2.304799
2.304832
2.304838
2.305248
2.305251
2.305288
2.305551
2.305676
2.306039
2.306178
2.306199
2.306296
2.306395
2.306708
2.306794
2.306813
2.306845
2.306860
2.307518
2.307677
2.307691
2.307776
2.308033
2.308070
2.308090
2.308100
2.308256
2.308341
2.308356
2.308406
2.308603
2.308653
2.308733
2.308845
2.309111
2.309240
2.309330
2.309368
2.309472
2.309576
2.309678
2.309961
2.310139
2.310202
2.310225
2.310665
2.310774
2.310814
2.310824
2.311261
2.311326
2.311487
2.311640
2.311703
2.312192
2.312320
2.312743
2.312956
2.313147
2.313419
2.313553
2.313857
2.313902
2.314159
2.314279
2.314353
2.314775
2.314863
2.314877
2.315047
2.315326
2.315348
2.315505
2.315588
2.315957
2.316040
2.316231
2.316356
2.316469
2.316628
2.316633
2.316818
2.316878
2.316887
2.316930
2.316955
2.317012
2.317036
2.317109
2.317579
2.317735
2.317860
2.317977
2.318235
2.318638
2.318750
2.318775
2.318873
2.319097
2.319116
2.319177
2.319395
2.319537
2.319556
2.319810
2.319867
2.319931
2.319976
2.320046
2.320048
2.320474
2.320947
2.321033
2.321045
2.321314
2.321370
2.321408
2.321473
2.321665
2.321681
2.321795
2.322030
2.322225
2.322234
2.322258
2.322395
2.322436
2.322777
2.322986
2.323383
2.323445
2.323606
2.323703
2.323850
2.324000
2.324257
2.324810
2.325042
2.325072
2.325234
2.325286
2.325333
2.325590
2.325728
2.325784
2.325870
2.325910
2.326182
2.326230
2.326533
2.326635
2.326662
2.326880
2.327411
2.327473
2.327647
2.327754
2.327831
2.327997
2.328094
2.328122
2.328280
2.328335
2.328813
2.329017
2.329167
2.329176
2.329203
2.329255
2.329395
2.329697
2.329721
2.330267
2.331142
2.331219
2.331330
2.331415
2.331420
2.331845
2.331854
2.332099
2.332219
2.332449
2.332603
2.332679
2.332685
2.332853
2.332954
2.333011
2.333353
2.333384
2.333490
2.333647
2.333754
2.333762
2.333916
2.333926
2.334016
2.334157
2.334616
2.334637
2.334641
2.334702
2.334758
2.335053
2.335272
2.335286
2.335325
2.335494
2.335564
2.335593
2.335624
2.335754
2.335833
2.335905
2.335962
2.336252
2.336298
2.336298
2.336301
2.336330
2.336410
2.336729
2.336895
2.336957
2.336959
2.337012
2.337016
2.337116
2.337205
2.337310
2.337325
2.337451
2.337596
2.337622
2.337683
2.337823
2.337967
2.338228
2.338233
2.338320
2.338768
2.338853
2.339047
2.339066
2.339309
2.339764
2.339855
2.340166
2.340220
2.340227
2.340681
2.340736
2.340792
2.340806
2.341023
2.341047
2.341337
2.341395
2.341402
2.341501
2.341526
2.341546
2.341588
2.341699
2.342121
2.342193
2.342202
2.342264
2.342425
2.342679
2.342755
2.342844
2.342997
2.343082
2.343105
2.343348
2.343398
2.343639
2.343705
2.343732
2.343732
2.343750
2.343885
2.343936
2.344082
2.344107
2.344190
2.344512
2.344820
2.344835
2.344869
2.345297
2.345583
2.345611
2.345619
2.345690
2.345914
2.346022
2.346179
2.346197
2.346299
2.346357
2.346466
2.346667
2.346714
2.346760
2.346802
2.346840
2.346859
2.347305
2.347311
2.347452
2.347471
2.347534
2.347588
2.347597
2.347661
2.347666
2.347835
2.347933
2.347978
2.348033
2.348201
2.348382
2.348541
2.348543
2.348546
2.348934
2.349037
2.349066
2.349141
2.349189
2.349207
2.349390
2.349442
2.349465
2.349545
2.349713
2.349862
2.349960
2.350153
2.350283
2.350606
2.350786
2.350867
2.351036
2.351129
2.351163
2.351958
2.351998
2.352078
2.352343
2.352363
2.352413
2.352419
2.352768
2.352809
2.353055
2.353091
2.353221
2.353226
2.353281
2.353294
2.353416
2.353546
2.353612
2.353892
2.354058
2.354067
2.354115
2.354143
2.354172
2.354181
2.354468
2.354651
2.354667
2.354828
2.354838
2.354962
2.354976
2.355101
2.355167
2.355381
2.355571
2.356024
2.356165
2.356410
2.356441
2.356496
2.356554
2.356727
2.356853
2.356920
2.356977
2.357009
2.357072
2.357263
2.357271
2.357347
2.357352
2.357926
2.357976
2.358052
2.358068
2.358377
2.358442
2.358654
2.358712
2.358748
2.359090
2.359218
2.359275
2.359356
2.359496
2.359845
2.359933
2.359977
2.360001
2.360042
2.360127
2.360163
2.360341
2.360432
2.360451
2.360645
2.360819
2.361079
2.361120
2.361159
2.361773
2.361815
2.361840
2.361903
2.361909
2.362065
2.362302
2.362490
2.362577
2.362581
2.362855
2.363412
2.363433
2.363472
2.363543
2.363677
2.363738
2.363817
2.363998
2.364020
2.364021
2.364107
2.364167
2.364264
2.364341
2.364457
2.364547
2.364705
2.364869
2.364916
2.364942
2.364988
2.365135
2.365141
2.365174
2.365209
2.366057
2.366152
2.366280
2.366449
2.366609
2.366613
2.366661
2.366863
2.366886
2.367078
2.367127
2.367400
2.367424
2.367699
2.367782
2.367810
2.367847
2.367887
2.368235
2.368307
2.368379
2.368412
2.368681
2.368891
2.368997
2.369357
2.369406
2.369592
2.369800
2.369840
2.370021
2.370024
2.370278
2.370279
2.370436
2.370576
2.370596
2.370611
2.370728
2.370837
2.370926
2.371031
2.371128
2.371683
2.371820
2.371875
2.372023
2.372045
2.372150
2.372176
2.372272
2.372384
2.372593
2.372743
2.372782
2.372797
2.373054
2.373131
2.373170
2.373194
2.373320
2.373406
2.373504
2.373540
2.373675
2.373696
2.373728
2.373843
2.373873
2.374145
2.374177
2.374228
2.374407
2.374473
2.374495
2.374669
2.374812
2.374995
2.374998
2.375107
2.375234
2.375336
2.375432
2.375501
2.376108
2.376347
2.376365
2.376410
2.376477
2.376585
2.376630
2.376675
2.376982
2.377034
2.377141
2.377301
2.377335
2.377443
2.377531
2.377622
2.377624
2.377628
2.377859
2.377951
2.378021
2.378092
2.378318
2.378338
2.378344
2.378346
2.378402
2.378403
2.378569
2.378596
2.378747
2.378748
2.378773
2.378976
2.379011
2.379054
2.379118
2.379255
2.379290
2.379398
2.379428
2.379508
2.379533
2.379668
2.379752
2.379931
2.380152
2.380213
2.380505
2.380592
2.380748
2.380910
2.381441
2.381524
2.381966
2.382027
2.382071
2.382124
2.382134
2.382303
2.382317
2.382427
2.382437
2.382496
2.382504
2.382631
2.382640
2.383135
2.383365
2.383450
2.383626
2.383689
2.383798
2.383862
2.383952
2.383962
2.384010
2.384056
2.384248
2.384316
2.384349
2.384473
2.384752
2.384759
2.384812
2.384823
2.384872
2.384986
2.385027
2.385062
2.385063
2.385087
2.385095
2.385104
2.385215
2.385217
2.385318
2.385369
2.385670
2.385855
2.386039
2.386153
2.386598
2.386604
2.386859
2.386928
2.386992
2.387124
2.387192
2.387201
2.387284
2.387412
2.387450
2.387498
2.387613
2.387709
2.387790
2.387814
2.387966
2.388019
2.388054
2.388107
2.388206
2.388380
2.388628
2.388863
2.389256
2.389374
2.389651
2.389655
2.389730
2.390093
2.390319
2.390409
2.390518
2.390549
2.390808
2.390857
2.390957
2.391109
2.391197
2.391204
2.391346
2.391480
2.391905
2.392210
2.392444
2.392657
2.392802
2.392891
2.392951
2.393152
2.393152
2.393163
2.393192
2.393197
2.393234
2.393273
2.393282
2.393313
2.393472
2.393478
2.393631
2.393693
2.393735
2.393798
2.393867
2.393964
2.394035
2.394184
2.394359
2.394431
2.394461
2.394602
2.394795
2.394963
2.394980
2.395337
2.395386
2.395388
2.396074
2.396091
2.396180
2.396205
2.396453
2.396463
2.396764
2.396839
2.396893
2.396958
2.397073
2.397210
2.397284
2.397312
2.397370
2.397515
2.397607
2.397722
2.397782
2.397915
2.398324
2.398341
2.398371
2.398421
2.398712
2.398726
2.398793
2.398998
2.399005
2.399103
2.399518
2.399567
2.399567
2.399915
2.399974
2.400121
2.400196
2.400314
2.400403
2.400410
2.400473
2.400527
2.400743
2.400925
2.400963
2.401343
2.401492
2.401700
2.401735
2.401823
2.401865
2.401869
2.402029
2.402153
2.402204
2.402295
2.402376
2.402437
2.402446
2.402515
2.402673
2.402949
2.403001
2.403206
2.403236
2.403261
2.403347
2.403393
2.403394
2.403475
2.403623
2.403739
2.403747
2.403884
2.403965
2.404033
2.404222
2.404235
2.404352
2.404369
2.404680
2.404729
2.404840
2.405202
2.405378
2.405536
2.405612
2.405645
2.405684
2.405684
2.405837
2.405872
2.406117
2.406295
2.406506
2.406688
2.406790
2.406810
2.406816
2.406824
2.407056
2.407331
2.407414
2.407753
2.407765
2.407922
2.407947
2.408102
2.408366
2.408393
2.408510
2.408564
2.408564
2.408977
2.409136
2.409137
2.409190
2.409534
2.409559
2.409568
2.409832
2.409841
2.409930
2.410041
2.410052
2.410137
2.410197
2.410231
2.410542
2.410581
2.410702
2.410797
2.410941
2.411003
2.411045
2.411222
2.411241
2.411274
2.411340
2.411448
2.411692
2.411817
2.411860
2.411902
2.411922
2.412076
2.412098
2.412295
2.412316
2.412389
2.412396
2.412454
2.412502
2.412537
2.412699
2.412992
2.413001
2.413321
2.413337
2.413427
2.413523
2.413667
2.413995
2.414220
2.414253
2.414453
2.414587
2.414694
2.414767
2.414785
2.415110
2.415163
2.415199
2.415234
2.415333
2.415418
2.415461
2.415826
2.416236
2.416588
2.416627
2.416642
2.416707
2.416842
2.416960
2.417027
2.417097
2.417223
2.417322
2.417618
2.417673
2.417694
2.417699
2.417966
2.418169
2.418346
2.418807
2.418951
2.419014
2.419114
2.419136
2.419163
2.419407
2.419450
2.419664
2.419956
2.420035
2.420444
2.420480
2.420520
2.420590
2.420737
2.420937
2.420965
2.421092
2.421243
2.421248
2.421334
2.421365
2.421572
2.421665
2.421760
2.421779
2.422001
2.422124
2.422506
2.422674
2.422768
2.422962
2.423001
2.423158
2.423252
2.423344
2.423607
2.423738
2.423841
2.423889
2.423972
2.424006
2.424079
2.424222
2.424541
2.424588
2.424835
2.424843
2.425065
2.425237
2.425240
2.425323
2.425409
2.425501
2.425561
2.425630
2.425752
2.425780
2.425824
2.425896
2.426130
2.426164
2.426275
2.426654
2.426655
2.426703
2.426978
2.427001
2.427038
2.427203
2.427260
2.427351
2.427365
2.427622
2.427826
2.427829
2.428024
2.428143
2.428295
2.428350
2.428637
2.428707
2.428756
2.428794
2.429126
2.429261
2.429274
2.429313
2.429408
2.429494
2.429580
2.429587
2.429944
2.430045
2.430108
2.430110
2.430128
2.430252
2.430269
2.430322
2.430351
2.430521
2.430972
2.431126
2.431280
2.431291
2.431308
2.431424
2.431437
2.431472
2.431599
2.431631
2.431671
2.431709
2.431730
2.431836
2.431964
2.432003
2.432067
2.432085
2.432123
2.432332
2.432350
2.432456
2.432620
2.432783
2.432895
2.432980
2.432991
2.433339
2.433505
2.433516
2.433584
2.433645
2.433754
2.433811
2.433992
2.434077
2.434144
2.434375
2.434400
2.434529
2.434591
2.434715
2.434827
2.435076
2.435163
2.435176
2.435627
2.435677
2.435690
2.435745
2.435955
2.435962
2.435986
2.436096
2.436156
2.436318
2.436451
2.436499
2.436558
2.436595
2.436672
2.436821
2.436957
2.437028
2.437393
2.437781
2.437804
2.437826
2.437872
2.437901
2.437904
2.437908
2.438067
2.438405
2.438410
2.438445
2.438484
2.438590
2.439311
2.439522
2.439628
2.439718
2.439718
2.439756
2.439899
2.440220
2.440279
2.440373
2.440536
2.440700
2.440713
2.440729
2.440811
2.441024
2.441310
2.441350
2.441543
2.441774
2.441842
2.441904
2.441983
2.442155
2.442201
2.442219
2.442574
2.442580
2.442649
2.442716
2.442752
2.442861
2.443178
2.443250
2.443256
2.443362
2.443531
2.443535
2.443559
2.443740
2.443784
2.443797
2.443985
2.444271
2.444275
2.444534
2.444660
2.444701
2.444709
2.445248
2.445366
2.445383
2.445432
2.445449
2.445577
2.445722
2.445778
2.445862
2.445868
2.446320
2.446354
2.446446
2.446491
2.446505
2.446507
2.446610
2.446619
2.446622
2.446710
2.446859
2.446917
2.447012
2.447375
2.447436
2.447438
2.447673
2.447912
2.447978
2.448136
2.448230
2.448294
2.448316
2.448479
2.448545
2.448566
2.448588
2.448731
2.448877
2.448915
2.448949
2.448977
2.449051
2.449088
2.449224
2.449294
2.449306
2.449324
2.449715
2.449787
2.449893
2.449951
2.450022
2.450057
2.450058
2.450292
2.450335
2.450489
2.450515
2.451070
2.451300
2.451323
2.451448
2.451525
2.451526
2.451821
2.451891
2.452195
2.452378
2.452390
2.452559
2.452604
2.452614
2.452633
2.452685
2.452722
2.452908
2.452936
2.453037
2.453154
2.453345
2.453467
2.453490
2.453609
2.453726
2.453766
2.453793
2.453823
2.453930
2.453982
2.453984
2.454085
2.454118
2.454160
2.454308
2.454609
2.454795
2.454893
2.454942
2.454980
2.455104
2.455123
2.455324
2.455345
2.455396
2.455436
2.455575
2.455664
2.455951
2.456020
2.456069
2.456207
2.456529
2.456743
2.456858
2.456970
2.456989
2.457028
2.457049
2.457052
2.457202
2.457289
2.457476
2.457494
2.457521
2.457618
2.457880
2.458007
2.458054
2.458231
2.458290
2.458392
2.458404
2.458412
2.458597
2.458604
2.458632
2.458638
2.458656
2.458697
2.458787
2.458893
2.459491
2.459534
2.459609
2.459848
2.459877
2.459900
2.460065
2.460083
2.460539
2.460622
2.460639
2.460788
2.460826
2.460837
2.460991
2.461081
2.461305
2.461415
2.461426
2.461615
2.461983
2.462215
2.462294
2.462329
2.462331
2.462538
2.462638
2.462649
2.462678
2.462703
2.462732
2.463005
2.463274
2.463555
2.463899
2.463942
2.464019
2.464109
2.464407
2.464574
2.464829
2.464989
2.465092
2.465093
2.465115
2.465168
2.465209
2.465413
2.465422
2.465750
2.466105
2.466263
2.466298
2.466318
2.466403
2.466488
2.466536
2.466857
2.467277
2.467387
2.467494
2.467966
2.468107
2.468127
2.468327
2.468489
2.468643
2.468647
2.468666
2.468722
2.468761
2.468807
2.468833
2.468886
2.468943
2.468967
2.469059
2.469063
2.469366
2.469506
2.469590
2.469609
2.469649
2.469764
2.469912
2.469952
2.469984
2.470020
2.470035
2.470056
2.470641
2.470737
2.470793
2.470794
2.470895
2.470898
2.471443
2.471600
2.471707
2.471710
2.472228
2.472387
2.472406
2.472482
2.472530
2.472609
2.472647
2.472861
2.472896
2.473325
2.473372
2.473387
2.473661
2.473768
2.474107
2.474152
2.474223
2.474512
2.474574
2.474709
2.474753
2.474779
2.474931
2.475140
2.475374
2.475436
2.475445
2.475445
2.475550
2.475809
2.475821
2.475930
2.475999
2.476020
2.476049
2.476165
2.476509
2.476528
2.476782
2.476872
2.476893
2.477163
2.477359
2.477474
2.477619
2.477710
2.477933
2.478203
2.478332
2.478437
2.478535
2.478896
2.479022
2.479068
2.479197
2.479290
2.479441
2.479442
2.479690
2.479695
2.479941
2.479974
2.480196
2.480343
2.480385
2.480536
2.480556
2.480706
2.481367
2.481491
2.481591
2.481748
2.481943
2.482303
2.482349
2.482397
2.482428
2.482536
2.482607
2.482627
2.482667
2.482681
2.482814
2.482862
2.482963
2.483217
2.483233
2.483243
2.483364
2.483481
2.483638
2.483738
2.484112
2.484138
2.484197
2.484555
2.484702
2.484834
2.485091
2.485314
2.485340
2.485352
2.485437
2.485457
2.485470
2.485661
2.485706
2.485731
2.485782
2.485834
2.485912
2.485969
2.486052
2.486109
2.486124
2.486157
2.486184
2.486546
2.486809
2.487069
2.487076
2.487508
2.487520
2.487650
2.487688
2.487981
2.487983
2.488070
2.488186
2.488348
2.488454
2.488502
2.488690
2.488734
2.488754
2.489053
2.489117
2.489179
2.489252
2.489321
2.489332
2.489485
2.489665
2.489744
2.489939
2.490034
2.490037
2.490199
2.490277
2.490312
2.490313
2.490319
2.490336
2.490490
2.490493
2.490527
2.490540
2.490546
2.490687
2.490829
2.490948
2.490978
2.490981
2.491017
2.491674
2.491915
2.491970
2.491975
2.492109
2.492413
2.492471
2.492760
2.492940
2.492960
2.493007
2.493030
2.493101
2.493133
2.493155
2.493181
2.493407
2.493426
2.493505
2.493702
2.493904
2.493996
2.494005
2.494043
2.494049
2.494083
2.494141
2.494174
2.494236
2.494322
2.494494
2.494508
2.494650
2.494742
2.494802
2.494881
2.494926
2.495277
2.495334
2.495352
2.495391
2.495611
2.495621
2.495835
2.495930
2.495971
2.496090
2.496092
2.496154
2.496199
2.496238
2.496263
2.496349
2.496408
2.496455
2.496655
2.496661
2.497038
2.497162
2.497244
2.497303
2.497326
2.497371
2.497394
2.497430
2.497514
2.497545
2.497604
2.497638
2.497744
2.497786
2.497793
2.497846
2.497886
2.497978
2.498106
2.498154
2.498188
2.498251
2.498272
2.498331
2.498452
2.498738
2.498807
2.498883
2.498903
2.499199
2.499240
2.499303
2.499354
2.499638
2.499655
2.499666
2.499710
2.499726
2.499772
2.499889
2.499959
2.499959
2.500246
2.500267
2.500637
2.500705
2.500777
2.500796
2.500807
2.500973
2.501090
2.501091
2.501113
2.501176
2.501198
2.501290
2.501695
2.501890
2.502031
2.502187
2.502203
2.502209
2.502211
2.502223
2.502258
2.502260
2.502272
2.502660
2.503020
2.503032
2.503057
2.503081
2.503196
2.503561
2.503664
2.503791
2.503798
2.503801
2.503908
2.504030
2.504052
2.504085
2.504542
2.504548
2.504632
2.504636
2.504721
2.504835
2.504973
2.505451
2.505534
2.505540
2.505587
2.505913
2.506036
2.506088
2.506162
2.506270
2.506600
2.506704
2.506860
2.506951
2.506983
2.507086
2.507118
2.507250
2.507323
2.507385
2.507434
2.507787
2.508114
2.508346
2.508380
2.508532
2.508662
2.508712
2.508750
2.508765
2.508785
2.508993
2.509003
2.509042
2.509207
2.509245
2.509381
2.509491
2.509574
2.509620
2.509689
2.509773
2.509898
2.510123
2.510185
2.510511
2.510554
2.510575
2.510828
2.511113
2.511384
2.511469
2.511703
2.511720
2.511778
2.511878
2.511942
2.512022
2.512034
2.512231
2.512250
2.512254
2.512345
2.512446
2.512583
2.512731
2.512815
2.512992
2.513020
2.513038
2.513133
2.513177
2.513182
2.513215
2.513272
2.513366
2.513391
2.513487
2.513533
2.513564
2.513592
2.513611
2.513921
2.513924
2.513970
2.514053
2.514116
2.514158
2.514231
2.514338
2.514492
2.514548
2.514564
2.514609
2.514783
2.514790
2.514915
2.515038
2.515150
2.515182
2.515193
2.515394
2.515419
2.515526
2.515703
2.515995
2.516087
2.516220
2.516265
2.516296
2.516347
2.516348
2.516367
2.516410
2.516465
2.516482
2.516496
2.516497
2.516532
2.516554
2.516599
2.516603
2.516804
2.516811
2.516842
2.517062
2.517262
2.517314
2.517354
2.517406
2.517609
2.517641
2.517712
2.517715
2.517765
2.517787
2.517791
2.517837
2.517867
2.518257
2.518260
2.518264
2.518634
2.518676
2.518769
2.519036
2.519168
2.519311
2.519422
2.519429
2.519485
2.519542
2.519592
2.519637
2.519665
2.519846
2.519884
2.519910
2.520008
2.520023
2.520133
2.520452
2.520525
2.520543
2.520665
2.520681
2.520710
2.520724
2.520839
2.520847
2.520849
2.521009
2.521020
2.521031
2.521209
2.521288
2.521291
2.521791
2.521854
2.521981
2.522067
2.522120
2.522238
2.522337
2.522380
2.522575
2.522616
2.522656
2.522981
2.523002
2.523083
2.523189
2.523197
2.523226
2.523310
2.523340
2.523478
2.523537
2.523549
2.523566
2.523697
2.523719
2.523808
2.523810
2.523836
2.523900
2.523909
2.523948
2.523997
2.524135
2.524457
2.524528
2.524548
2.524670
2.524800
2.524829
2.525022
2.525123
2.525166
2.525496
2.525503
2.525512
2.525514
2.525583
2.525700
2.525765
2.526013
2.526033
2.526253
2.526256
2.526482
2.526484
2.526563
2.526565
2.526605
2.526610
2.526731
2.526815
2.526965
2.526987
2.527118
2.527316
2.527321
2.527331
2.527362
2.527526
2.527760
2.527820
2.527964
2.527972
2.527999
2.528137
2.528304
2.528365
2.528367
2.528372
2.528476
2.528625
2.528678
2.528867
2.528878
2.529004
2.529102
2.529104
2.529230
2.529485
2.529583
2.529653
2.529669
2.529806
2.529838
2.530052
2.530526
2.530742
2.531072
2.531171
2.531339
2.531773
2.531860
2.531882
2.531914
2.531958
2.532068
2.532193
2.532256
2.532267
2.532430
2.532462
2.532493
2.532574
2.532617
2.532780
2.532817
2.532892
2.533118
2.533165
2.533246
2.533343
2.533475
2.533590
2.533632
2.533674
2.533831
2.533920
2.533987
2.534086
2.534164
2.534178
2.534354
2.534794
2.534810
2.535029
2.535125
2.535221
2.535227
2.535363
2.535455
2.535506
2.535577
2.535620
2.535687
2.535774
2.535939
2.535953
2.535975
2.536029
2.536029
2.536123
2.536201
2.536226
2.536294
2.536386
2.536416
2.536489
2.536593
2.536599
2.536709
2.536786
2.536940
2.537109
2.537138
2.537262
2.537402
2.537543
2.537550
2.537605
2.537652
2.537686
2.537691
2.537810
2.537905
2.537921
2.538042
2.538116
2.538275
2.538308
2.538308
2.538419
2.538483
2.538573
2.538776
2.538809
2.539268
2.539299
2.539613
2.539671
2.539857
2.539972
2.540110
2.540246
2.540386
2.540434
2.540554
2.540722
2.540725
2.540809
2.541020
2.541070
2.541076
2.541387
2.541408
2.541416
2.541510
2.541701
2.541826
2.541855
2.542038
2.542048
2.542165
2.542241
2.542296
2.542310
2.542319
2.542329
2.542425
2.542448
2.542489
2.542629
2.542669
2.542709
2.542714
2.542781
2.542887
2.543005
2.543071
2.543156
2.543176
2.543301
2.543685
2.543702
2.543703
2.543834
2.543941
2.543991
2.544058
2.544204
2.544214
2.544230
2.544279
2.544550
2.544621
2.544708
2.544884
2.544915
2.544935
2.545086
2.545126
2.545414
2.545672
2.545726
2.545786
2.545918
2.545974
2.546034
2.546081
2.546084
2.546184
2.546220
2.546227
2.546263
2.546441
2.546571
2.546604
2.546623
2.546711
2.546727
2.546763
2.546853
2.546927
2.546954
2.547344
2.547350
2.547391
2.547509
2.547659
2.547845
2.547910
2.547962
2.548005
2.548070
2.548138
2.548212
2.548393
2.548471
2.548492
2.548574
2.548719
2.548954
2.549031
2.549041
2.549051
2.549129
2.549204
2.549564
2.549846
2.549996
2.550359
2.550374
2.550376
2.550393
2.550488
2.550766
2.550941
2.551079
2.551111
2.551193
2.551277
2.551349
2.551374
2.551383
2.551431
2.551571
2.551597
2.551642
2.551662
2.551900
2.551922
2.551940
2.552049
2.552060
2.552130
2.552203
2.552241
2.552296
2.552706
2.552808
2.552925
2.553058
2.553060
2.553119
2.553197
2.553330
2.553573
2.553614
2.553648
2.553689
2.553895
2.554042
2.554086
2.554252
2.554266
2.554368
2.554399
2.554982
2.555001
2.555007
2.555064
2.555257
2.555293
2.555384
2.555652
2.555723
2.555806
2.555908
2.555983
2.556160
2.556634
2.556863
2.556960
2.557082
2.557145
2.557488
2.557558
2.557609
2.557843
2.557869
2.557908
2.557930
2.558003
2.558007
2.558242
2.558281
2.558310
2.558363
2.558477
2.558487
2.558564
2.558804
2.558832
2.558837
2.559053
2.559127
2.559366
2.559372
2.559533
2.559946
2.560060
2.560060
2.560090
2.560136
2.560224
2.560229
2.560377
2.560405
2.560426
2.560453
2.560454
2.560471
2.560591
2.560621
2.560712
2.560758
2.560882
2.561073
2.561129
2.561283
2.561494
2.561664
2.561722
2.561753
2.562047
2.562261
2.562344
2.562347
2.562479
2.562625
2.562845
2.562863
2.562897
2.562912
2.563013
2.563026
2.563051
2.563180
2.563346
2.563371
2.563420
2.563455
2.563540
2.563540
2.563622
2.563638
2.563675
2.563679
2.563769
2.563936
2.563958
2.564027
2.564056
2.564184
2.564196
2.564299
2.564375
2.564564
2.564614
2.564634
2.564770
2.564896
2.564913
2.565048
2.565068
2.565091
2.565144
2.565156
2.565161
2.565473
2.565548
2.565748
2.565807
2.565936
2.566090
2.566175
2.566242
2.566389
2.566391
2.566431
2.566446
2.566602
2.566748
2.567068
2.567271
2.567302
2.567306
2.567477
2.567485
2.567580
2.567600
2.567636
2.567724
2.567734
2.567741
2.567881
2.567944
2.568037
2.568243
2.568277
2.568354
2.568354
2.568424
2.568564
2.568655
2.568659
2.568724
2.568762
2.568779
2.568819
2.568842
2.568867
2.568910
2.568971
2.569074
2.569138
2.569138
2.569139
2.569222
2.569327
2.569430
2.569438
2.569480
2.569546
2.569623
2.569719
2.569885
2.569981
2.570034
2.570062
2.570125
2.570224
2.570384
2.570397
2.570507
2.570531
2.570537
2.570670
2.570673
2.570753
2.570815
2.571142
2.571164
2.571173
2.571190
2.571311
2.571379
2.571415
2.571549
2.571562
2.571643
2.571645
2.571682
2.571776
2.571839
2.571921
2.571948
2.571998
2.572009
2.572021
2.572039
2.572118
2.572237
2.572312
2.572342
2.572349
2.572374
2.573080
2.573088
2.573112
2.573127
2.573399
2.573413
2.573501
2.573601
2.573727
2.573853
2.573866
2.573925
2.574054
2.574083
2.574125
2.574183
2.574247
2.574265
2.574282
2.574322
2.574444
2.574690
2.574704
2.574851
2.574972
2.575094
2.575110
2.575226
2.575248
2.575280
2.575475
2.575509
2.576058
2.576079
2.576113
2.576184
2.576221
2.576232
2.576253
2.576269
2.576279
2.576292
2.576441
2.576653
2.576657
2.576821
2.577049
2.577393
2.577575
2.577664
2.577725
2.577747
2.577773
2.577902
2.577918
2.577964
2.578108
2.578118
2.578127
2.578130
2.578280
2.578556
2.578584
2.578983
2.579012
2.579069
2.579196
2.579210
2.579288
2.579326
2.579416
2.579511
2.579518
2.579618
2.579626
2.579709
2.579714
2.579743
2.579749
2.579879
2.580052
2.580371
2.580504
2.580633
2.580677
2.580879
2.580894
2.580913
2.580953
2.580985
2.581072
2.581373
2.581405
2.581480
2.581517
2.581687
2.581697
2.581765
2.582139
2.582141
2.582246
2.582261
2.582279
2.582282
2.582523
2.582614
2.582793
2.582796
2.582850
2.582991
2.583074
2.583494
2.583530
2.583559
2.583565
2.583590
2.583597
2.583633
2.583697
2.583758
2.583765
2.583782
2.583831
2.583888
2.583899
2.584100
2.584236
2.584272
2.584490
2.584502
2.584562
2.584638
2.584754
2.584763
2.584982
2.584989
2.585000
2.585127
2.585140
2.585199
2.585202
2.585237
2.585263
2.585263
2.585309
2.585330
2.585343
2.585369
2.585408
2.585493
2.585546
2.585632
2.585732
2.585766
2.585919
2.586119
2.586281
2.586293
2.586317
2.586401
2.586471
2.586571
2.586760
2.586790
2.586809
2.586822
2.586937
2.586947
2.586962
2.586986
2.586993
2.587075
2.587122
2.587231
2.587303
2.587338
2.587389
2.587414
2.587421
2.587431
2.587442
2.587632
2.587759
2.587772
2.587791
2.587882
2.588033
2.588053
2.588053
2.588111
2.588128
2.588148
2.588228
2.588232
2.588390
2.588550
2.588796
2.589117
2.589289
2.589380
2.589615
2.589702
2.589750
2.589772
2.590001
2.590002
2.590112
2.590241
2.590276
2.590417
2.590425
2.590590
2.590621
2.590705
2.590906
2.590922
2.590985
2.590994
2.591073
2.591085
2.591106
2.591114
2.591117
2.591126
2.591135
2.591261
2.591381
2.591425
2.591474
2.591521
2.591816
2.591822
2.591872
2.591947
2.592218
2.592269
2.592303
2.592311
2.592371
2.592381
2.592509
2.592714
2.592814
2.592854
2.592895
2.593046
2.593098
2.593127
2.593590
2.593595
2.593675
2.593832
2.593907
2.594127
2.594138
2.594166
2.594179
2.594190
2.594244
2.594301
2.594356
2.594493
2.594620
2.594650
2.594721
2.594777
2.594817
2.595088
2.595119
2.595128
2.595149
2.595410
2.595444
2.595490
2.595532
2.595602
2.595620
2.595657
2.595762
2.595961
2.595994
2.596215
2.596515
2.596548
2.596643
2.596672
2.596837
2.596861
2.596879
2.596981
2.597050
2.597165
2.597219
2.597228
2.597424
2.597455
2.597467
2.597472
2.597472
2.597482
2.597488
2.597638
2.597641
2.597768
2.597833
2.597964
2.598042
2.598282
2.598320
2.598367
2.598469
2.598471
2.598479
2.598493
2.598542
2.598566
2.598647
2.598745
2.598763
2.598764
2.598767
2.598868
2.599020
2.599069
2.599384
2.599453
2.599557
2.599616
2.599662
2.599862
2.600080
2.600208
2.600493
2.600521
2.600614
2.600691
2.600810
2.600905
2.601110
2.601146
2.601168
2.601421
2.601513
2.601518
2.601696
2.601729
2.601730
2.602083
2.602419
2.602429
2.602538
2.602678
2.602727
2.602734
2.602886
2.602957
2.603049
2.603106
2.603207
2.603210
2.603273
2.603281
2.603389
2.603447
2.603476
2.603493
2.603505
2.603594
2.603628
2.603664
2.603698
2.603714
2.603780
2.603808
2.603837
2.603919
2.604075
2.604200
2.604240
2.604346
2.604482
2.604589
2.604808
2.604857
2.604920
2.605020
2.605025
2.605075
2.605088
2.605127
2.605221
2.605387
2.605558
2.605606
2.605704
2.605711
2.605764
2.605969
2.606022
2.606091
2.606121
2.606208
2.606259
2.606397
2.606415
2.606426
2.606488
2.606602
2.606643
2.606743
2.606795
2.606802
2.606859
2.606868
2.606953
2.606988
2.607082
2.607207
2.607259
2.607401
2.607440
2.607490
2.607496
2.607549
2.607695
2.607845
2.608033
2.608179
2.608194
2.608224
2.608231
2.608249
2.608303
2.608453
2.608453
2.608526
2.608528
2.608555
2.608593
2.608608
2.608617
2.608784
2.608927
2.608947
2.609065
2.609355
2.609699
2.609778
2.609870
2.609921
2.609948
2.609969
2.609977
2.610069
2.610110
2.610250
2.610268
2.610323
2.610378
2.610487
2.610502
2.610671
2.610678
2.610737
2.610739
2.610795
2.610818
2.610853
2.610987
2.611060
2.611070
2.611168
2.611409
2.611418
2.611513
2.611555
2.611573
2.611722
2.611872
2.612201
2.612225
2.612339
2.612388
2.612417
2.612829
2.612959
2.613051
2.613056
2.613119
2.613257
2.613410
2.613565
2.613572
2.613662
2.613727
2.613837
2.614020
2.614022
2.614048
2.614067
2.614132
2.614215
2.614216
2.614417
2.614725
2.614745
2.614863
2.614964
2.614976
2.615009
2.615026
2.615081
2.615129
2.615187
2.615199
2.615286
2.615316
2.615414
2.615623
2.615644
2.615952
2.616183
2.616297
2.616303
2.616387
2.616388
2.616714
2.616732
2.616747
2.616752
2.616820
2.616961
2.617139
2.617281
2.617320
2.617363
2.617455
2.617529
2.617546
2.617550
2.617730
2.617751
2.617817
2.617872
2.618051
2.618229
2.618328
2.618505
2.618561
2.618665
2.618700
2.618751
2.618769
2.618809
2.618898
2.618908
2.619375
2.619426
2.619449
2.619585
2.619766
2.619835
2.619966
2.620069
2.620265
2.620550
2.620611
2.620950
2.620961
2.621102
2.621142
2.621334
2.621354
2.621384
2.621492
2.621492
2.621521
2.621599
2.621662
2.621741
2.621777
2.621846
2.622310
2.622351
2.622401
2.622487
2.622619
2.622744
2.622788
2.622953
2.622962
2.622986
2.623021
2.623224
2.623308
2.623319
2.623432
2.623438
2.623518
2.623562
2.623634
2.623659
2.623703
2.623727
2.623745
2.623774
2.623777
2.623863
2.624011
2.624086
2.624211
2.624264
2.624344
2.624401
2.624505
2.624767
2.624934
2.624976
2.625098
2.625133
2.625157
2.625198
2.625248
2.625356
2.625380
2.625475
2.625498
2.625523
2.625692
2.625705
2.625829
2.625907
2.625941
2.625988
2.626084
2.626179
2.626232
2.626323
2.626330
2.626469
2.626524
2.626616
2.626710
2.626801
2.626827
2.626882
2.626911
2.626933
2.626982
2.627141
2.627175
2.627198
2.627277
2.627444
2.627479
2.627518
2.627584
2.627791
2.627855
2.627863
2.627942
2.627944
2.628069
2.628267
2.628306
2.628314
2.628355
2.628390
2.628403
2.628529
2.628554
2.628585
2.628596
2.628860
2.628861
2.629027
2.629099
2.629193
2.629199
2.629271
2.629393
2.629450
2.629556
2.629617
2.629647
2.629976
2.629998
2.630036
2.630043
2.630135
2.630301
2.630379
2.630422
2.630476
2.630499
2.630517
2.630758
2.630950
2.630954
2.630958
2.631079
2.631271
2.631326
2.631548
2.631616
2.631659
2.631917
2.631956
2.631961
2.631973
2.632011
2.632036
2.632082
2.632228
2.632344
2.632461
2.632555
2.632607
2.632659
2.632717
2.632717
2.632761
2.632825
2.632956
2.632991
2.633065
2.633142
2.633211
2.633309
2.633368
2.633474
2.633581
2.633612
2.633662
2.633683
2.633825
2.633909
2.633920
2.633936
2.633946
2.634145
2.634195
2.634315
2.634472
2.634575
2.634622
2.634707
2.634741
2.634742
2.634805
2.635211
2.635305
2.635360
2.635465
2.635497
2.635500
2.635709
2.635785
2.635837
2.635847
2.635938
2.635985
2.636056
2.636071
2.636088
2.636123
2.636131
2.636183
2.636253
2.636342
2.636388
2.636426
2.636497
2.636532
2.636595
2.636604
2.636680
2.636721
2.636780
2.636834
2.636954
2.636973
2.637046
2.637065
2.637181
2.637237
2.637320
2.637464
2.637499
2.637661
2.637740
2.637773
2.637969
2.638039
2.638071
2.638180
2.638198
2.638227
2.638270
2.638415
2.638429
2.638489
2.638548
2.638575
2.638657
2.639030
2.639042
2.639337
2.639509
2.639518
2.639609
2.639735
2.639787
2.639862
2.640107
2.640175
2.640201
2.640282
2.640468
2.640502
2.640528
2.640654
2.640696
2.640754
2.641043
2.641078
2.641128
2.641203
2.641254
2.641281
2.641326
2.641451
2.641622
2.641624
2.641738
2.641898
2.641901
2.641964
2.641972
2.641982
2.642087
2.642128
2.642140
2.642157
2.642255
2.642259
2.642304
2.642357
2.642365
2.642468
2.642485
2.642622
2.642693
2.642829
2.642889
2.642938
2.643063
2.643068
2.643098
2.643166
2.643176
2.643318
2.643480
2.643521
2.643539
2.643711
2.643861
2.643862
2.643889
2.643901
2.643910
2.643946
2.643954
2.644137
2.644308
2.644592
2.644607
2.644611
2.644656
2.644681
2.644694
2.644716
2.644741
2.644801
2.645053
2.645178
2.645193
2.645208
2.645208
2.645318
2.645489
2.645594
2.645598
2.645620
2.645634
2.645640
2.645684
2.645753
2.646109
2.646145
2.646181
2.646204
2.646358
2.646402
2.646541
2.646771
2.646846
2.646962
2.647093
2.647094
2.647160
2.647170
2.647214
2.647229
2.647318
2.647449
2.647454
2.647498
2.647552
2.647587
2.647856
2.648065
2.648115
2.648127
2.648187
2.648249
2.648319
2.648406
2.648459
2.648502
2.648632
2.648671
2.648774
2.648803
2.648843
2.648880
2.648929
2.649015
2.649112
2.649173
2.649310
2.649402
2.649518
2.649546
2.649581
2.649619
2.649672
2.649747
2.649774
2.649818
2.649904
2.649976
2.650001
2.650157
2.650213
2.650290
2.650361
2.650389
2.650491
2.650579
2.650592
2.650759
2.650788
2.650800
2.651043
2.651180
2.651473
2.651484
2.651484
2.651620
2.651658
2.651773
2.651830
2.651901
2.651926
2.651949
2.652023
2.652251
2.652282
2.652683
2.652729
2.652744
2.652885
2.653002
2.653222
2.653228
2.653291
2.653393
2.653491
2.653590
2.653850
2.653972
2.654031
2.654090
2.654143
2.654152
2.654158
2.654164
2.654176
2.654193
2.654576
2.654634
2.654634
2.654717
2.655014
2.655077
2.655253
2.655294
2.655396
2.655705
2.655748
2.655868
2.655954
2.656073
2.656086
2.656283
2.656312
2.656357
2.656399
2.656426
2.656483
2.656587
2.656726
2.656751
2.656826
2.656893
2.656944
2.656981
2.657020
2.657237
2.657319
2.657321
2.657340
2.657655
2.657760
2.657822
2.657938
2.657947
2.658048
2.658081
2.658093
2.658226
2.658240
2.658325
2.658386
2.658402
2.658437
2.658555
2.658629
2.658817
2.658841
2.658914
2.659113
2.659124
2.659371
2.659398
2.659402
2.659532
2.659538
2.659645
2.659689
2.660064
2.660232
2.660492
2.660553
2.660568
2.660813
2.660859
2.661004
2.661018
2.661122
2.661348
2.661389
2.661418
2.661513
2.661639
2.661684
2.661717
2.661767
2.661775
2.661809
2.661827
2.661895
2.661968
2.661971
2.661986
2.662301
2.662481
2.662514
2.662675
2.662729
2.662733
2.663204
2.663211
2.663296
2.663314
2.663445
2.663504
2.663574
2.663643
2.663657
2.663719
2.663799
2.663852
2.663862
2.663908
2.663920
2.664197
2.664366
2.664384
2.664409
2.664563
2.664680
2.664797
2.664911
2.665163
2.665302
2.665305
2.665314
2.665504
2.665547
2.665589
2.665670
2.665887
2.665960
2.666075
2.666251
2.666296
2.666452
2.666529
2.666586
2.666660
2.666811
2.667186
2.667226
2.667272
2.667286
2.667503
2.667734
2.667777
2.667874
2.667895
2.667918
2.667930
2.668044
2.668090
2.668108
2.668208
2.668280
2.668323
2.668365
2.668370
2.668514
2.668637
2.668713
2.668831
2.668850
2.668884
2.668938
2.668996
2.669098
2.669110
2.669114
2.669155
2.669183
2.669226
2.669411
2.669435
2.669512
2.669529
2.669553
2.669630
2.669729
2.669732
2.669813
2.669837
2.670141
2.670369
2.670536
2.670542
2.670587
2.670646
2.670765
2.670962
2.671065
2.671158
2.671184
2.671232
2.671294
2.671407
2.671504
2.671516
2.671520
2.671700
2.671721
2.671731
2.671778
2.672209
2.672210
2.672282
2.672321
2.672339
2.672384
2.672386
2.672399
2.672473
2.672514
2.672537
2.672651
2.672660
2.672693
2.672734
2.672742
2.672773
2.672806
2.672851
2.673007
2.673183
2.673343
2.673395
2.673496
2.673658
2.673692
2.673709
2.673736
2.673769
2.673836
2.673848
2.673910
2.673941
2.673957
2.674259
2.674290
2.674369
2.674577
2.674616
2.674621
2.674779
2.674796
2.674828
2.674830
2.675027
2.675046
2.675280
2.675327
2.675340
2.675395
2.675726
2.675750
2.675756
2.675841
2.675918
2.676048
2.676151
2.676290
2.676393
2.676428
2.676487
2.676511
2.676515
2.676650
2.676669
2.676744
2.676765
2.676802
2.676861
2.676959
2.677157
2.677215
2.677315
2.677378
2.677386
2.677482
2.677654
2.677669
2.677833
2.678070
2.678086
2.678099
2.678234
2.678393
2.678514
2.678543
2.678560
2.678645
2.678717
2.678758
2.678789
2.678802
2.678881
2.678885
2.678948
2.679101
2.679107
2.679218
2.679220
2.679225
2.679332
2.679347
2.679468
2.679508
2.679551
2.679601
2.679604
2.679671
2.679721
2.679756
2.679791
2.679823
2.679842
2.679878
2.679884
2.679936
2.679952
2.680110
2.680116
2.680340
2.680352
2.680377
2.680378
2.680430
2.680528
2.680556
2.680599
2.680663
2.680672
2.680846
2.680869
2.680891
2.680923
2.680946
2.681225
2.681288
2.681290
2.681445
2.681738
2.681752
2.681897
2.681910
2.682070
2.682294
2.682353
2.682533
2.682578
2.682727
2.682732
2.682811
2.682920
2.683092
2.683148
2.683337
2.683507
2.683578
2.683645
2.683683
2.683859
2.683893
2.683934
2.684087
2.684112
2.684245
2.684264
2.684278
2.684354
2.684360
2.684385
2.684441
2.684494
2.684575
2.684701
2.684757
2.684999
2.685000
2.685026
2.685055
2.685114
2.685280
2.685425
2.685554
2.685558
2.685569
2.685587
2.685690
2.685734
2.685884
2.685925
2.685925
2.686127
2.686246
2.686390
2.686430
2.686668
2.686724
2.686726
2.686803
2.686944
2.686964
2.687022
2.687121
2.687145
2.687210
2.687387
2.687448
2.687614
2.687806
2.687886
2.688120
2.688273
2.688404
2.688430
2.688468
2.688507
2.688512
2.688550
2.688557
2.688559
2.688772
2.688779
2.688812
2.688949
2.689075
2.689239
2.689332
2.689338
2.689513
2.689600
2.689617
2.689686
2.689711
2.689799
2.689872
2.689929
2.690068
2.690075
2.690098
2.690256
2.690302
2.690336
2.690342
2.690428
2.690449
2.690451
2.690633
2.690652
2.690664
2.690722
2.690756
2.690875
2.690940
2.690980
2.691058
2.691324
2.691758
2.691811
2.691834
2.691835
2.691848
2.692101
2.692143
2.692191
2.692212
2.692266
2.692279
2.692421
2.692531
2.692559
2.692574
2.692877
2.692890
2.692920
2.692923
2.693229
2.693286
2.693312
2.693344
2.693411
2.693486
2.693591
2.693614
2.693723
2.693860
2.694082
2.694133
2.694172
2.694299
2.694357
2.694523
2.694637
2.694852
2.694871
2.695041
2.695174
2.695191
2.695265
2.695307
2.695330
2.695376
2.695416
2.695426
2.695484
2.695556
2.695630
2.695650
2.695682
2.695690
2.695720
2.695781
2.695819
2.695826
2.695835
2.695921
2.695950
2.695958
2.695978
2.696018
2.696099
2.696158
2.696179
2.696203
2.696322
2.696417
2.696438
2.696496
2.696590
2.696607
2.696715
2.696753
2.696759
2.696824
2.697038
2.697067
2.697076
2.697227
2.697269
2.697361
2.697364
2.697447
2.697489
2.697527
2.697536
2.697591
2.697643
2.697774
2.697843
2.697861
2.697923
2.697938
2.697989
2.697991
2.698023
2.698110
2.698122
2.698128
2.698143
2.698248
2.698303
2.698365
2.698392
2.698482
2.698591
2.698653
2.698663
2.698869
2.699033
2.699290
2.699367
2.699440
2.699453
2.699481
2.699512
2.699570
2.699638
2.699997
2.700122
2.700173
2.700238
2.700316
2.700333
2.700392
2.700523
2.700564
2.700604
2.700762
2.700786
2.700805
2.700900
2.701032
2.701055
2.701391
2.701478
2.701571
2.701584
2.701596
2.701599
2.701634
2.701699
2.701833
2.701942
2.701998
2.702033
2.702043
2.702213
2.702219
2.702224
2.702281
2.702309
2.702310
2.702370
2.702538
2.702649
2.702677
2.702708
2.702765
2.702772
2.702775
2.702883
2.702930
2.703013
2.703029
2.703068
2.703135
2.703197
2.703200
2.703291
2.703301
2.703364
2.703405
2.703435
2.703480
2.703504
2.703614
2.703616
2.703709
2.703719
2.703746
2.703764
2.703900
2.703985
2.703987
2.704114
2.704207
2.704244
2.704410
2.704450
2.704505
2.704550
2.704551
2.704734
2.704890
2.704921
2.705046
2.705141
2.705185
2.705194
2.705299
2.705486
2.705510
2.705533
2.705637
2.705638
2.705760
2.706171
2.706178
2.706269
2.706293
2.706333
2.706379
2.706409
2.706438
2.706588
2.706612
2.706667
2.706682
2.706734
2.706816
2.706912
2.706973
2.706999
2.707068
2.707294
2.707304
2.707337
2.707417
2.707543
2.707566
2.707587
2.707659
2.707702
2.707794
2.707800
2.707812
2.707943
2.707945
2.707948
2.707977
2.708082
2.708128
2.708129
2.708211
2.708231
2.708232
2.708320
2.708321
2.708395
2.708483
2.708565
2.708575
2.708576
2.708606
2.708620
2.708707
2.708786
2.708796
2.708863
2.708929
2.708992
2.709004
2.709067
2.709131
2.709207
2.709269
2.709391
2.709399
2.709426
2.709444
2.709489
2.709639
2.709649
2.709712
2.709741
2.709999
2.710177
2.710181
2.710265
2.710395
2.710526
2.710559
2.710615
2.710616
2.710716
2.710797
2.710845
2.710876
2.710967
2.711140
2.711199
2.711242
2.711249
2.711254
2.711280
2.711377
2.711398
2.711492
2.711826
2.711851
2.711903
2.711909
2.711914
2.711928
2.712143
2.712162
2.712321
2.712348
2.712385
2.712388
2.712407
2.712521
2.712538
2.712548
2.712590
2.712596
2.712652
2.712653
2.712666
2.712667
2.712678
2.712763
2.712785
2.712791
2.712795
2.712849
2.713085
2.713138
2.713166
2.713213
2.713235
2.713261
2.713339
2.713341
2.713363
2.713399
2.713410
2.713415
2.713437
2.713563
2.713576
2.713641
2.713744
2.713963
2.714015
2.714070
2.714103
2.714322
2.714680
2.714728
2.714778
2.714792
2.714822
2.714857
2.714916
2.714977
2.715006
2.715014
2.715042
2.715075
2.715080
2.715103
2.715109
2.715113
2.715125
2.715263
2.715348
2.715426
2.715521
2.715630
2.715688
2.715713
2.715845
2.715877
2.715894
2.715945
2.716023
2.716095
2.716194
2.716351
2.716434
2.716510
2.716529
2.716562
2.716584
2.716758
2.716882
2.716910
2.716986
2.717083
2.717093
2.717252
2.717323
2.717378
2.717383
2.717420
2.717436
2.717586
2.717626
2.717655
2.717676
2.717786
2.717921
2.717933
2.717952
2.717973
2.717986
2.718006
2.718102
2.718137
2.718226
2.718290
2.718339
2.718566
2.718625
2.718646
2.718722
2.718876
2.719019
2.719182
2.719201
2.719303
2.719305
2.719337
2.719382
2.719388
2.719390
2.719434
2.719559
2.719934
2.719949
2.720146
2.720165
2.720191
2.720294
2.720336
2.720418
2.720458
2.720479
2.720590
2.720598
2.720670
2.720703
2.720752
2.720912
2.720937
2.720979
2.721037
2.721127
2.721406
2.721434
2.721469
2.721474
2.721501
2.721547
2.721586
2.721689
2.721728
2.721758
2.721783
2.722021
2.722071
2.722129
2.722250
2.722267
2.722279
2.722287
2.722351
2.722396
2.722479
2.722485
2.722490
2.722644
2.722654
2.722829
2.722918
2.723035
2.723055
2.723111
2.723320
2.723488
2.723562
2.723672
2.723733
2.723781
2.723825
2.723890
2.723898
2.723973
2.723989
2.724019
2.724149
2.724167
2.724276
2.724505
2.724535
2.724600
2.724706
2.724716
2.724788
2.724943
2.725058
2.725211
2.725302
2.725450
2.725661
2.725700
2.725768
2.725857
2.725874
2.725897
2.725951
2.725965
2.725988
2.726092
2.726095
2.726446
2.726464
2.726474
2.726565
2.726608
2.726636
2.726645
2.726650
2.726650
2.726819
2.726920
2.726928
2.726992
2.727123
2.727188
2.727213
2.727232
2.727346
2.727351
2.727385
2.727458
2.727587
2.727608
2.727689
2.727705
2.727723
2.727745
2.727790
2.727793
2.727866
2.727898
2.727935
2.728104
2.728211
2.728265
2.728303
2.728395
2.728533
2.728635
2.728666
2.728739
2.728784
2.728794
2.728801
2.728838
2.728889
2.728892
2.729123
2.729124
2.729142
2.729223
2.729241
2.729267
2.729355
2.729446
2.729561
2.729565
2.729675
2.729680
2.729800
2.729836
2.729908
2.729910
2.729912
2.729912
2.729934
2.729934
2.729938
2.729944
2.730041
2.730147
2.730178
2.730199
2.730203
2.730223
2.730255
2.730255
2.730611
2.730657
2.730713
2.730715
2.730763
2.730960
2.730963
2.731043
2.731112
2.731122
2.731188
2.731278
2.731339
2.731428
2.731477
2.731706
2.731945
2.731996
2.732055
2.732144
2.732393
2.732504
2.732521
2.732527
2.732604
2.732615
2.732625
2.732699
2.732850
2.732853
2.732893
2.733009
2.733223
2.733259
2.733275
2.733291
2.733370
2.733388
2.733391
2.733515
2.733516
2.733516
2.733570
2.733639
2.733742
2.733762
2.733775
2.733787
2.733835
2.733938
2.733967
2.734010
2.734063
2.734161
2.734250
2.734258
2.734470
2.734496
2.734607
2.734647
2.734715
2.734758
2.734784
2.734958
2.735029
2.735153
2.735174
2.735205
2.735246
2.735268
2.735279
2.735297
2.735380
2.735434
2.735560
2.735711
2.735769
2.735818
2.735900
2.735917
2.735924
2.736023
2.736103
2.736115
2.736160
2.736302
2.736434
2.736448
2.736521
2.736567
2.736722
2.736770
2.736820
2.736899
2.736999
2.737010
2.737067
2.737102
2.737107
2.737282
2.737517
2.737547
2.737585
2.737648
2.737732
2.737843
2.737929
2.737999
2.738041
2.738061
2.738079
2.738284
2.738284
2.738335
2.738460
2.738725
2.738862
2.738870
2.739138
2.739339
2.739346
2.739393
2.739399
2.739510
2.739761
2.739774
2.739928
2.739945
2.739994
2.739995
2.740233
2.740235
2.740254
2.740265
2.740417
2.740430
2.740451
2.740570
2.740572
2.740688
2.740717
2.740848
2.740867
2.740891
2.740919
2.741045
2.741056
2.741192
2.741204
2.741388
2.741534
2.741604
2.741610
2.741693
2.741860
2.741879
2.742038
2.742147
2.742192
2.742296
2.742316
2.742432
2.742542
2.742564
2.742600
2.742606
2.742608
2.742618
2.742676
2.742795
2.742846
2.742886
2.742908
2.743005
2.743009
2.743041
2.743157
2.743164
2.743516
2.743599
2.743850
2.743938
2.743940
2.743941
2.744085
2.744108
2.744156
2.744165
2.744167
2.744185
2.744304
2.744357
2.744551
2.744590
2.744674
2.744690
2.744892
2.744989
2.744996
2.745105
2.745420
2.745514
2.745615
2.745623
2.745625
2.745672
2.745709
2.745718
2.745821
2.745950
2.746150
2.746186
2.746207
2.746341
2.746409
2.746459
2.746485
2.746505
2.746534
2.746587
2.746628
2.746670
2.746677
2.746805
2.746866
2.746871
2.746900
2.746991
2.747042
2.747056
2.747071
2.747095
2.747152
2.747174
2.747202
2.747225
2.747227
2.747381
2.747452
2.747483
2.747569
2.747777
2.747846
2.747897
2.747933
2.747953
2.747969
2.748033
2.748100
2.748141
2.748283
2.748307
2.748326
2.748343
2.748469
2.748515
2.748543
2.748873
2.748902
2.748926
2.749063
2.749138
2.749388
2.749389
2.749539
2.749553
2.749556
2.749597
2.749603
2.749608
2.749644
2.749792
2.749921
2.749932
2.749968
2.750059
2.750348
2.750419
2.750468
2.750601
2.750685
2.750691
2.750823
2.751070
2.751110
2.751142
2.751165
2.751330
2.751359
2.751508
2.751525
2.751548
2.751586
2.751673
2.751676
2.751702
2.751749
2.751801
2.751878
2.751912
2.752166
2.752167
2.752219
2.752254
2.752256
2.752313
2.752317
2.752393
2.752406
2.752410
2.752447
2.752462
2.752475
2.752514
2.752519
2.752545
2.752704
2.752709
2.752727
2.752737
2.752756
2.752762
2.752776
2.753093
2.753168
2.753206
2.753391
2.753474
2.753487
2.753541
2.753593
2.753660
2.753739
2.753754
2.753754
2.753806
2.753809
2.754027
2.754059
2.754184
2.754220
2.754221
2.754422
2.754457
2.754480
2.754513
2.754541
2.754541
2.754744
2.754751
2.754911
2.754914
2.754914
2.754969
2.755047
2.755124
2.755164
2.755198
2.755209
2.755236
2.755349
2.755409
2.755570
2.755834
2.755849
2.755869
2.755878
2.755885
2.755899
2.755954
2.756011
2.756028
2.756239
2.756463
2.756522
2.756633
2.756698
2.756796
2.756857
2.756873
2.756883
2.756948
2.756948
2.756970
2.757076
2.757144
2.757335
2.757468
2.757592
2.757850
2.757856
2.757896
2.758090
2.758113
2.758164
2.758190
2.758205
2.758208
2.758218
2.758385
2.758404
2.758433
2.758515
2.758524
2.758537
2.758661
2.758667
2.758899
2.758978
2.759121
2.759141
2.759347
2.759407
2.759473
2.759694
2.759695
2.759793
2.759847
2.759950
2.759994
2.760000
2.760040
2.760159
2.760183
2.760208
2.760296
2.760340
2.760421
2.760594
2.760661
2.760714
2.760811
2.760813
2.760859
2.760863
2.760894
2.760913
2.760984
2.761031
2.761200
2.761226
2.761240
2.761245
2.761284
2.761301
2.761326
2.761532
2.761757
2.761772
2.761861
2.761950
2.762013
2.762028
2.762076
2.762123
2.762137
2.762157
2.762299
2.762481
2.762660
2.762681
2.762790
2.762851
2.762927
2.762931
2.763031
2.763126
2.763202
2.763331
2.763342
2.763389
2.763581
2.763633
2.763869
2.763873
2.763918
2.763932
2.763964
2.764001
2.764030
2.764217
2.764272
2.764323
2.764330
2.764547
2.765091
2.765117
2.765146
2.765178
2.765306
2.765325
2.765342
2.765350
2.765360
2.765382
2.765405
2.765419
2.765676
2.765723
2.765725
2.765745
2.765825
2.765898
2.765934
2.765947
2.765998
2.766003
2.766018
2.766043
2.766076
2.766104
2.766146
2.766153
2.766171
2.766177
2.766255
2.766420
2.766527
2.766530
2.766533
2.766627
2.766643
2.766681
2.766904
2.766924
2.766981
2.767131
2.767265
2.767292
2.767392
2.767403
2.767425
2.767526
2.767561
2.767575
2.767750
2.767856
2.767867
2.767957
2.767997
2.768142
2.768371
2.768394
2.768427
2.768457
2.768573
2.768608
2.768705
2.768715
2.768761
2.768822
2.768836
2.769040
2.769069
2.769082
2.769111
2.769179
2.769227
2.769313
2.769465
2.769478
2.769596
2.769636
2.769703
2.769703
2.769708
2.769725
2.769777
2.769782
2.769906
2.770089
2.770158
2.770185
2.770254
2.770334
2.770375
2.770475
2.770517
2.770542
2.770675
2.770848
2.770871
2.770935
2.770954
2.771087
2.771243
2.771253
2.771275
2.771289
2.771445
2.771480
2.771577
2.771751
2.771767
2.771771
2.771834
2.771907
2.771914
2.772030
2.772104
2.772213
2.772282
2.772300
2.772531
2.772734
2.772738
2.772738
2.772757
2.772792
2.772862
2.772871
2.772931
2.772952
2.773183
2.773198
2.773231
2.773253
2.773348
2.773657
2.773744
2.773780
2.773819
2.773885
2.773956
2.774049
2.774099
2.774109
2.774116
2.774128
2.774146
2.774236
2.774254
2.774309
2.774349
2.774540
2.774557
2.774579
2.774720
2.774737
2.774848
2.774856
2.774889
2.774974
2.774987
2.775008
2.775094
2.775102
2.775265
2.775290
2.775366
2.775534
2.775575
2.775587
2.775633
2.775933
2.775985
2.775994
2.776077
2.776145
2.776208
2.776340
2.776385
2.776401
2.776461
2.776557
2.776609
2.776823
2.776932
2.776933
2.777035
2.777467
2.777483
2.777565
2.777573
2.777614
2.777720
2.777742
2.777786
2.777801
2.777860
2.778055
2.778257
2.778449
2.778488
2.778535
2.778662
2.778666
2.778679
2.778872
2.778926
2.778944
2.779061
2.779226
2.779283
2.779294
2.779498
2.779537
2.779542
2.779562
2.779677
2.779740
2.779759
2.779884
2.779885
2.779913
2.780021
2.780099
2.780126
2.780154
2.780227
2.780238
2.780239
2.780249
2.780275
2.780448
2.780476
2.780488
2.780513
2.780671
2.780674
2.780681
2.780803
2.780942
2.780979
2.781028
2.781124
2.781128
2.781142
2.781238
2.781291
2.781383
2.781398
2.781435
2.781487
2.781548
2.781582
2.781620
2.781631
2.781653
2.781680
2.781699
2.781734
2.781918
2.781937
2.782047
2.782049
2.782159
2.782161
2.782186
2.782186
2.782205
2.782217
2.782225
2.782235
2.782236
2.782236
2.782236
2.782237
2.782237
2.782237
2.782237
2.782237
2.782238
2.782238
2.782238
2.782238
2.782238
2.782238
2.782238
2.782238
2.782238
2.782238
2.782238
2.782238
2.782239
2.782239
2.782239
2.782239
2.782239
2.782239
2.782240
2.782240
2.782240
2.782240
2.782240
2.782240
2.782240
2.782240
2.782241
2.782243
