1.000000
1.378709
1.559403
1.706924
1.707613
1.707766
1.718261
1.729916
1.758434
1.765521
1.767037
1.769326
1.771917
1.789502
1.796627
1.808273
1.811299
1.820332
1.839115
1.857968
1.861578
1.867502
1.876985
1.887595
1.898552
1.909270
1.911075
1.918625
1.920660
1.922368
1.924631
1.927917
1.929728
1.944143
1.967272
1.967444
1.969999
1.971048
1.973298
1.975543
1.982672
1.983126
1.988263
2.001849
2.002092
2.004009
2.005242
2.005812
2.010849
2.013520
2.015354
2.015575
2.019980
2.020993
2.032511
2.034298
2.036949
2.042807
2.044342
2.046412
2.049885
2.059200
2.062821
2.063500
2.075830
2.076772
2.077754
2.081692
2.081939
2.086350
2.087462
2.089165
2.092235
2.095818
2.097408
2.099027
2.100588
2.101321
2.103345
2.104132
2.105554
2.111187
2.117013
2.120101
2.120995
2.122737
2.123347
2.124527
2.128568
2.128884
2.132082
2.133307
2.142191
2.154916
2.157472
2.161740
2.162358
2.163384
2.165123
2.166126
2.169571
2.171858
2.176309
2.180131
2.180183
2.180329
2.180672
2.184173
2.185560
2.186638
2.191369
2.196138
2.196890
2.196895
2.198481
2.198702
2.209682
2.212251
2.214991
2.215423
2.221114
2.222964
2.223342
2.223870
2.224478
2.224599
2.230812
2.234611
2.239865
2.241256
2.242748
2.244507
2.244717
2.244964
2.246859
2.255145
2.259157
2.259783
2.262177
2.272987
2.275280
2.275344
2.275830
2.277423
2.278751
2.280408
2.281864
2.284375
2.286142
2.289360
2.289679
2.293808
2.293943
2.294636
2.301867
2.312920
2.313052
2.316110
2.318256
2.318993
2.319315
2.322356
2.322581
2.325582
2.325742
2.335739
2.338838
2.340411
2.342060
2.342401
2.342421
2.345773
2.346377
2.346686
2.347444
2.349450
2.351692
2.357354
2.357522
2.360980
2.365050
2.366904
2.368114
2.368402
2.373615
2.373859
2.374445
2.374545
2.374628
2.374686
