1.000000
1.097271
1.164596
1.288782
1.307518
1.308721
1.320145
1.321529
1.340575
1.414573
1.427719
1.438946
1.439328
1.448455
1.453419
1.460064
1.462797
1.474844
1.538418
1.572463
1.577689
1.579426
1.589807
1.591810
1.608758
1.608887
1.617895
1.622962
1.644368
1.654506
1.666863
1.668495
1.671527
1.672279
1.674311
1.677915
1.679640
1.680722
1.680723
1.686974
1.687224
1.687259
1.688206
1.690076
1.690207
1.690433
1.696384
1.703204
1.707336
1.709174
1.714134
1.718655
1.719251
1.719638
1.720248
1.721320
1.723289
1.725836
1.727893
1.732257
1.736260
1.736342
1.737176
1.739359
1.739668
1.741035
1.743967
1.750576
1.751613
1.752665
1.753200
1.756273
1.761168
1.762203
1.764174
1.764716
1.768421
1.768734
1.770089
1.771616
1.772115
1.772966
1.773080
1.773489
1.776825
1.778319
1.778722
1.779128
1.779936
1.781500
1.786720
1.788500
1.789526
1.790972
1.792621
1.793042
1.794678
1.795970
1.801696
1.804259
1.805298
1.807390
1.814802
1.814990
1.817189
1.820384
1.820490
1.820807
1.821152
1.821870
1.822767
1.830136
1.830705
1.832221
1.837945
1.844607
1.846158
1.846253
1.846364
1.847978
1.848236
1.848805
1.850676
1.854294
1.855477
1.855919
1.856109
1.857813
1.858002
1.860171
1.860537
1.860635
1.863141
1.863418
1.864483
1.865570
1.866421
1.869834
1.879617
1.880542
1.881710
1.883629
1.884854
1.885713
1.885743
1.886054
1.886443
1.887545
1.889253
1.889698
1.891559
1.891565
1.891578
1.891760
1.892045
1.892332
1.895438
1.895971
1.896549
1.898632
1.902359
1.905421
1.908781
1.909107
1.909308
1.909338
1.909464
1.910390
1.911570
1.912348
1.912673
1.914067
1.919387
1.919578
1.922013
1.927937
1.928883
1.929093
1.929902
1.933064
1.933798
1.938272
1.938435
1.939965
1.941739
1.941774
1.944846
1.945258
1.946551
1.947664
1.949278
1.950744
1.951284
1.953660
1.953923
1.955168
1.959903
1.961025
1.962869
1.965099
1.965166
1.965525
1.966824
1.968434
1.971720
1.972138
1.973411
1.975020
1.975522
1.978843
1.979074
1.979915
1.979989
1.982409
1.986109
1.987935
1.988815
1.990806
2.003433
2.004387
2.004676
2.006680
2.009369
2.012784
2.013336
2.014640
2.015193
2.015828
2.017625
2.018553
2.019533
2.020059
2.020507
2.021035
2.023715
2.024785
2.025173
2.027531
2.027567
2.028388
2.029887
2.031479
2.031875
2.032775
2.033051
2.035230
2.037905
2.039330
2.040036
2.040556
2.044073
2.044931
2.046513
2.046659
2.048552
2.048911
2.049951
2.056714
2.056793
2.059843
2.059985
2.060531
2.062484
2.063690
2.064958
2.066047
2.066170
2.066183
2.066197
2.066224
2.066270
2.066270
2.066270
2.066271
2.066271
2.066272
