2.2438709304945399
2.588895935747801
2.6604890915329871
2.7068565771923261
2.4926802168789028
1.9611589840243617
2.4785030528084455
2.1902618427103064
2.5241635652640513
2.6156577054837244
2.4895261302595251
2.4348341364945361
2.4452840567096077
2.6479389643930173
2.6450399297023024
2.7738478676215959
2.549521052313525
2.3103775469540762
2.3726082533618418
2.6728368248236527
2.495056169616245
2.6258433663817526
2.5062186581100878
2.3358013468461816
2.5392973710667772
2.6295366576257471
2.4411347206001364
2.4712258605013226
2.5888773669982021
2.3649585057781657
2.3948523380845201
2.2264172264175439
2.6425944436352369
2.5699965421884285
2.4302563903006966
2.4488577863733774
2.6287123598894109
2.6731861106292887
2.6798579530187592
2.52479837244536
2.3197950252229838
2.334001545018233
2.4232759059304056
2.0162297200593047
2.5836451339837829
2.4023975768822488
2.5249771908244703
1.9911465060834197
2.4910219835316636
2.5153729157324212
2.4604802905924146
2.4575720117817128
2.389598801266688
2.4432828041287347
2.6288023621627583
2.4162175472514265
2.5974408167327607
2.5603585858368101
2.3646351503458938
2.4157414677011069
2.4635549346885477
2.5376479730550243
2.5187573381054302
2.4522808980247284
2.5948766968104402
2.5377422522670781
2.2961257971813454
2.4974556167677506
2.4748280050895453
2.4269251411823611
2.4109584370436119
2.2909150793851722
2.5241239011535557
2.2373221781521542
2.4841630866851356
2.3339435962773716
2.4859748178656145
2.5641944857452126
2.2610992868312283
2.3330190409319682
2.5547700944984615
2.6329196125177683
2.6754029997551947
2.3511197586699084
2.1503250673472696
2.5477779411517991
2.2408241774464122
2.5210038511897221
2.651959700035555
2.4629412168346612
2.6284363950864065
2.6602693828591009
2.7682669069767734
2.56320143686695
2.6960492727651988
2.3959802295600845
2.4572258276143089
2.575576871925747
2.6362370797386232
2.6962470738302757
2.3441055923752727
2.2947833380224258
2.4154756813226141
2.3211553844011594
2.7132717264194466
2.5716866232242075
2.6099004734560736
2.2689122101817545
2.4858328010957371
2.6188893031680256
2.5596634679276438
2.3391968515938859
2.5206578703623816
2.6002514053567283
2.4907494960215844
2.5540384765425799
2.6826165873253642
2.4480439143854138
2.5177072378088825
2.5037689997942554
2.1060464245777939
2.6643095323288706
2.7504624446177819
2.4165734910227745
2.2373169374668334
2.5020052184765609
2.6086692761508727
2.4262457395609247
2.6039858952620629
2.6208931723765438
2.0947211847221929
2.4087823646516595
2.3451815966003529
2.5422066474205338
2.7284010716808909
2.6299197479836929
2.3824710473102986
2.647425546060366
2.3021146995028845
2.5025684606288081
2.6037464087961708
2.4960886611253352
2.5558176009239992
2.6796355545094284
2.6454838374188667
2.5880995799818165
2.5148455790659567
2.7081057380179474
2.7357940252914883
2.3823298751791699
2.4742386475158593
2.7285890816609064
2.642823000411568
2.7636105417332129
2.7157722363507926
2.7645434189201783
2.6651417952467393
2.769223431550019
2.5191514867422815
2.6109126240454668
2.6179201626003885
2.1007496237193002
2.4416065769518611
2.510214224203001
2.3433500994514067
2.6456405599076831
2.4870136490451173
2.4845921869730052
2.4653883345261383
2.4851166173092949
2.6473202596864969
2.5211003525700164
2.5986556968372003
2.4589052290274562
2.4760462587016883
2.678282152999039
2.664669344601442
2.674035836864352
2.6094069797816952
2.3955240015000565
2.5910030458714193
2.5473960357110372
2.634163208113951
2.5601554889950706
2.728768239806648
2.6783949060039691
2.572835642345678
2.4975071690100568
2.5071338100322711
2.4969532524247104
2.6609810043765081
2.544191748078231
2.5703972596209903
2.5869303466818319
2.5520255529077813
2.4350861652220672
2.345204193231198
2.5588765693060607
2.665315450802153
2.6965893121664011
2.665121368925103
2.6351435749003382
2.6344364742798549
2.3900932585894314
2.6422221404957686
2.5107281250801696
2.2076351218694277
2.4065985225321618
2.5512337712663715
2.4293458604021958
2.6572443839168098
2.2460694810288002
2.1259254823263563
2.1045809893714367
1.6921197872473157
2.6545555976045212
2.4672298118275067
2.4170501968900968
2.1065373998767862
2.5695168369531243
2.5464094737154288
2.2374791042044326
2.6722149868664378
2.5340406250940704
2.4468073836328172
2.5746534801664387
1.8528464619945373
2.2519540253718535
2.6602711748010495
2.4920549260724214
2.4989438579579706
2.603818235120372
2.168192770587543
2.6588967397703751
2.6364746740376903
2.5252859747534973
2.5487127024537224
2.5674285824027314
2.7739469064959561
2.6784224895786992
2.7319893688803818
2.3881666698084261
2.1849954247063215
2.4275709666173522
2.6957198563551565
2.6006436789805494
2.4744105950395996
2.3752221387187729
2.313448707228261
2.4220194851585122
2.7259505131106261
2.5016510424845291
2.5336559634579241
2.3466502397655056
2.4153721339790994
2.248337054860551
2.3120012309486309
2.5226838130102882
2.4899713287588319
2.509080408380099
2.410863253806431
2.6152473621965915
2.6403115020589469
2.6327336168561568
2.5212938483231713
2.2358845194564765
2.5285804603836608
2.6820183732384599
2.5403832807050564
2.6433660345136256
2.2725511607442042
2.4348554099345354
2.0350851321096424
2.6610990486193069
2.4824396102558448
2.3781382628867425
2.3231256267410338
2.3775432210701646
1.8297206916255622
2.4573130002740515
1.7110293436101436
1.8693951737007248
1.9825839302436303
2.351365051397905
2.6349160527877569
2.0303204861623474
2.482427297875315
1.8474110472806391
2.4636703201943111
2.3887351844533486
2.5024772828050019
2.683802143401242
2.5922338390156825
2.4071656131011756
2.2578537960861911
2.4672141067041915
2.3065949898392222
2.0798220356003765
2.0782825634839148
2.351608895951542
2.4310330357638525
2.5061330399680828
2.3474250860188737
2.6400222989566733
2.5872629082407355
2.4414604128069164
2.453570594758157
2.616989277777845
2.4370593315916063
2.4290267388388296
2.6003917848689593
2.3592346764447822
2.556962298900153
2.3425026130553461
2.3291363692691593
2.5172057909275423
2.5850650894324447
2.5705077455132672
2.5975135977940065
2.5285956642500449
2.4775872383335233
2.5704450515188451
2.5553361020270677
2.6228237869264714
2.4250105864977001
2.4471642178500974
2.5673569221784347
2.486746431311897
2.6324742374162531
2.6068820542259803
2.3729510118860668
2.6163243412082746
2.351075182087532
1.5327680668873582
1.6338469420052897
2.0031529637513792
1.8779608191431854
2.7018331625976226
1.467239498091939
2.4566450373118212
2.6147904848095722
2.5266277780187592
2.3936205923627742
2.4942313800926139
1.9330392131408862
2.684130714497424
2.6513532220838583
2.636598428237392
2.7623709124184068
1.3902783026605783
2.6376068254775507
2.1170595917612558
2.6932756581077455
2.0666406603983845
2.3146087520439558
2.5008392435879085
1.9039011988580086
2.606964284694298
2.3431651149972907
2.4522813087479651
2.688153363665946
2.3483077392990284
2.4990065629212026
2.4508820732690006
2.3434602109098726
1.5941435235014214
1.4713233155027101
1.1820040559997322
2.7221813800953516
1.7258460765191845
2.5747115812713903
2.6411694465451827
2.4945362639909736
2.1171223115899176
2.4530545242318693
1.3958693223016623
2.6639121503958472
2.6820206746361435
2.468891718293289
2.7683629020953044
1.8201250213476456
2.362360180106569
1.9082971695241739
2.603833471233616
2.0903201231622051
2.0511448185873129
2.3632094205850716
1.8302171050705442
2.7366974106998461
2.3028770295318131
2.2996259259635772
2.5701428812742102
2.1044507750902177
2.3118661568539074
2.1037458865058487
2.3844639684990665
1.9333881807619901
1.7630640088739506
2.6937171108798066
1.482161610876376
2.5534765188433726
2.6902435516335972
2.4801972929147396
2.1964724917896654
2.6069945566705077
1.7544399386656753
2.7269762933744501
2.7123106988348225
2.3775403332088194
2.7744158200868845
1.901481415954309
2.3620511790660221
2.0336697183781336
2.6509340500571907
2.0138505903008168
2.2120120652405015
2.4689934063928911
1.2897659186467414
2.6789837105289944
2.2502659903013802
2.422561391385615
2.6424318228133101
2.1954928562902314
2.4324215466872761
2.2414327970336463
2.5230576427192188
1.1491975552618074
2.7133610662675225
2.1198875462259004
2.7133472829195471
2.4488437728701626
2.4766463629461115
1.4128903427057142
2.2275772984470668
1.3081422045807682
2.4783641883820628
2.4704279850504927
2.087665999677391
2.7141339806663036
2.2115879282630408
1.8399913079315615
2.022882974014109
2.3244207894905422
2.0140242770200527
1.8713200204938503
2.017106546714988
2.0251040552026995
2.7437207115611555
2.1834822577077713
1.6091249676527779
2.5193834788984732
2.0986971037739659
2.2365218350797851
1.4145855816390747
2.3661235639977991
2.7237172596969987
1.9504640437392002
2.5722325128378376
2.5190918437003287
2.4180898328295264
1.6917726929670736
2.4702293258149872
1.0
2.5868209539875497
2.5528482542449287
2.2264228948254328
2.7214559744168079
1.9760431955845088
2.0519591673713413
1.8263889216135663
2.4474296168726841
1.9416475403406113
1.9610259981863905
2.0352304374823462
2.0324289130073079
2.7504876815384565
2.0415296373375704
1.8393083010481637
2.4743290405564289
2.0227221894256502
2.3001421153449222
1.6572664776331545
2.2851460469724465
2.6884744591314358
2.0973918112939538
2.4374848304269832
2.3041938327708555
2.6621199048389759
1.9443648273331107
2.738333093139246
2.2398931018173474
2.3133619037923405
2.5490021564099474
2.4526856735276801
2.7049465389997938
2.6758310539790227
2.5643728431934787
2.4784261659218982
2.5604694444533536
2.7646367103233294
2.7765538641598435
2.7032818932117086
2.3316582421893495
2.4753519382381168
2.686455042683082
2.7703406877741683
2.3532524631976548
2.736140165931972
2.7379469303404536
2.762420285198782
2.4664051838466583
2.5804878436736325
2.4694708831017831
2.3875336443761168
2.5518530192351201
1.8752002306112845
2.7138464997336711
2.7051490714701312
2.6415727598068548
2.7655121589670473
1.5091037254282595
2.662461777011123
2.0644893102036006
2.6376072259391696
2.2278354984125825
2.4314332959971101
2.6499679835841783
1.373343642102326
2.675834690458835
2.3794193061775659
2.5724692530174433
2.7354748016301609
2.3109545481136231
2.4653310924418856
2.5074124129415059
2.4831245864861438
2.716240224940798
2.6122117106448788
2.7461803859338256
2.5921030436988608
2.5064551544292719
2.6777166400544008
2.7379097546450586
2.743890137960967
2.695201411376412
2.3640524833805401
2.7413465104757981
2.4806141087590818
2.6782653356879389
2.2666069479796462
2.7478243794641335
2.7706531038987952
2.6609958391297637
1.560584642389603
2.3370756349362987
2.7464448029641275
2.6904028680673462
2.5484463197428897
2.7675684957476476
2.7141089847669377
2.7615619984198121
1.814066393209157
2.072709359832662
2.1479063291959384
2.5627579809094962
1.6872983865962743
1.3881282882071673
2.0757162626832151
2.0174679311420154
2.6367812272597355
2.3025756433652704
2.2114839460847673
1.796233936315125
2.3533968831773144
2.32708722565603
2.2888962717610468
2.590366448294926
2.7338038218577942
2.0899673176225444
2.1537269248997131
2.4298729609783947
1.9130112948749647
2.6955550765034038
2.3009908842750599
2.6120269187111673
2.3593668531258762
2.2696637251559761
2.3853800842198081
2.1436583870328256
1.916378520229836
2.3294930373829597
2.1969970001592505
2.5183890245714151
2.518463781674452
2.1570736495581926
2.0806178588869022
2.0714086911611687
2.3218740252354539
2.4276026674048197
2.6327161822489065
2.7207668146166757
1.8558813326233663
2.3560401754245803
2.7489560611245185
1.9717442561992342
2.690250756464422
2.5034810886736505
2.6174226093539832
2.1891669574792378
1.8178388936857672
2.2806286673876706
2.1593641883005743
1.8322410707745971
2.6361951442426532
2.586409137099591
1.5673132114081412
1.8971713957681426
2.1169793570229833
1.9609338603911608
1.8778526275233252
1.9340205036843678
2.1905371662043414
2.7526387452796888
1.9836484537246712
1.3080269605397494
2.3229940370202544
2.0209156745323305
2.4529982502507468
1.6553864222255332
2.4729132873876942
2.5152977731562935
2.0292443238348286
2.0210691312636628
2.4614954435022374
2.4971655009338183
2.6627282569479536
2.0944686324019335
2.4192367119398597
2.1415929446119746
2.4729732416058723
2.5430997957980304
2.704993303964605
2.5309756377388108
2.7144148960273804
2.3454171280751455
1.9806942551669726
2.6706870476822102
2.0270872185163302
2.3981726933429139
2.1194398167681014
2.4183597801745855
2.6831876319981296
2.6313554250017499
2.2741621140991835
2.7453487124814355
1.9514157725879573
2.1830416233415431
2.0196372445418782
2.5628285292599404
2.005489028731203
2.2108279480789026
2.1142858140201226
1.9733774093013103
2.7132090373978413
1.9931624385157305
1.9925800936361437
2.6092024797349529
2.0552374865341396
2.3626983928181877
1.8401545518769968
2.3277919791038912
1.1530827112698261
1.7159181656363458
1.9914949778812634
2.7571721181521673
2.0740934790880496
2.303140630052916
1.3857023017349359
2.435123077842805
2.2835360898744068
2.3289941405717762
2.6758659403860965
2.7551867020746124
2.3378165901249166
2.2362038680973924
2.2074060183171342
2.1553326713817795
2.4489412865559301
2.1779053518884512
2.6340205017452059
1.5639591461791627
2.0160138704026518
2.7349074151574504
2.0507551541968581
2.1982766455081229
1.3173320593138629
2.301003624616405
2.2365193967430113
2.1138795751971728
2.6932352358798504
2.7591226185728401
2.1371635507788951
2.0229617077036233
2.2186756860295258
2.0451732848803723
2.4859269698764788
2.1344845087399116
2.5953152198064497
2.189235247099961
2.688707893291669
1.6322557380463525
1.8368732552587419
1.5274224995110643
1.9749642930058007
1.8010581756921149
1.6449377991927472
2.4551492585031709
2.73343508704041
1.971185262276504
1.9548481006217602
1.7856145642151036
1.9510777020789329
2.2051452883398364
1.8203402071766424
2.5442435794092129
2.7558496883041581
2.5003281166308056
2.5993244731844021
1.9827706839825077
2.6041107751333872
2.4535633021588286
2.4046414413684754
2.7754323592405599
2.7336641093138341
2.5722408681035791
2.6918118531147019
2.1704211291811797
2.4211169746664472
2.6798261638473324
2.5383676597255009
2.6263176048607106
2.6738624619290476
2.1833391777029525
2.7222504029975512
2.1287346941933882
2.4698455000254373
2.4651547083192806
2.2042160894323821
2.6040257550901456
2.2034846620171358
2.5148250810071886
2.7199794067172083
2.3127803633069837
2.5649330492767066
2.5130549796718116
2.5076044224378466
1.9372381742660083
1.7505463692473966
2.0642674266899799
1.8922784665698551
1.9544103461409039
2.4627883122618659
2.754199038076568
2.0258407835517174
1.5724652503341319
2.1413961228554244
2.097387516689579
2.0674475893377413
1.2312544908018559
2.438272040034057
2.1571706845331735
1.2820738938161766
1.8073283844227266
1.9857156684288932
2.1739818315378034
2.6677743291863272
1.2575923246496044
2.1466830714900591
2.1768624589127628
1.4310960556162735
2.3319416420597241
2.0811253880337954
2.519034343948356
2.3096262134543926
2.1163666951180518
2.0524089855832361
2.648570504065253
2.6909394170170153
2.2190921528192189
2.004015856747523
1.9689223701886236
2.1366886286679381
2.2562129830490782
1.8875772282917678
2.5652567427507051
2.0212286223301437
2.1422044039813222
2.3607168347073868
2.4881894227303678
1.1456674323968317
2.106994716962916
2.4161987138087762
1.8547208163803726
2.4955994223553577
2.1242506886733024
2.5822034351960879
1.8847700647693473
2.2594887443015224
2.7008282159289649
2.2803149300160288
2.0857501720608473
2.3136779842174375
2.142640195349129
2.2853835652940835
1.8402767040455899
2.3355446430311702
2.5755406864292447
2.7161445615407867
2.0849529189418892
1.840234238791985
2.017269347619242
2.2128436337820032
2.4273327540933529
1.9568767260287832
2.388515781160562
2.6573789815276685
2.5320899292869377
2.5291213393477245
2.6342400766271612
2.2501794363378362
2.3672558170585059
2.3259218932723162
2.5169372034634985
2.5605940004774963
2.7649967003069524
2.690854590632525
2.6802856252537475
2.656504158211654
2.7058489632187954
2.7496337203343426
2.0245684662744141
2.3346357797638415
1.4785044990218716
2.5467970352023315
2.1681462036335448
2.6477739519181109
2.4212897377146501
2.2263873580441893
2.4050554700621634
1.5160759720839372
2.3890625613767695
2.2490808973519671
2.2037386306003812
2.2542123603947881
2.5392926471447375
2.335881413177749
2.124938925216779
2.4935078166181199
1.9670292946117469
2.2984242284312728
2.4213011375094524
