5.8234583951988075
4.7086864372660315
4.309968993958968
4.5680876885803592
4.7480189307744789
5.4396755807654262
6.1913924497601185
5.8356069999769575
5.9205154278572181
5.1239797054849729
5.4834079766461121
5.7139367789214903
5.7899711834801346
5.4304891382365073
5.3998906872893331
5.9214581992563957
3.9221089371089137
4.9647782115613124
4.9148891430969668
5.9840349775970871
5.5200007844606311
4.4576560001893473
6.5677138583038577
5.784000477668414
4.6465778404086437
5.9403140293871051
5.218374840775204
6.0626464966691715
5.2520319659264816
5.920650942120262
5.4011444480096218
6.1940441053676114
1.4329083098148379
1.918677784003159
5.4294048092829339
5.9619549684593824
4.3044023149905222
4.5051594324837625
6.4154119281091111
4.420378277153298
2.8777794987832981
5.975916574205562
5.893528899167535
5.9111594083949326
6.546015851696537
2.6946385008087179
5.9213475679099661
6.0705243812517127
6.4582565112390551
4.8506126611163634
6.476747720888568
5.854039107351392
4.5709472703314891
5.2883364082104212
4.7876543784143166
6.4734808571218636
5.3238174939568106
5.4079735062733425
2.791724850529266
3.6166061059699888
5.5741160023169076
5.635852180739092
6.4693573826031496
5.3328329733276414
5.4114545829073757
5.1491733283850456
3.9110825811740675
3.682031515897052
6.5241706890801296
4.9059078231946591
2.7607534399581892
6.482254181535259
6.5026190826318935
4.6858368180307712
6.1634851426282404
5.2515190133543639
5.3421663962818178
5.833464166875979
6.1093421759956321
6.0857763102959064
6.025562059950361
6.174141419690347
6.3687166411632017
5.9284262584281349
5.9179931568629334
5.3677372551190388
5.8831707744432435
5.8613438028819518
4.9747091125787133
5.7683503309902706
5.7918847765484758
5.9340986018443145
5.7200783284089516
5.8315154646706935
6.4855917923647555
5.7340196909454662
5.2807534988059723
6.0067747130017244
4.2797067779627298
5.5349795119144325
6.4070398580879093
5.2581927558239157
5.5251413051448397
4.9097250165946198
5.4499071351085737
5.3025295199355593
5.3958325461342609
6.0661967276353694
5.269421044469917
5.405204908827316
5.6705388818174054
5.7490590227389466
5.5781957609535686
5.9379964175619717
4.75397527995991
4.844686764804008
6.5676267441524274
6.1539433243652812
2.3002339382893382
5.3396042294115853
5.701213703130211
6.0879262468796895
5.9955668143659793
6.1182011896315505
5.6628506168241852
5.9383396948942293
5.9110653110473343
6.025374958024452
5.0677926990759268
5.7346389534804816
6.1946905015226612
5.2480813133615927
5.7289951088759121
5.6523190529072922
5.6408093854007317
5.4954141927779281
5.2728882466874021
6.1264683295949318
5.6780058327846579
4.3143978717800913
5.3199660805308877
6.5082199583817202
5.4908295810782075
5.4991375979392743
4.6238432854728089
5.076364901839316
5.8077329803623696
5.8648498918280358
6.2127764379367889
5.5540134541942603
5.211987233160424
4.7749063103563456
5.104453738632599
5.132119430020917
6.4649189309666024
4.9528429737117694
4.8900252775950355
5.7512256029735651
6.2396349569366709
5.8317138607729531
5.9079374737273751
6.1908145603437328
6.1891268622522579
6.4808665462822077
6.5158958015318342
6.5007141362529097
6.4805054231880224
5.5455591121280969
6.5101880592661976
6.1417460548731233
6.183679782910243
6.3543481637691333
6.374609925791189
4.4127796568636919
6.2133317106202641
6.5156911792647261
5.6967185145239929
5.5046690923506292
6.5007776563448791
5.4992208057309799
1.2106535355396597
5.5280221079449268
5.9945615050537882
3.9714231604537851
4.2276778522205642
6.5326143769868761
4.1043274095346547
2.8695087931607515
6.1056532806423238
6.0257733239259812
6.0674424177603985
6.564018400215347
2.3861215375107454
5.9911233434356355
6.0677495385954519
6.5505793365706166
4.7100293021980582
6.5218920207244429
5.5295227077168549
5.9636038451293008
4.139611300850297
4.3881609896300882
6.5648077163104359
4.2674947598156079
2.8270907519071695
6.1913256514677775
6.0590937841453743
6.0801134967218502
6.5603959099201266
2.6796145939044469
6.0213172418483456
6.0230636420397099
6.5556307774639908
5.0499785142672948
6.5312120105546985
2.1477148709050398
6.1055586804969648
6.1455556088635923
6.5316189743765909
5.9040968581838671
5.7820018011546139
5.0584415509182437
3.6508840308108526
3.4579617334164001
6.5467830011815522
5.3058272009895804
2.7685094983059009
6.5678880440872724
6.4487758723141955
5.4673448948680292
5.8536448265326682
6.3001921790705255
6.3041302925897158
6.5060349623753391
6.2354880996771156
6.2315874363931689
4.9010331658693067
3.2667595682082076
2.9337093068085114
6.5376079627641532
5.8748426266424874
2.7054821341942161
6.5678945730378411
6.5021042723302882
5.8459362075160177
5.5472422666510361
1.0
6.5651484102791304
2.3255336978658812
4.2993182268127992
6.2241504396735348
6.2460782408454172
6.243132121331926
6.5692694175899637
4.0643582822842736
6.0265202719709396
5.8330775463185507
6.5654597829934795
4.7962200951809404
6.4991753050519723
6.5564776818773893
2.2833160257682992
4.4086853772274308
6.1627945412144545
6.2106909678192617
6.2159598074068736
6.5675956405726863
4.2218298904967222
6.086589526608341
5.8680417656357333
6.5556958300781663
4.9629520006501444
6.4816722194544143
6.562352443853019
6.5411022656460895
5.4216509754346127
5.6808979809400171
5.6756160054111362
4.6686752589039493
6.5321249826736496
6.4216159962476649
5.9294847999317586
2.997774956948561
6.221989131598705
5.7300625803506895
4.4408922814807354
6.1606449776189676
6.1513202074400635
6.1765369830254979
6.56921480545848
4.0667740852278529
5.7717958150885371
5.523023703090268
6.5614871907645664
4.8461524195561179
6.5137406069787964
6.0886987637663204
6.0542045443822783
6.0962630450384809
6.5108435607816446
2.4220914462183329
6.1126126960096396
5.7831376342225767
6.5423218503194631
4.8688564848200748
6.5225644416105153
4.0419544646512273
4.0574001075397392
6.1359684590712513
5.9328662474372811
4.7415934341115591
6.5677810852940537
6.032089618896241
5.8535275156943358
5.5135572553186059
1.8703649914721578
5.9353040837285116
5.8166259244650416
3.2039767301369393
6.17312528226977
5.9580957484381845
5.826259321682846
5.9983541919936672
6.1790939500515289
5.850921834377778
2.9661915130476135
6.40511627444035
6.1114792203247745
5.7548896820796838
5.7177888113302417
6.4958048128569317
6.5157516420732264
5.4403048057502197
4.5511168925034626
6.1144386247062004
5.0965753968939866
5.6257961295965409
6.1944559968592188
6.5447192943432064
4.0880901807879226
6.3801360601523625
6.5610514030435922
6.5323562337319476
5.081526336113714
5.9419492346521219
5.8319714184866625
6.5431060593804435
6.3096688591089629
6.2701290524248705
5.7911475424090995
6.0457363098896533
