4.2964497157478911
5.1241536831189345
5.5493887592349838
6.286559483159567
5.535243862788783
5.4256777718795686
5.5448559342314008
5.1703619026121315
5.6136544962150241
5.750058497626787
5.6097987203787252
5.7628984407151034
5.9836321549303859
6.2295069086645585
5.8279312295060324
5.1167716790589521
5.7202675347275944
5.7632596965767764
5.7085877930475029
5.6083646459930776
5.4646610591610925
5.8686588434370606
6.2825241722271228
5.4773458387741432
5.5326675643270464
5.4266842048621253
6.2823919918662581
4.9149566598573644
5.5330251633043153
5.3543944491497015
5.4889833539918342
5.3375792472568993
5.3786217567278785
5.0665228006096914
5.2803312614581488
5.7188270104577938
6.0863942363574708
5.5564777443559565
4.6216316318081061
5.3899236636685881
5.0886878445676507
5.311632440513419
5.2926255024970379
5.8785413974786849
5.6684137137551227
6.2851591005313985
5.1193152300117939
4.862929622160479
4.939841518709021
6.2197915819998384
2.4612663946374633
6.1687559140936594
1.8419719205278031
5.9776921730821675
6.2683349006917588
6.0892958222571041
6.2640061883691676
5.8141274750483705
5.7313333645089433
5.3018197788747008
5.5682556214372312
5.8192875325659212
5.6933806120488173
5.9921185663266225
6.0383206122390867
3.0270700729116671
5.6540958028812751
5.5103919623355919
6.0999321117152174
4.3059572749175965
5.8658856220533453
4.9758658952380008
6.1083829368384723
4.8064238577982703
6.180192800742776
5.9761756067614984
6.0913658632948326
5.9451453179583051
3.5049100707334291
5.1818344514909773
2.3834133218415627
5.7324403345244495
4.1873538120988929
3.5395862722887976
5.8840510827564376
5.9575139724671899
4.6812722139470235
3.2611409125108652
5.4057162324098611
6.0461909974997736
6.1824114278172138
4.7879642771330122
6.093298315761408
4.7419648017351479
6.1682094210618672
6.0996357890660793
6.0329846775882752
6.0872239787541247
5.1663080101956789
4.4062706531320357
4.5652976651757449
6.1372623808763729
5.3091736375472411
5.3285449760691614
5.649727879276516
5.7931164922374698
4.5020028732913318
4.4730837623162101
4.9568111275764783
5.9565820841950972
6.2720689918671777
4.7114690977139118
6.2618507049366467
5.1879408617793024
2.0949073141022172
5.4147804389397436
2.2968016805127092
6.1747627104112421
6.0316269484212421
6.0912365716670722
6.0377508304584806
5.5063110063819352
5.2753619878831914
4.3122556566027335
4.2224865663710869
6.2390762412138159
6.0471608517411637
5.8408868776151932
3.4641214159533256
6.2767595729942931
1.3860461121151066
6.0540519086552012
6.2854697806552888
6.1582093287078736
6.2859372970935743
5.8663116550451084
5.5585149124020248
5.3175903439029577
5.7972402849519495
5.9450298915210356
5.8272440576489659
6.2492242987903746
6.2706154789188986
1.9679748727362232
5.4665164725604596
5.2149719349569548
6.2797092242234909
6.2640839442799932
5.188338160605694
5.1114090574212829
5.0222556114454946
5.0137155342158506
6.2230494622075945
5.0640905934930691
6.2265515024389666
5.8494107377803894
5.6870924734706021
5.7493995930247328
4.9977556651913559
4.8263634839756859
6.1647704488405504
6.1799589449338166
6.1553099166636258
3.4499773520599089
6.0378703132089582
6.2821903274264583
6.1644621821747885
6.2828260885500065
5.8567695006476468
5.5931909261613306
5.3088589832117217
5.6977608139607732
5.9586617150595123
5.8270618969006565
6.1858798815130571
6.2208408760946243
2.327256048844919
5.5181521694761075
5.2615975173727474
6.2440549259164717
5.2261698320676997
3.6026698502700949
5.2128439275514618
6.2607062561997768
5.6054379235916452
6.2429329055959899
5.5124308378632723
6.0680682938726784
6.0689132773014967
4.5392784664677723
4.0572947179864256
5.9288509468393524
6.2282015865999263
5.9043570787279398
5.1903929992098536
5.6612451268134762
1.0
6.2504915834958208
6.0337970503678315
6.1357999378112549
6.0999619883987997
5.7504409746235217
5.5720710778238223
4.239619993085725
4.2236370548289957
6.2855868338782379
6.1547479911380547
5.6669692736958988
3.4953515366016403
5.6396789814249333
6.1107883029500067
5.635707879650715
6.0993309009430021
4.8767460136599166
6.0792479239527086
5.9974086293298212
4.4697884500449643
3.9290843936889832
6.0896366229962959
6.1945373197105909
5.7103329866747092
5.2002225782493676
6.2692652661057444
6.0127972970960837
6.1328501999913909
6.1812013756635986
5.7220822697247842
5.5127795079564548
4.1353354364955681
4.0592998123734665
6.2865599245158847
6.1761718987047747
5.6578464344884623
3.3752121047303194
5.6662926262165305
2.5552794650301189
5.6324736644229905
3.6121090259352617
3.5110946353575678
6.2282632889471312
6.263940536455463
5.8125819969983468
2.9578784465118071
5.7468161542992799
6.266127849592503
5.3768212432396849
5.818036398885118
5.4066401120936298
5.3450006740039253
5.5836945417368717
5.5845190482745366
5.2052678501024445
5.0295182838971293
6.1817775695934287
5.8433283921395276
5.5042332002735987
3.9861999859977568
3.494328830197833
6.1086182490936682
6.1648012230099454
5.1362543121611521
2.8887171943967864
5.5024798064746383
6.1771420189258039
5.6582233543945097
5.6609355391917067
5.8082384598968515
5.7975305241224264
5.8386382581761014
5.6561444981717797
6.2848035074644732
5.8652447844476603
1.7429046049932555
5.8996646679283904
5.8175107293233763
5.7046796557131012
3.204259486152222
5.816402078869408
5.6969293418783131
5.6902977666490688
5.63036423137574
5.635268840701837
3.0900380084387216
5.8049851372968035
5.6378948311830506
1.9344465953558569
6.2287242318218494
6.2043638637189638
5.5474864191217259
4.2312207993057758
6.2237302472482456
6.2165379928665674
5.747044286267446
4.1894065088156527
5.2001715667785557
5.1488569292472146
6.2861432524987428
5.4916947034745309
6.2068766370403967
5.8138012713697478
