1.3009879187494262
1.3855834422961542
1.5646099811994314
1.5646101984672882
1.5646085339781362
1.4005612548094679
1.564609534472668
1.0232430103289336
1.5371038152911047
1.2450448710612962
1.5641814308201134
1.5646094712010297
1.564607806711104
1.1951328372361643
1.5646088072061008
1.545998995892971
1.5604841201180168
1.3201551358721761
1.5562437469485886
1.5544299868736735
1.3204806607620567
1.563963747005104
1.5407204955240075
1.5589347077036548
1.5343451145485585
1.4881945686550662
1.5562256387247668
1.4431642884425733
1.5470660228873392
1.3729676777006179
1.0
1.2621017910737355
1.3115946393261697
1.4375652987530301
1.4041016035682032
1.3348979741075122
1.3265549257264075
1.5641467915232325
1.5645958281434234
1.5445944520187598
1.5420774880415444
1.5599528776242149
1.3979363521134012
1.2905489643041654
1.4510128757804193
