5.1834703568399778
5.5843858733606204
3.4959896903624124
5.3359339931817678
5.3860492557650961
5.4358913542270164
5.4223650476072427
5.3812531963604329
5.23835551746558
5.4014230030538535
5.2415668468093193
5.6386599840950087
5.3980268979696246
4.4006398539455356
4.6049228344555102
5.1771378953615947
5.0900875519707416
4.8574918568850594
5.5337712229469496
6.0104784459484843
5.164320632150309
5.4001095596380191
5.3877342367828698
5.1078056384120449
5.7048834707289373
5.2775394311536061
5.0294803985911321
5.1785204788797037
5.7975989554371008
5.1256010367158069
5.1404238415921615
2.7630897462198734
2.2509380176006499
5.1706516455822831
5.0044713104680385
5.8964522142848894
4.7305044287706757
5.0251531165544874
4.6376933174625448
3.7009335382289956
3.1399918102264652
5.6058531039959627
5.4071641380034494
5.8708178641307569
2.8870217744021383
5.1593812031710735
5.6904139558963189
5.7219067488730433
5.9936277477292217
5.2543668171319693
3.8706851514187424
5.9502569044780795
3.806144616875057
3.7719415485554144
5.5095727843647984
5.3041283873708727
2.6939177483579653
2.4096165409638184
5.7180145306591585
5.0476222889769122
5.4948298626739085
4.6502804147071188
5.5892515859137868
5.4760050931076885
5.5930003701105351
2.9759327140997542
5.4985101909068756
5.4706219608351825
2.8944911546061141
5.7486436264157375
5.8467998009522724
5.7429210793818326
4.4240077908894557
5.2537537969385015
4.7749488396898077
4.9476508522168601
5.3542379788440524
5.1610431860286532
4.8581026655040365
4.8750972574878846
5.5537433089861166
5.3415611709041322
3.7457454800702985
4.36637756340384
5.136633203002936
5.1811024647514623
4.330187096586803
4.983688466957525
5.9982709916131673
4.6363148277738029
4.7452450527960464
5.7224545585301758
5.3585752213818711
5.9049057295759884
5.9818237038118802
1.6477904994053953
1.9923327691981725
5.5251564787832415
5.3615207158856677
3.7248962229243734
3.4115590769467907
5.6862471612672234
5.1692696616500307
5.1938459407277673
4.7325178238961332
5.6374678661977224
5.6183507526624048
5.6711516454272184
4.1295416965631055
5.5802516494053824
5.2104134864551312
3.7854996717917624
5.97467386081681
5.9432650719887654
5.7122462302723971
6.0174276736606149
6.0151340313195139
5.9870367060165126
5.9411410672535343
6.0029692574658986
5.9946636252395145
5.0773826465491281
5.7623164883610372
5.1392343475733062
5.8491598569836984
5.2602353426792217
5.4421727768587989
4.9387482108356062
5.9864194121741354
5.8843065303317452
5.9092581612377888
5.9200190903974459
4.6942294433236516
3.3824898413155102
5.9243503577331422
1.0
5.5557279473372132
5.3706361958922022
3.4885898285269508
3.0671012812237999
5.741475223957762
5.2417990677821811
5.3866085318232315
4.9023802803709886
5.6896646522224463
5.6615302561281462
5.8920539900194502
4.0681575090722264
5.4849420831984368
5.2348274094298342
3.5302758805932308
6.0171273453403638
6.0164638390046372
5.6442770598883429
5.5314162147656498
5.3755859166208655
3.5817652129238131
3.1502054374534403
5.7077220625144367
5.2184541350069225
5.3377422369452869
4.902822785352603
5.6559961006086752
5.6326384672814767
5.9322879310290242
3.9385175896499325
5.3709317087773245
5.2483626959742855
3.537455569383841
6.0215860173828171
6.0175901417564228
5.6260236406900797
1.5055380271811787
5.4766931329117643
5.3731386578827181
5.9954656295971089
4.4571907498797474
5.1189925219721584
4.7837130033273993
3.1621461528442416
3.207227182793071
5.1312515820373523
5.6989128719197781
6.0203640167605599
2.74024350985938
5.5156288623972198
5.9948051743089197
5.9784704427207398
6.0203081692956388
5.2543279178322022
5.0886589260548005
5.9688990117064886
4.3705795689067175
5.0588177579580629
4.910394240657471
3.4886624097710373
3.0770363296261203
5.1772758407509576
5.5018744933341424
5.9675549520486744
2.6119037489188504
5.321256847037537
5.8776275196864605
5.8880748551179538
6.0122254073456221
1.3171726233283547
5.8065160591267562
4.8496891949706802
5.2301541240055975
4.5409798040746461
5.481131327529436
5.4132110428744538
5.6744309596260543
2.4990572658071781
5.7413844048096916
5.0847065080670388
1.4951302506843474
5.9943063115632951
5.9985417410211648
5.9730674829441073
5.8199966812380772
4.8661987245332181
5.1503672968498986
4.3552073883426052
5.4559819051685059
5.3072276683018513
5.6647755347260516
3.0128368760063715
5.7916826392002383
5.0525403742777444
2.0763848172003683
5.9193999802524626
5.9497870610462185
5.9745513435656523
5.9399617362045687
5.2757894754129353
5.8071535404758539
5.8510579586243772
5.8376285268985049
5.3460564256063998
5.5353990586909507
5.0226130681452847
5.957196620941982
5.5420933330454716
4.1806486974374648
5.0198468579928406
4.968989169965246
5.0388162212351393
5.13655325861974
4.3840872346009983
4.1249324849773865
4.576785430168262
5.0911682417903048
5.2256835351551514
4.4497329221064899
4.862701909832583
5.702141407300136
5.7911263926920258
5.9251322239872772
4.0348484277062138
4.8118801288057256
4.8399258873005611
4.838752612017915
5.4984753182055188
5.5258395171066894
4.7720934936120214
5.0632033331012005
5.3018453104416814
5.4306292667050435
5.9256536361057854
4.8097179113269899
4.983638423073363
5.5404570820238161
4.8574754129170445
6.0193714889108891
4.589031412619911
4.4799424986353262
5.3656420336467052
5.644944769735587
6.0201236605416923
1.7237246580936059
4.5743477470653469
5.631208271005824
5.9210791705946866
2.8816565911251097
5.4330357572967607
5.6089138055043115
5.4184752331246173
6.0189251987504075
4.6341865536448505
5.5609698234368716
5.7102748652422672
2.8054448938047254
5.406361476938689
5.4007020424306029
5.3582347896614948
6.0080330102946382
5.6409844136456995
5.9896581079710103
5.0173749400914343
5.5938469965747117
5.6969350233767821
5.4004079533349163
5.9206474920573395
5.2968971937716249
5.2961817339228618
1.7324097757057844
6.0037724168227413
6.0103824504813099
5.8238232547854816
6.0134349008526229
5.5486792224399197
5.0032188925889942
5.5458334454032814
4.8493285032736768
5.0303100606029094
5.9586619153763829
5.9474121291670938
6.0076568542782649
5.9638774871934617
5.9963108883274936
5.9426162297433978
4.1287675935696742
5.743085356153367
5.8899682773460809
