2.8409614383628119
2.7052704869502677
2.5246801304334783
2.6571669895989127
2.8826060898848294
2.0166982917986367
2.1472858139369513
2.8306598668552514
2.4697706738957446
2.4873334922093613
2.4529659825999652
2.7946925018024276
2.4737474854734907
2.617669614441652
2.8263784662309583
2.711026155143816
2.7596859197040877
2.7007334221675876
2.9550534063632417
2.9059709166924863
2.6158123775504882
2.6666052259955015
2.7118602139653918
2.7763402744942529
2.7001685296753988
2.7566378782404453
2.1012823538146472
2.6548142324449784
2.5837361318535499
2.5763217051591085
2.1633202997476904
2.8739063742471527
2.2211653308657242
2.7243464812929208
2.6275117335941447
2.7381799723499514
2.6907286661228365
2.5342839242558428
2.7902274516499368
2.7791187833773474
2.7892181262120674
2.8038966674776127
2.2401918157600695
2.7964485950884312
2.2132551746169473
2.6175184183742499
2.6662903597957808
2.5598375272757137
2.5702755580234258
2.6524375684668042
1.9557047618084731
2.7765337355309385
2.7908977632238949
2.8571899758639345
2.6837923834330328
2.1389947551067032
2.8302778686385364
2.7274710306675103
2.753837566073293
2.8414550202648434
2.0591319045920669
2.6961904272688186
2.4992377310364202
2.8011338657672913
2.8815165158730527
2.7212240106936272
2.9263155474998919
2.9132332772699687
2.5366762892054036
2.9456571458638123
1.9050086193225968
2.5566712729617329
1.0746563397971727
2.4567890902994418
2.9325501342642841
2.6730558191238969
2.425304886141332
2.3972575976384616
2.0974184765058848
2.9307148778131431
2.9403585034724653
2.9474097388268294
2.8970835094410901
2.7449941336767139
2.9521692150860575
2.2517003800654165
2.8913125282400687
2.6971200800725144
2.8692264608870106
2.4627787688154124
2.3388983898613644
2.3160232141217372
2.4357155916102382
2.7800313049773484
2.7719749137625866
2.8842413830483578
1.6774355651688684
2.749413853580835
2.8905989907671765
2.7711501575874307
2.7055524916294433
2.5527878929697132
2.8059280603930872
2.7769531383681683
2.9055682846794575
2.7020114727570075
2.449251767857783
2.3201119793572351
2.2046435319409246
2.069972271843934
2.4470737441289967
2.0934426973254467
2.8522244831586225
2.7162995713243498
2.8111216780393224
2.7667522434315588
2.8710071094250038
2.779949355008501
2.7261795102010145
2.6652931090473602
2.5509156164237448
2.1460593637884049
2.7901645656176033
2.0896680328545711
2.3666710024386854
1.972382066338199
2.5284996640190327
2.6507888458886177
2.6949487069896407
2.6107276640427948
2.0503787115232366
2.201864567133418
2.8092080216010493
2.7467544711504264
2.791083799335246
2.7316246853399524
2.5830986304971884
2.7553712035012077
2.5038823994111135
2.5494677138685677
2.8517687479083467
2.79036417263571
2.4750989595993929
2.7775994362099734
2.6705585655776916
2.6158962217167212
2.6413295781068173
2.7487961825421494
2.8512841859777955
2.40051088954369
2.7918230683404874
2.3477446125354895
2.5153468878046481
2.4884064833140092
2.338162076244501
2.7445302221602477
2.8076454060651899
2.392620265455057
2.5071120715654498
2.5877765905798369
2.556752928498879
2.8931114136796077
2.7547465604056689
2.5462568511894483
2.6899547807570823
2.2466557222166061
2.6079418216210128
2.3879566589157148
2.7208283443748704
2.6833948118447677
2.8712629075553138
2.5062662319553342
2.524622240353005
2.9297451539565489
2.5920205726169145
2.8191315870818636
2.7864831536819716
2.9601172851774127
2.8797333143477393
2.6401112665669451
2.4774518055356864
2.6716895377646082
2.692440810582108
2.5388472251110592
2.6693265296707649
1.9020814105604908
2.6565494828810747
2.5724268264689871
2.7446857259197297
2.6815908210070249
1.8021275675476867
2.732699324623157
2.7855077929397893
2.7892975375243632
2.5500917982207802
2.7807833269730406
2.7533012821343497
2.850161786146308
2.8874707584414478
2.8760473870062899
2.8632218671024781
2.8870874468250953
2.8540669595273016
2.5018472664617009
2.8144695904290855
2.6678099532612314
2.6365023070782878
2.6048598412893069
2.3940250873595161
2.8059610249381794
2.579236033856072
2.4877683331471623
2.6762881530989451
2.7700401444047871
2.5969766321598771
2.9461962287802281
2.3229130441579726
2.7399657997084708
2.9216023296537954
2.8240956861596715
2.3647624499498949
2.506888104269275
2.4481947553362851
2.3339127719821717
2.7991584292655216
2.6192218453179774
1.8935861280186048
1.902048095970547
1.6155528738000489
2.2437285288635311
2.8133939682488691
2.1440560453525026
2.8897567281423928
2.5586707843418641
2.8608760074447197
2.7746929466248704
2.6937803135318172
2.5099287494516931
2.7029017458499465
2.721268651187509
2.791319584997332
2.7954205615196637
2.8511662817284704
2.8399551104272391
2.7901455306867944
2.8805220265799742
2.2454847672485996
2.7499083865960863
2.7260493933973167
2.6163557302184488
2.5853810930822538
2.2579039283778402
2.7120723051999613
2.542268429541898
2.695741221518654
1.1898201073340453
2.5083378233335925
2.8299804863958515
2.6267677858350469
2.7219749487354123
2.8890535557213473
2.9185494245073089
2.2219306580819613
2.9591910363214433
2.9565418444060265
2.3646074600678748
2.7521237259822566
2.6268617419265743
2.9526027008617555
2.9386852351482573
2.5819142129326424
2.8103612942093945
2.7652006370133093
2.4580951152557047
2.5316957894783574
2.4914502031301504
2.7015594196218289
2.7644387918820543
2.6711191391382472
2.8846482244825409
2.8964795832516277
2.0330077647791955
2.8956908101011454
2.9038213304016254
2.5286926764077835
2.7894204195339669
2.4946535366723088
2.8573660546138284
2.8175312974507865
2.4548883504730412
2.7102520342542284
2.5597469499340195
2.5332066821901695
2.3226611731837461
2.9528734321590595
2.4215892259365392
1.5237868957196548
2.4076961519456987
2.9469318233920738
2.8310917561459226
2.6126088685570621
2.894895802160693
2.0476125088327257
2.5112639176384182
2.8661679248004059
2.9006330239635916
2.9038191035646239
2.8443467421931139
2.9512028040455824
2.9087516151351753
1.8631617675675258
2.5749990576018504
2.9490671727722018
2.9519994388219977
2.9570044019745438
2.905173940292423
2.5492973303695932
2.8456472509216462
2.8693106333394787
2.8725938470858399
2.7590377789323242
2.4490966715568994
2.2998467945233254
2.1362695781815915
1.953957898297666
2.329011193315365
1.8987746863554742
2.9485723201841108
2.8119203640815025
2.6735704369180828
1.4085648188402278
2.4736497796361192
2.9040660083373848
2.3699475509594055
2.5829107578450987
2.0786860943495387
1.9181792885976485
2.8588638886909279
2.8486031507192306
2.7927209968292166
2.8956187758132952
2.7211080041802043
2.9203672299730212
2.0628154061513744
2.8448374420308262
2.5807627740763466
2.9319520959147645
2.8708283223197428
2.7078461450381437
2.8391586835453606
2.1773454036808233
2.6970653289376738
2.8619073311901704
2.8201968288229371
2.8792366897164303
2.8838253097531465
2.9586479809636317
2.9158635655563496
2.2747810072965531
2.5124764809664373
2.454626975151331
2.9343949043855173
2.4545755499111546
2.4877084539156371
2.2965287422410756
2.0203267530739399
2.8662215379389018
2.898334719883775
2.8636164987546442
2.9026898594451294
2.7502174017291487
2.9359528490757878
2.2363757835976954
2.9019109692580538
2.8078639449577256
2.4956872721710415
1.0523136667979751
2.6644275921035292
2.4602756420457537
2.4716801092567464
2.4352245565306343
2.4921206279937458
2.8197025754318443
2.8313047418110759
2.7866162362322777
2.7632268593816676
2.9565761050045603
2.9100453435846427
2.767302313577551
2.705259894598568
2.8392969706255213
2.051858527984578
2.7494369055481438
2.7507349093280258
1.9739078556399379
2.6871187554267006
2.051573562066193
2.8294342268449704
2.4848619443849933
2.4794653074154209
2.7194833472671451
2.2485237334891797
2.4497930674109063
2.2416572154124159
2.2969538239328653
2.7740973009801722
2.9567444497627551
2.7463614078208747
2.5200021932020631
2.941853017904672
2.7085195551208701
2.5493176327550917
2.3874528195338129
2.3266832819184127
2.4212051859240296
2.7622325037841957
2.8921292659671205
2.7180276664429561
2.6527278204837041
2.9578652116172233
2.4300910508491844
2.8113237626381915
2.7406988750503976
2.7710155855822514
2.9030959633993274
2.8221476528725495
2.8080145475214615
2.3888316431349055
2.6028103531651952
2.6511714908643005
2.6613244126203233
2.6765721921505556
2.6097084165332673
2.5937541799975845
2.8150462045556992
2.3064968429377593
2.8216082755497407
2.2367730482285295
2.1112463720244556
2.2423658464738718
2.7966254986921362
2.1415569029560051
2.7894609433442725
2.5813119757033474
1.0
2.5983137418243989
2.7507645360914279
2.1193866803235384
2.8755092252407537
2.9023759634685349
2.488490739454392
2.6988408686075469
1.8773004189771827
2.8862784633041501
2.8637220856620735
2.7333531652876917
2.0707857854924914
2.8971094137863287
2.5568338287339274
2.6442520710077257
2.8873953602822549
2.6897339682016548
2.8909288848097101
2.7577589688306738
2.7619741928897938
