3.7685706699961457
5.0513402272947125
6.5470227084126886
6.5483675299055157
5.2739133389038884
4.526679755327069
5.0149712841049805
5.365521626949179
6.3950709250485662
5.480818263130053
5.473794748963078
6.3650083970996834
6.1919815866193764
4.8372680776457324
6.6170524681628917
6.527670650118532
4.4968703967556696
6.6375535122976652
6.248711049925153
6.54363781525685
6.6379539350714447
6.587016904435897
5.295812437671648
5.4251373004663295
5.6502874493706665
5.6172510270710712
6.6380844322865631
6.6086618475588867
5.4881254818001297
5.3468775013769978
6.5778603022135762
6.4554687694944244
6.6282267494068927
6.3594871693727688
5.6438021637051161
6.6380818966991715
5.7522171818348937
6.6380848319008106
6.6380832895379793
6.6380826605370684
6.6380842471120793
5.8968058063847302
5.0810425604813005
5.3186179035636769
6.6370490431606504
6.6370538991486372
5.2757478465972696
6.638079879736682
5.1909113158716158
6.6380795640032764
6.0957421338652242
6.1586343797601524
6.6380839358450467
5.5127583553626076
6.3375577334894801
6.5067887765717396
5.2917128224822223
5.1357035462936977
4.8942559648295054
6.5265720886528404
6.6100553650125446
5.1349424503748402
4.2480490038797081
5.194119466644544
5.8241945726731617
6.5265077324673273
5.8117490662104183
5.7573978099527379
6.4188328825688288
5.9549976623148746
5.6016843868201258
6.5711894448465227
6.502630725429019
5.0180291061518414
6.6377867996353181
6.248735411472544
6.582822503579755
6.6380199058026523
6.6201080195495443
5.4719090057281861
5.7151167459317351
5.262985704109667
5.7207228150563605
6.5761552338588807
6.5236753059690615
4.9219680641170518
5.7639847832904021
6.442252597710401
6.4570513753130454
6.6282770416932477
6.274363694517719
5.7241539589456147
6.6269883114516963
6.0206219369386309
6.6118754322168121
6.5841519130812944
6.638076628661441
6.6270476078628873
6.3587780072453217
5.4749719301838491
5.7052846861089028
6.6187527079192012
6.6347780973213384
5.9693903645164328
6.6380789868128751
6.0496423863889914
6.6380786710794268
6.1817576024143914
5.8830976050346919
6.6329631562004021
5.9227277713612745
5.6572818210935107
6.5286995746938157
5.4053147754370592
5.2759270535105651
6.1350601886932816
5.914198350880878
5.0577132197757653
4.4984208544631938
5.2302074631122801
6.2475272174972023
6.2823222669362169
5.4667605250646591
6.1066389580056519
6.5257765159820922
6.1892350669284735
5.307743205326056
6.5918632838114766
6.3021988180874464
5.3329232331042249
5.9571142692307237
5.8472398382084538
6.1830390563347448
6.0475654374075294
6.1425817761171695
5.5675267061473406
6.0414454254314247
3.6522432158538112
5.9426358634609553
6.4890608388226845
6.4497396899153658
3.6362413745960387
5.9579321401227787
6.1529892951380107
5.6169478011703333
6.3057403603965341
5.6849373543566442
6.277174485859967
6.4835592986444182
6.199738134636088
6.5600917797332023
6.624706812541711
6.6175522428073235
6.4849216633520363
5.764323291994109
4.6096224295979846
4.7935078121653261
6.6300332321199091
6.6351237846881137
5.8891854416587099
6.2997522150537675
6.1489271782149677
5.9794043677491553
6.3186459100621706
5.8095446158447048
6.3906982483620567
6.101721343138621
5.2487432296349219
6.3805625907100358
5.4660318078015067
5.8988141555477771
2.3683150405530959
6.6221994445381149
6.4380570033617781
6.6289501576689522
6.222414324458466
4.7523011346776505
6.4794684959683906
5.8072432492760848
5.6536836900726231
6.0298687567905196
6.5119785410786255
6.1721357264590075
5.3296995803862339
6.4520130679437244
4.7046384223979185
5.3021720602444766
5.332447558624156
5.131262487049784
5.5871564088796344
6.6358092127812665
6.5037864108828325
6.3855295391996325
6.6104720743878564
5.6470237444995535
5.4570929045789356
6.4812604639348876
6.1736080834070872
4.7846468056344547
3.3592017207741138
5.0489332543060721
4.187113995751651
5.9953108308368162
5.9535553923162192
6.1284831020965429
6.0806811744019029
6.1259834846164827
5.2506819596909118
5.7732833917026678
6.4063800488998011
6.2023721842574275
6.1896400253948523
6.1607265215409655
5.2300327510800928
5.2990623216071473
5.3945369930758469
6.3070996723878103
5.1201500907001858
5.7281868929810544
6.5621365269348439
5.121748692352317
6.4540311255420306
5.6754549233464564
5.5284017591550363
6.1417671728123597
6.6066333508074493
6.5885336115940465
6.4920429874658918
6.6160738318778787
6.154050803953683
4.8058266457928527
6.5044488276096901
6.0796040997590319
5.7931352422255955
6.1880214835778817
6.5155583914466497
6.4431367666923274
5.6756574717028849
6.4680524608680194
5.0141829527976123
5.1592811818814592
5.267236223171567
5.2473423400910031
5.5463707118610834
6.6228822791116073
6.4545299874077768
6.1176366940693123
6.6045406640245474
5.9138293814452405
5.8188147446885061
6.3582203169291924
6.1110443445187226
5.1440981566414274
2.9687332180910313
5.3613586299351113
4.5210133406952471
5.9853451855307584
6.2196135105521844
6.3690472397946305
6.4098647923623027
6.4642143895988724
5.3791254945963507
6.0382693001499455
6.4047541720991248
5.8155318140182102
5.7604834899157513
6.4644143065454243
5.3974050590109286
5.2718390441132197
5.7429646046787042
6.310335689010544
5.0882319998954921
5.7781769398175848
6.5382416680148356
5.1146996444388613
6.3693066310605424
5.6601502201237128
5.6573585207856798
6.4429331147579543
6.5668502030698397
5.5988545117176338
2.3474831901885205
6.5024071092601252
6.1591376226500127
4.1671035079398964
6.3227173564102923
6.6053557692051887
5.8828707936207172
5.1584110159515886
5.725082414039921
5.9664298114671839
5.6984605303496325
6.2743239663079429
6.5203667479309635
6.4738088854620708
5.8626364330669931
6.2509521892849573
4.5224414505853776
4.6244513270184298
5.8847169401766752
5.1723807116240463
6.3108679444109752
6.2941933290825522
5.2421168382643355
6.4665879579320027
6.0192798319115983
6.5978948325224049
6.4207863441716411
6.4893909260097571
6.2587142370761306
6.4788860084877742
6.2105376918604183
5.8664722918110828
6.0945931878763959
6.3991255917234895
6.1854794327586928
5.3414476141273433
6.243137638644213
6.2423047255145843
5.9133146249187059
6.3832221413554526
5.4149238707743415
5.9350600949218686
5.2908242166488462
6.0450644747043185
6.4378468128703759
5.4971725248827417
6.5185582843078871
5.7720177715499261
6.1478872010306755
6.0764221145945099
5.4810105518761443
4.728941887654198
5.5772315848523002
5.5429085635322881
6.3060045113394025
5.8054295944087446
5.6568260482370505
6.5448671777225673
6.1884006700741043
5.7488418662336835
6.2415549802945298
6.119594263283691
4.6399827384111676
6.5342066122454421
6.0016190800323006
6.5580185735930918
6.2112352242178144
6.5271094398113929
5.8666058169258353
6.415909841686112
5.0834381490513358
6.3496348596264092
6.4095065863605658
6.5306464374444824
4.7949255212198487
5.5681502200179178
6.1493354244202756
6.2577796744407106
6.5741164997625257
6.1182656720089073
6.0009804243549922
6.6067545561516132
6.1066539928980159
6.2413687194149103
6.2601857361599569
6.2553943267261705
6.5729237410308814
6.4894768670033223
4.2245691579048597
4.4372888289635926
6.2799656754752604
6.2403518966256355
6.5450832624637156
6.2389152726036565
6.5303950039183514
6.2469631911575636
6.2649259819486325
5.9704056745093226
6.5571090581700453
6.5646650316750774
5.5768718555961687
6.6173599237151288
5.2653847269187173
6.2209680780229064
6.5254737854414291
6.1224580256459342
3.6109449206633482
6.33180128439444
6.5233738918225868
6.2823618675919555
5.0019127328389068
5.3632971067478055
5.8141051954854595
5.747290395932156
6.3040517811732864
6.5437263839346862
6.5388091815173031
5.8176766103162336
6.2775845926678731
4.9315166717883727
5.0819391081124854
5.7538012037890551
5.4724950140394322
6.0121462797449823
6.1303923438476255
5.0991248450484754
6.5235019876384399
6.0895729338216817
6.5984187861730641
6.3875125696366677
6.5238304769134672
6.2995752340320443
6.4785086370164073
6.3088205991201542
5.3323684080505922
5.7058940692331559
6.295885999584268
6.1315727690528137
5.3306678588991296
6.4091060089939909
6.4441841849562946
5.3588109945849718
6.2406674093508219
5.2675911188389879
5.7412648051573205
4.9591872315461227
5.9615601567464589
6.4905129455012496
5.7904996392971286
6.4983514873596837
5.3345916321313114
6.1233004547337426
6.3272888615186433
5.2257823586925216
5.0905035134792715
5.4038477313927507
6.4648416352719975
4.6598659341806492
5.7844033279003257
5.6247596016654811
5.9147820950869967
6.4392514014412008
6.5324223386987361
5.0555312483923753
6.3636643232325483
5.6865442600578815
4.8288408605965243
6.4533581408236236
5.6545357639227598
5.9858391886168389
6.0040102062536445
6.5153704503736467
5.7027870304126891
6.4390187487086505
6.4472784821570697
6.4796229897840085
3.0580851027688802
6.5154172580026231
6.3667375631369643
6.5114481211705657
6.3332000715619277
3.9807260885180682
6.6318500293533189
5.1906844736035369
6.4916562895283327
6.2938999758791132
6.0108778369890983
6.6249945134210932
6.1417602549487311
5.7093290514803945
5.8376429048949001
6.3675745011796971
6.0369958465754765
6.4609905336778093
6.5401740274061018
6.4667109051179708
6.3666173267702044
5.3224027694774287
5.2751494184519405
5.8716949524979096
6.5018178268157394
6.2892439933480322
6.0492137601804039
6.2591311264273566
5.8179604483902914
5.7729335033064801
5.6706299329957863
6.1872336920847539
6.2852400887484805
6.3836036010780122
5.878593400995606
5.2874649314648456
6.3246598181361557
5.1199535072241442
5.7584649856908028
4.9113750764148314
4.7775381651818618
4.8092085906894413
6.2837973327237435
6.3458709475407593
6.6240617882295227
6.0946848235967721
5.7728730181452645
5.7211349833880236
6.5209981155403511
5.895356044519235
5.78707734426375
5.4163440433043917
5.4882528404805351
4.9561557027346836
5.8104757250811581
6.4828983960741864
5.9321057726082334
5.7721224205653847
5.8354221531297412
4.8494890329371074
5.9220869201156523
6.2535844648103129
6.525729864039346
6.5925045785613685
5.8255840140489132
4.8586941522850333
5.1846895624075984
5.0586229042081889
6.2345574488861306
5.2703697971785459
5.5709961764005502
6.2988192244912957
5.8918814781921549
6.2572841290236871
5.5824202011017405
5.5613495791026368
6.202320925391291
6.280675229085916
6.2774134988846191
6.4158270403978799
6.4228717253394212
5.3007775709455256
5.2068983962875048
5.5703322664280481
5.8681831601229089
5.8035745455434498
6.4280590714954364
6.272813428091693
5.4308493610215969
5.928758958716065
5.5607079966967872
5.5073033279400994
6.1441213594030559
5.6936454821048228
5.7288394522842996
5.79283985359264
5.7307579579820418
6.3749385216582795
6.313794719293691
6.4642443976737045
6.1110293995721348
6.4535982271118337
6.4267432839307999
6.2869105774030425
6.0299826751115901
5.1779846371176186
4.9574434158109701
5.9779685096178721
5.9514082254747356
5.3840978832623181
6.3799307600034734
6.3624363365437802
5.1083327212968213
5.9306536316472149
5.1503877259681445
5.4022093443564883
4.5499315389164989
5.5853717691670841
6.1468871466623991
6.0784295924248335
6.4607762884808171
5.1718579704139431
5.7134820487771414
6.1715468696857823
5.4481855757616211
5.3497457046296466
4.4993598911040529
4.649253720201453
6.122441538872172
5.3754917704802585
5.0513246520592476
4.8844957229492403
5.6985302420744031
5.505236669129971
5.7197861620590711
5.9101996525089779
6.1938191808527359
5.8470952838591543
6.0458655062673579
6.3991489263508496
5.5261480775887462
6.0476591491375373
5.4894800069306706
6.3602184165793112
4.4673668361381633
5.7498529628307953
6.1705143162532456
5.7202393763899329
6.1114547522423379
4.2325912709196691
5.2774135684614274
4.0702933575729068
5.1110827417000717
5.1261563304045286
5.9869918475360011
5.4150625896174684
6.0058627471566082
6.037825187003877
6.2623082908412915
5.2494241749692208
5.8945962936656846
6.5279634591264291
5.2843981229401811
6.4549769634400906
5.2880327271413012
5.3450771580330114
5.5926094425034663
5.4797143818017355
6.5356064110254426
6.3751459248126405
6.3780672207154394
4.8272647833414943
5.6403402484181315
4.1198716697912836
5.9085003808646537
5.4217714516406961
5.246336782406857
5.6044944688752496
5.3226590098427016
6.180216460617677
5.7143643397654156
5.8969757290015261
6.1828647583800631
6.226341883284972
6.1788099799917919
6.5675683027656611
6.0616171945214132
6.2953255477864856
5.7337713386920939
6.5235343211771504
5.27067312218038
5.7408397908926503
6.0017608491484795
5.6174430121481134
5.6734766480847965
4.4664903461628178
5.4454563401129983
3.8697398861430594
5.3298079086315333
5.3308224496357983
6.3137936230636571
5.5340023086727674
5.4230316298333401
6.5692309993391103
6.6086044061142699
5.1994993428114693
6.1941129106192472
6.3465769369137632
5.3366718144459568
6.3063900206708432
5.0041486600233638
4.408951566232596
5.5334233320385513
5.2682785053114802
6.4368513059848844
6.1582728325639371
5.6155192761987758
5.5814416221427061
6.2074264816269746
5.3574460418354226
5.9145284672293723
5.5380173582796193
4.8708597605163444
5.6359187051604946
6.1045637485509454
6.1340862453745943
6.0808870230795051
6.2196621573544766
4.5037916904960316
4.4537348588569987
6.4115787964820248
4.3658444576245108
6.413357855851519
5.8123137111599341
6.3234353881610925
5.0645720872951028
5.8812627866710523
6.3225817825710227
5.8152071095604123
6.0867422497367434
4.4982302413297992
5.3482362942459831
3.5155590544311868
5.660598541928473
5.7048683773327511
6.4676209702563661
5.5263001238206986
5.0455765115174183
6.0406568403850214
6.0911663475589748
5.8126920112479317
6.4011810681479027
6.3479803816399105
5.6565542078229933
6.3161794540866589
5.4931089824187938
4.417636535113088
4.6043186328467902
5.2464977029128965
6.5433749565670869
6.3269506856279101
5.6826449403549146
5.711757058892748
5.0344693118015114
6.4523033857907848
6.5642337464038141
5.6495535242383905
6.5712715798567496
6.4074744166487996
6.4602178662772776
6.6141889398792824
6.3786525053104466
3.491087800877708
4.1698136817079341
5.7328154140794245
4.4060739097137196
6.5835877443876543
6.602050967496103
5.2547363926924424
5.798247942503405
6.579842739514473
6.4646035472222412
6.5899143333003876
6.2217120616567687
5.6703161371529394
6.4251039633601597
5.4328746238424568
6.5862233451693593
6.539226289296808
6.5968716743221094
6.4680133247612872
4.5984946018561699
6.3204967045812346
6.3397962599582671
6.5004014042599509
6.6002672748893492
5.1263770042153158
6.6161646326537458
4.8460549667049264
6.5978160426920462
5.3419608547694439
5.7643787538310294
6.3422712185666992
5.713309876700837
5.6305890364840945
6.1777195123005511
5.8777635589312016
4.550432722107101
4.8668333359197717
5.9869699961597389
5.9868134324363584
6.5515641574167667
6.6007461236625797
5.3677811077892379
6.6117071455388796
6.6089782278180174
6.6194367175210376
6.5918897122573545
6.6192613994483205
5.1443754183111796
4.9307351761004385
6.5856921012742315
6.5747743790402158
5.6013242739673137
6.4762923234786829
5.8462472858779799
6.3445938187519744
6.297359402409004
5.6590492863107276
5.7242269040212292
3.2363377287263999
4.0271388216371262
5.9477067394712808
5.4348182410994914
6.6000051654436866
6.6262928149922233
6.623755597760157
2.1129741270900961
5.8501778039428611
6.608386678782578
4.8455055825920024
6.0785770979753115
5.3854755044622395
6.0466683439271458
6.3104136395075558
6.1953191827480998
6.3107273086012263
6.589273555382575
6.6313958176532637
4.6088079982151093
6.2546729901124758
6.0119177687933476
3.8844877119251207
6.4358770931355691
6.4480160711659629
3.9178715605154539
6.4331581028448337
6.5241127289020611
6.5407273645803778
6.5840841143906363
6.4003314898027543
5.2960510862097765
5.0835427379669609
6.5491663846757389
6.4652049178072835
4.6698202570144751
5.5788650605911814
4.4441095517861591
5.3597709149746109
6.2929959582613284
4.7485047238382911
4.9691659732464872
3.7748393019104096
4.265161610950579
5.3960348565841416
4.2235087387848758
6.1221823065950334
6.5221152634225836
6.5412025578902684
4.4865891243971143
5.1955667944745816
5.8622731540145772
2.5753238790200523
6.1615770701559596
3.2693787186378231
6.0500007221977201
5.691163264199921
5.7993203482904745
6.5967699976103793
6.1356344818271173
6.5310618553950954
4.9727075427801575
6.3889829464641483
6.2149407566715347
6.1040857519203309
6.4473079878747352
6.2510118807338433
6.3090939825470587
5.1939179615412163
5.1591490475365474
5.822420312013957
5.0956141822064049
6.22057437156238
5.7764661907124513
5.7260221460557679
4.9671207325214297
6.4474190441146284
6.5109949172656751
6.3720411069120146
6.202485915403515
5.1684109839422749
6.1816277978584599
4.9565921514105611
5.9525653944046386
6.2044785705195427
6.5198369242589997
6.1787844388139623
5.7386333160651963
4.9948918245501917
5.2919401429903763
5.9695494758759091
6.5049408669647892
6.3724095540667758
6.1577756435407665
6.1836736443257694
6.1774213047234472
5.4849140573399611
5.5744090555333798
6.2930701459358405
6.4080586217817697
6.3338503321943547
5.7711723464731675
5.3921709451538513
5.0961421448626663
6.3932042766142532
5.5303465438161448
4.0820032816855019
5.7592557105503053
6.6320058827370394
6.6263010282236028
6.5785279504257312
6.3010534969221368
5.8360690275457374
5.6326442588741115
6.575305950992556
6.1402321013895342
5.4294136841348095
5.1092507041484794
4.0169897510012706
4.7982105993907362
6.2451322117662764
5.3432505093115852
5.0504499628930271
5.5472089311448523
5.7855299851447048
6.1390648338264011
4.8548421156908947
5.77284739080938
6.6093291701543064
6.5530275078018301
5.9178552279138161
6.1584986078854476
5.4715584672758819
4.0757473192088689
6.3651946578570966
3.8632917400136404
5.6827358376181181
5.8041529232083748
5.4101861143153522
6.4826170616484999
6.0159244075854597
5.5708490247368401
6.1444419564554202
6.4986335353597129
5.3702026743563511
6.3202787779865197
5.579472835546369
6.3639292842340112
5.9340375156642429
5.8231976218767221
6.1858953237658714
6.5568172836318634
6.5585209663502884
6.3530359686294213
5.7385893824914751
6.0880036410500473
5.4307302544717659
6.4493920567882226
6.0520071292838411
5.6828534448811698
6.486975485377549
6.0065844890751068
6.5720025335271046
6.5654179193383708
6.0701961164057661
6.5282286008690491
6.4152088483106473
5.1119823592761318
5.0782264027776485
6.5733437077265098
6.0743926289507657
6.1461563811956461
6.5365779427454269
6.5949778263434586
5.759658568277608
5.7697744641393474
6.0706906554907096
6.2579452788030041
6.1555349112082896
6.0301779285147159
5.6041536867132518
6.4153977575510517
6.3483490621208523
5.8048506657393606
4.639135884562557
6.4881770472756735
6.3111950597237501
6.2929431773264222
6.3231521105096959
6.5198676814823493
6.4328784239967378
6.4473097596112892
5.0029827039764525
6.3833319103967039
5.8250564290662963
6.1287680768451605
5.178956037403001
5.3936418140989462
6.5248671712076156
5.9239239928776168
6.4412025979835068
6.3853574403571836
6.1127940747743192
6.4967836564706998
5.9260592962957714
6.2751017924141452
6.2624305511482401
6.5355853149399774
6.1246825399832332
5.9962132320350898
6.1727621306214786
6.5500616747526221
5.8174826219783551
5.40236147304533
6.0477842566462972
5.8255888477083948
6.0681404649832746
6.0083561031401098
4.8528699429833271
6.6148824458874973
6.310396409917983
5.6032548360392314
6.6298337715082853
6.6092980222685842
6.4729816248385861
6.458339640688175
5.9354061400393077
5.7854034278622892
6.5674811170899936
6.4798024501083775
5.0981209548221464
5.5237128301203695
4.5702475492667167
5.4151370039748894
6.5511009528640214
5.4871435855473223
5.5994122749696977
4.6947907195829544
5.089027374994469
5.624890858792174
5.0402565268250568
6.1064013769984387
6.4017122800576125
6.3769335689109692
5.2296618533325052
5.6130666567862688
5.8152637050747078
3.1305471685729525
6.2211929752472876
3.791028151790818
6.0175117727271781
6.1399350939299033
5.8694889509038752
6.52521735712374
6.2108851372613483
6.0211604747215288
5.7042252321545712
6.5097314787749365
6.4167001072232299
6.0290390043689657
6.6231791673278373
6.2669006369567786
6.4389110731168548
6.2135529156752645
6.5619147159341917
5.8635670307873333
6.1049823402414285
5.9628259104585819
5.82737711210883
5.7373097398988468
6.0945579164840566
6.5267898299887825
6.1842089816425343
6.4076151189225046
6.3157425889956098
5.565605694235062
6.453023730043701
5.9436964352576807
6.2821571766788811
6.3057704018895517
6.5215393743048118
5.5493361691539764
5.5266572961113347
6.0633094009244415
6.2984771894328517
5.7305484806717644
5.3941661837917607
6.037609514357607
6.2631905105808956
6.1457474651607207
5.6462423934034556
5.0625180179293494
6.5996281334303459
6.3253580327850409
2.8460184370868453
6.134578852233898
3.0867283200198257
6.6380853200173577
6.4674587658747003
5.5199754878412444
5.7567269384816377
6.5316030007820034
6.6057167892050836
6.6102789428799165
6.4977893653503003
5.5349882866325668
6.5561622939704458
5.4415987922671096
6.6380857196315528
6.6380841772689285
6.6380835482681029
6.5427772022878719
4.8933630450870078
6.1854285411903156
6.2612753170386455
6.6379653844846276
6.6374139215925148
5.4252126974092665
6.6380807674680868
5.2528720225683729
6.6380804517347238
5.597589710020868
5.357076076091289
6.529307740342575
6.0119635884685261
5.7893371385944912
5.9436026511894315
6.1882523326059253
3.4246391824602855
6.5359672791212162
3.477945976159333
6.5466906078184302
6.3763379112125254
5.9703577471130309
6.009290155293999
6.5828964140468678
6.5697373868463433
6.5841676421691595
6.5275710792504968
5.7339185151569163
6.5706046823522826
5.6421423641616038
6.626453788712559
6.6193814032514062
6.4032419948600872
6.5712586111135138
4.5650490406108668
6.2355100893494111
6.3185978885660319
6.6258426068280061
6.4064788316477035
5.028983108279264
6.6369334687960828
5.0729494759919058
6.6343757098585527
5.5295269756182259
5.4767623817127955
6.4689438506578618
5.8543515598862239
6.051122207637408
5.4289654249601389
6.4335411695640818
3.2483234937355099
6.5125196378614731
6.6322175619246746
6.5769174494208746
2.9993969264795632
6.5333524683698547
6.4864776168700891
5.8140312250953059
6.6288359863468456
5.7616600834432994
6.5429205791359335
6.396703376819425
6.5763406017808128
6.6099573088581707
6.6265718035542376
6.6362316887869408
6.491898132107119
5.9813788175390039
4.7445331360267629
4.9345009117434264
6.6299542108487737
6.6344594563550334
6.4775225754708066
6.6175822052750908
6.579572780609765
6.1989298530122037
6.4298950146907448
5.8488710278081477
6.4354467599473422
6.2516499158145882
5.2454000456161554
6.6337723573459311
5.6939681417462618
6.5063649584619201
6.5467253902116243
6.4755669415523096
6.0435518358563289
5.398196495288663
6.4883552677358391
6.6169875706318004
6.4339888528368432
6.6031921948491918
5.0030245426721205
6.3514219954354427
4.8064735023394949
6.5857652485038685
6.5865881371112636
6.6379915117631798
6.3661262365025095
4.7134636015377183
6.0847283711310203
6.1478651657726555
6.6091540548571652
6.6368451283133929
5.8188058114399714
6.4874783557173501
5.6349785787068427
6.4238609962323325
5.1438736800716907
5.1456094381312001
6.3016847584181122
6.1010093580967952
6.3027161693393801
5.9246791998449764
6.5745135514500666
3.7058584666725292
2.4442380967314339
6.6215433066279967
6.5554890582446834
5.6380480691755848
5.3271369208799673
5.4178423067774908
5.147816863675879
6.3870239971162635
5.9695280661206862
6.4729634146319368
4.7567450643768723
5.0898492453932676
4.7589134245877505
6.1259168827189834
6.6380450091987226
6.6323001965210135
6.6151046277719834
4.9814613304222615
4.7244743658144124
5.6401678838206024
5.68117948398735
4.8359247513842281
5.6523123112678579
6.4019572465861891
6.6047433605151431
6.0787251151834267
5.9747146273346416
5.5249955365751982
6.362768779917328
5.4504561167549515
6.1127473081089647
6.5685860056882719
6.5058810055483649
5.4379574064406482
5.50105613241755
5.3427728378874679
5.011928244294789
6.2047521443466751
5.4866897064006581
5.9090310445531458
4.5770773133848133
4.9004564215955337
5.07552162893227
5.7394353750990454
6.5598331548820283
6.6218325124365283
6.6166302552307146
4.829103107172374
4.9009863853519127
5.6519681266648298
5.5358476109534074
5.0826386254484373
5.5467143661398906
6.2623946388771037
6.506978378325007
6.2842073351571548
6.008555949146257
5.6407264781202713
6.1571340248192081
5.1549035281743345
5.9815722408493164
6.4936464880193467
6.542272528485463
6.2046825783960946
6.557672323805475
5.96818726532815
6.4217393372483293
6.4186365771052225
6.436007940514509
6.5949044469891067
6.6266573283075516
6.6141766364027319
6.5171171632598019
5.5647202172107626
5.4678727614004874
5.6641293258932395
6.6231144935474866
6.6231934494644014
5.9841462941558454
6.5881627073027218
6.2049020078797383
6.6172238910065726
6.3282997148534479
5.7016636882202301
6.4415949756022615
6.0386678873697743
4.721049278800761
6.4223569254415276
5.6071441923987191
5.9067628241012704
6.5372755741725816
6.3052967452904998
6.4781246419106591
6.3940445325582012
3.3537185260297191
6.5904942248836731
4.6551403986206745
6.5107351553081036
6.4272656569260658
6.4095681833555922
6.5815096801729416
5.7800875694937588
5.7917169843522203
5.9566763338131281
6.5317710942538181
6.4130314573497316
6.5738592884008904
6.5199963884706138
6.4788777922911525
6.1154430394260499
5.2253052196808536
5.444033744691275
5.5040035783079544
6.6249702814752887
6.5468084788475078
5.7015149534742529
6.2393235052932514
5.4937158978547282
5.233262465651741
5.4224586755345463
5.3677175401931567
6.3115573301584158
5.4080794598649771
5.9764256973328846
4.9227126175419311
5.088313733729561
5.5856282471547747
5.3726249700047806
6.5432690628080561
5.5135539382696557
5.327554279875649
5.2592623260751736
5.3710034509374367
6.0773488300596599
5.0803986241774517
6.3116419033515037
4.9660409310831763
6.3080127002173443
5.9898920213139863
6.2834204985666586
6.6327318974385134
6.2339890713112309
6.421080633509483
5.3135102446236839
6.6117712641020709
5.0989862551126519
4.3690155043164935
6.1671270390944866
6.1283697840543825
6.4388593550818234
6.2021219103924272
6.3322923251971677
4.9432286437164468
6.160132234555741
6.4931243764479829
5.3893926233860965
5.4094569895849984
6.4573823867556275
5.0672414252794589
5.0143454105537977
5.7257121077269684
5.9033314896361322
4.8854653694713699
6.1463318178020936
6.5642990765479556
5.3460813497779913
6.4395137882701912
5.2269566037123623
6.065943081961243
6.2655708864547268
6.6216224988115409
5.2034085144681645
6.4378913909119602
5.0097701739165448
5.6485036945976894
5.4955381837804032
5.731192301260136
5.5041806162763711
4.642270167376922
6.2029668155770414
6.6080971836058238
6.5689424018469005
5.8708862029880997
5.6776010685046678
5.3437380711957054
4.5489534234534714
5.9237752962631731
4.6813556125370415
5.3970656494467617
6.1224531195625413
5.4555447442732863
6.5049171054531119
5.6269933892311572
6.2898666934359522
6.0337917965583205
6.5773891026001881
6.2851396773495418
5.8789302282885476
5.9736247140855783
6.0494621092348195
6.1034043483274409
5.6161273018621367
6.0048055860636742
5.9714169009630229
6.14773742845746
6.149438606701354
6.2706389410314385
5.4941369342792026
5.2919518069959723
5.7394515439653189
6.1374846457184287
5.3659255422154315
5.5834697621965335
6.219700387252165
6.1545447269454545
6.5556573029162317
5.2748960412801527
5.2830776793952507
5.9771841377807924
6.5965452779838518
6.2286784081670978
4.0896134929941903
6.1573343350225098
6.0043036960265352
6.2406976846820692
6.3189112458558352
5.569614775702405
6.0279682928038039
6.1086255368159286
6.1097122548521332
6.2441074594449137
6.4678756665750559
6.2951996476129599
6.3657847897611761
5.9964588077112415
4.3948236360383142
5.2847609750560345
4.8171738701806737
6.5569428486679069
6.4103046667313324
5.9322525278835414
6.1980969989917307
5.5543774098627727
5.2112981179642546
5.1993319625468963
5.1996165176352136
6.1895630527516561
2.2304220495980585
5.9124894764149882
6.627147400469287
6.6117118023512713
5.4805492908165121
6.0686174124533796
6.4085617260064422
5.239727362108642
6.5536562966200451
5.308174824899111
5.7834615715832562
5.445798700876872
5.2991479089194797
6.562196085397332
6.3183617466257473
6.631832789376289
5.5108712317915902
6.5085145926367423
5.3224041588819651
5.3722871004583324
6.561715266490233
5.2913469460976739
4.9084833837093846
6.111328572984176
6.1904558631144102
5.5307387634734591
6.5229171038092897
6.3711554631439533
5.0486142625891457
6.2904860277134498
4.8872826532337745
4.2398399423726207
4.8525800911134205
5.7816281897006991
6.6104264572159837
6.3494800299054575
5.9161013016451829
5.6210475673197653
5.3204491135835941
2.7452417851616842
5.4222577679082997
5.0824043675989632
6.3338603493438583
6.6376451040813906
6.637522835716025
2.3585742562322736
5.29831258040669
6.3480800993146715
3.6342756268952168
5.7934831493024266
4.5688950515195055
6.1580902435136808
6.1339798915511299
6.1534603319733963
6.2895967017676018
6.3794102655473131
6.5293188067499344
4.2013415342640243
6.2873273314507117
5.3129352479927565
5.3055229893734639
6.4249144368020206
6.6378971034708583
6.6378777305867098
2.7974372466385948
5.1053507927761057
6.5034677064710005
4.2766361680762142
5.690921015932707
4.8699222268191109
6.1045411475890647
6.1665510895514668
6.2465563985114736
5.9972839507091322
6.4567289973848201
6.4569970219333657
3.9049311494200372
6.5127462876349762
6.1266672784193279
6.602622090520228
6.6379114848415224
6.6380822280344418
5.638064210661156
1.0
5.2186130688270502
5.0953832895875868
5.2726384194732052
5.3344875479947378
6.3572315901073209
6.5170446695619777
5.7158401428557299
6.0925806698236915
4.8811433298588964
6.5126488550219577
5.6164872090766123
6.6294307319805394
5.8875795398370219
6.6366138515368576
6.6347250710427517
5.3079581135369605
6.0685849320668757
6.3455655914450269
4.5344468467825765
6.5565377518383192
4.8831629792418312
5.8771845648474539
5.487174879379169
5.0728154263763816
6.6189730961660604
6.3945494529265954
6.6097856310964573
5.816914149221633
6.5070928483944241
6.5526444137815494
6.5932361904740624
6.5440862649828606
6.6034929200042045
5.5202630603478635
6.1158729956018147
5.5606258420800794
5.8633279847369293
5.066330824543769
4.9382144619251811
5.6796297942419107
6.1225869310222674
5.6789781349228603
5.6323661623657797
6.6174743755827841
4.7661497685260859
1.2340176487936589
6.6377192867558366
6.6379585806837884
6.569272789382075
6.6277603738283304
6.6232077610468876
5.9172594851971176
6.1418526596802865
5.9201239143623026
6.5759950697839207
6.5128526683286836
6.3024444668647632
6.511198727024742
6.1468056058562519
6.2895423637067012
6.6375086806185788
6.6380810677590132
6.5197754713158753
6.6296321606461008
6.5820223162010274
5.8788131067336717
6.2272790917732737
5.8642546162745557
6.6018167749063492
6.4353235324077618
6.291052616087069
6.5671026253644937
6.2911277803661578
6.4498592587401022
5.4792725699110196
6.5920010290208628
4.3833967820963
6.0597357757867627
5.1676424217789219
6.0180287412854163
6.2710675678892374
6.1400771120307542
6.1024020793828608
6.5829456407374796
6.5865855054176148
4.0958003491703003
6.3810730373339482
5.3763938052355797
5.1318308669358439
5.386993782721138
5.2722539698864601
6.3550030374586246
6.5268607183844249
5.9418499642224489
6.0754378427589204
5.0518565210588475
6.512564346407494
5.4527912141295918
6.6293775281519611
5.8098778066567744
3.9505434551923204
5.911034662231816
6.0977629948065397
6.2690088282949432
6.0559043537069179
4.8186168974233299
4.650282586736064
5.8049511396402371
5.9164427874374317
5.2079349388698093
6.0409157344899089
3.3822981279812869
6.0441160861467464
5.7819953270164914
5.3037849161943535
6.5744501310511794
6.1670708875920868
6.3188051627942317
5.1904723023534096
6.519712297614964
6.0538892098645158
6.29254198732459
6.3162509349820972
6.3632167530597652
5.063086532501635
5.4500172223983174
6.2739986652703355
5.767663806653446
4.8361733327531811
5.754156302497992
5.6966627597000929
5.4371639996111139
6.5784131536227148
6.0653667082021983
6.1461793403181479
5.4252806965183487
6.4988341682565531
5.5783260690382708
5.4505137021157903
6.3002352165576889
5.8082280506254307
5.1956138206564884
6.1601485739620108
5.8214618739914741
5.5601846647716666
6.4518996487017661
5.831420835307318
5.8746301906489995
6.2721064908904438
5.6963583603558474
6.4570284122744726
6.1761726515826565
6.1798737254790925
6.4658784416565833
6.5309571496896757
5.829748738403655
6.2825710833483601
5.4167198577694844
5.9060498357187194
6.0807059089127851
6.2999270903866753
6.1802750551981154
6.5808456599480474
5.7959786735262124
6.1719542405649106
