1.3535185904951808
1.3277694473627071
1.205872631053821
1.1710495491569322
1.2244593016486889
1.3045260171140465
1.0841524115653218
1.2959350947771935
1.3535136806301997
1.0
1.3535193127211689
1.3535191862583775
1.3524147894982737
1.3535190745248089
1.1550791481670555
1.3412917886301672
1.0120436523871019
1.2912667263157482
1.1060010476498685
1.1922028066553494
1.3535167094345961
1.3535192136792813
1.3535190872164806
1.121167482826807
1.3527642960767552
1.2699419098392124
1.2668153097487835
1.347520770490179
1.0850833560546447
1.3535181726595864
1.35347188371407
1.0689717713816644
1.3535180461966885
1.342823915774068
1.3501351118854652
1.3528113781169671
