3470.1622431604414
1768.3450904657225
3594.0396153103438
4313.8245665869144
3716.2243868948444
1498.2164717564067
3487.6169932120456
4269.8939000790888
1788.354117086317
3625.0773259543453
1687.9218141388405
2400.8596854245452
3525.5017345204528
5292.2138212027667
5292.2138090719918
5292.2097629096097
5292.2107036997941
5292.2147022499912
5292.2143797834005
3624.34000810629
5292.2126364588185
4275.7700316097271
3625.9929292559086
4275.8558667247526
3626.4778583006423
3872.0830581704904
3722.8477260903442
2653.3804800149269
5190.5161709677668
5292.2151150282507
5292.213137121229
5292.212971555713
5292.213404582877
5292.2153679777603
5292.2147271169142
5292.2161624098335
5292.2146578114325
5292.2123282134544
5292.2155897459133
5292.2145928022965
5292.2153825083105
5292.2154192174503
5292.2124986768622
5292.2112551466398
5292.2143824652439
5292.2110143299642
5292.2119656893856
4659.2431958457573
5292.2097797812394
5292.2130771526736
5292.2124029368961
5288.0756947889986
3450.8435074131912
3427.8610713576008
1127.0658526056266
4143.6667766493347
2388.3858116336137
3361.2433185894702
1118.5939485887268
4013.9997453408419
3437.0098993669117
2352.9585597352607
3530.7950719686387
3547.8313993153902
3563.1318094369135
5292.2146093492547
5292.2145972184808
5292.2105510567026
5292.211491846746
5287.8331956432412
5292.2151679298049
2344.6219146022941
5292.213424605482
3667.6078429267714
2341.0210790699775
3667.7591039808563
2347.6264700029142
3491.6985714016942
2448.2548034056313
3465.8420346915877
4940.1992978808303
5292.215903174545
5292.2139252678189
5292.2137597023266
5292.2141927294269
5292.2161561240182
5292.2155152632677
5292.2169505559723
5292.215445957796
5292.2131163601643
5292.2163778921376
5292.215380948669
5292.2161706545667
5292.2162073637001
5292.2132868235476
5292.2120432935099
5292.2151706116483
5292.2118024768706
5292.2127538361501
4179.0175339148018
5292.2105679283295
5292.2138652992735
5292.2131910835951
5292.2104793073795
4176.7460414077559
3494.1194175378951
4299.4474686312733
3749.9379023125371
2054.740896567132
3597.8606524972165
4232.3697071474744
82.02452802859402
3821.4742444586409
1736.8355862093365
2442.3262294166802
3548.852134243205
5292.2176801298465
5292.2176679990807
5292.213621839649
5292.2145626291476
5291.8712927265224
5292.2182387100738
3820.8650882154234
5292.2164953867623
4143.4118287907386
3820.8931477791843
4143.5129213949294
3821.1456770059503
3806.1706647528358
3751.5064120827719
1858.9900923839257
5279.8797824458707
5292.2189739543874
5292.2169960488081
5292.2168304834122
5292.2172635102615
5292.2192269037132
5292.2185860433337
5292.2200213352071
5292.2185167379021
5292.2161871416229
5292.2194486717035
5292.2184517288142
5292.2192414342526
5292.219278143366
5292.2163576049079
5292.2151140755914
5292.2182413919154
5292.2148732590913
5292.2158246178196
4716.2553610698305
5292.213638711266
5292.2169360802973
5292.2162618650109
5290.13333246399
3714.1338600070294
4014.8877220569793
2431.4903227493796
3451.3333845871375
1430.2583895160951
3993.8364628859313
3502.7437523286007
2455.6806110098669
3636.5453798138174
3647.1181486510577
3635.9626745243277
5292.2159112011377
5292.2158990703674
5292.2118529095842
5292.2127936993975
5266.9115175895195
5292.2164697815515
2453.8398250913069
5292.214726457657
3800.4339290477683
2452.080487499933
3800.572565985648
2453.1960056182934
3510.3981591440215
2458.0178091013699
3404.7008776314046
4882.9259449794736
5292.2172050261097
5292.2152271198702
5292.2150615544188
5292.2154945814136
5292.217457975521
5292.2168171149278
5292.2182524072805
5292.2167478094734
5292.2144182124157
5292.2176797435859
5292.2166828003628
5292.2174725060659
5292.2175092151911
5292.2145886757562
5292.2133451460249
5292.216472463394
5292.2131043294439
5292.2140556884906
4204.3863553037836
5292.2118697812066
5292.2151671513393
5292.2144929358283
5292.2117811602793
4261.649248815831
4504.9039593091129
3837.6103641198411
4121.7954772460307
888.19552015027534
4283.0127736239583
4488.6697008112951
4273.3568496108546
3939.3490188623209
3979.3622629173774
5292.2173663637204
5292.2173542329529
5292.2133080732829
5292.214248862836
5282.190441874297
5292.2179249439796
4489.2902905818119
5292.2161816205653
2628.7622868409794
4478.4894112116317
2629.0814169948007
4477.319793876929
2665.5380943728255
4429.4336279311692
3668.6338868208145
5116.4764413473149
5292.2186601883359
5292.2166822826412
5292.2165167172352
5292.21694974411
5292.2189131376781
5292.2182722772604
5292.2197075692184
5292.2182029718251
5292.2158733754086
5292.219134905682
5292.2181379627327
5292.2189276682184
5292.2189643773345
5292.2160438387018
5292.2148003093125
5292.2179276258221
5292.2145594927988
5292.2155108515817
5024.6573959536536
5292.2133249449007
5292.2166223141257
5292.2159480988003
5292.2132363239962
4931.0987858066965
3835.1669793452616
2150.7278457046673
4440.4890792326223
3758.8287180093334
911.00248246787146
3669.0759676219209
3703.2307584768114
3568.7524028026382
5292.2173995327084
5292.2173874019409
5292.2133412422954
5292.2142820318431
5292.2182805793364
5292.2179581129649
918.09551913248117
5292.2162147895597
4489.2291372868458
916.50228829832224
4489.298808252759
909.68961474000321
4359.1350883219357
605.76944648355709
3911.5196135336237
4805.8941367968082
5292.2186933573166
5292.2167154516328
5292.2165498862278
5292.2169829131008
5292.2189463066561
5292.2183054462439
5292.2197407381927
5292.2182361408086
5292.2159065444057
5292.2191680746591
5292.2181711317162
5292.2189608371973
5292.2189975463116
5292.216077007698
5292.214833478316
5292.2179607948065
5292.2145926618041
5292.2155440205815
3791.4311185443848
5292.2133581139142
5292.2166554831192
5292.2159812677965
5292.2132694930106
4180.4849603503108
3496.6022936759969
3853.0298677658743
2048.0378990477152
3723.5349731715742
2432.0340577978536
2373.2329031704699
3519.194536619485
5292.2158185423123
5292.215806411542
5292.2117602506869
5292.2127010405165
5292.0225228528361
5292.2163771227351
3722.9828849469636
5292.2146337988097
3774.9829476721825
3724.1003380702905
3775.1242154482102
3724.3903736763946
3328.9837943333559
3828.3889234078729
1860.2976857714345
5120.2115496884235
5292.217112367307
5292.2151344610329
5292.2149688955787
5292.21540192258
5292.217365316722
5292.2167244561178
5292.2181597484951
5292.2166551506616
5292.214325553563
5292.2175870847905
5292.216590141551
5292.2173798472677
5292.2174165563929
5292.214496016908
5292.2132524871531
5292.2163798045776
5292.2130116705694
5292.2139630296315
4736.9691487173677
5292.2117771223102
5292.2150744925002
5292.2144002769774
5288.2894123938013
3619.9617917451587
4017.559954783314
3605.2278670476721
2039.8145097619251
3517.070535929674
3519.1854949050585
3826.5563174235062
5292.2140280383928
5292.2140159076189
5292.209969745395
5292.2109105355421
5282.5358772174868
5292.2145866190049
2030.5051741532018
5292.212843294491
3760.4245536104263
2025.5699068426015
3760.5637079245821
2032.8112414954978
3535.1036146291312
2232.6479920564202
3693.7161354653849
4820.2824799420841
5292.2153218638259
5292.2133439568815
5292.2131783913719
5292.2136114185196
5292.2155748133264
5292.2149339525058
5292.2163692453687
5292.2148646470268
5292.2125350491388
5292.2157965814704
5292.2147996378917
5292.2155893438758
5292.2156260530146
5292.2127055125411
5292.211461982366
5292.2145893008492
5292.2112211657004
5292.2121725250854
4274.6727382212894
5292.2099866170238
5292.2132839883307
5292.2126097725786
5292.2098979960647
4174.5339189470787
4216.9389141477159
4413.3551850281146
4251.94265064511
4013.7887845061518
3982.4478472198116
5292.2171491833906
5292.2171370526239
5292.2130908927866
5292.2140316823788
5287.5475764675484
5292.2177077636743
4411.8407994280851
5292.2159644401872
2560.3384599002784
4400.7527418605241
2560.6686361504194
4401.4120827459119
2677.8495385713163
4374.6959199789853
3737.0802446132802
5133.1157499994024
5292.2184430080606
5292.216465102284
5292.2162995368708
5292.2167325637638
5292.2186959574119
5292.2180550969697
5292.2194903889867
5292.2179857915307
5292.2156561950178
5292.2189177254268
5292.2179207824356
5292.2187104879531
5292.2187471970701
5292.2158266583183
5292.2145831288772
5292.2177104455159
5292.2143423123543
5292.2152936711773
4937.8901930546963
5292.2131077644062
5292.2164051337677
5286.1119584903008
5292.2130191434981
4859.0041219247869
3830.213028033666
1756.2213379725822
2426.3642922569461
3560.2410639079653
5292.215651122182
5292.2156389914117
5292.2115928304293
5292.212533620288
5291.8701035423883
5292.216209702623
3829.60185030313
5292.214466378643
4135.00025599936
3829.6304362457945
4135.102582530516
3829.886962703406
3796.6899785585742
3760.4992805867073
1845.8398156794585
5279.9073836681528
5292.2169449472185
5292.2149670408808
5292.2148014754212
5292.2152345024379
5292.2171978966417
5292.2165570360166
5292.2179923284402
5292.2164877305586
5292.2141581333854
5292.2174196647175
5292.2164227214453
5292.2172124271865
5292.2172491363126
5292.2143285967359
5292.2130850669428
5292.2162123844664
5292.2128442503499
5292.213795609443
4719.0565755479101
5292.2116097020526
5292.2149070723472
5292.2142328568025
5290.1863662113319
3718.8322089889211
3656.425839319033
3690.2009569392276
3665.0705076479107
5292.2186948309754
5292.2186827002115
5292.2146365415565
5292.2155773308741
5292.2195758773887
5292.2192534110945
26.751117760812004
5292.2175100881186
4388.5166268787525
54.494156796445218
4388.5965026520189
43.527848957613863
4268.3737886213612
1033.6242681099677
3946.2388040801111
4691.6986459921318
5292.2199886552671
5292.218010750069
5292.2178451847039
5292.2182782114705
5292.2202416045448
5292.219600744289
5292.2210360358868
5292.2195314388719
5292.2172018430383
5292.2204633724941
5292.2194664297958
5292.2202561350823
5292.2202928441875
5292.2173723062897
5292.2161287772115
5292.2192560929361
5292.2158879607587
5292.2168393193033
3865.6888538476223
5292.2146534131707
5292.2179507815681
5292.2172765664118
5292.2145647922889
4160.5141937908347
1663.3731095599405
3634.4723733164096
5292.2141667044925
5292.2141545737177
5292.2101084115993
5292.2110492017227
5292.2150477516579
5292.2147252850882
3655.9281184018596
5292.2129819606198
4315.5847028006301
3656.7779596938635
4315.6642980446422
3656.9826687271911
3966.4275147958865
3680.9943232304531
2568.8249226726048
5292.211784715606
5292.2154605298902
5292.2134826230003
5292.2133170574934
5292.2137500846293
5292.2157134793842
5292.215072618581
5292.2165079114047
5292.2150033131038
5292.2126737152767
5292.2159352475228
5292.2149383039723
5292.2157280099345
5292.2157647190706
5292.2128441786735
5292.2116006485321
5292.2147279669334
5292.2113598318738
5292.2123111912324
4669.4750073108289
5292.2101252832281
5292.2134226544476
5292.2127484387138
5290.965405458548
3620.4592695359893
3558.1951362246646
5292.2133338802323
5292.2133217494556
5292.2092755867016
5292.2102163769732
5292.2142149275369
5292.2138924609171
3689.8589075937107
5292.2121491361731
4079.7334257676184
3690.5630711008935
4079.8388332370309
3690.630150989336
3678.6864611948995
3712.9896588465544
2301.6364054190099
5292.210951890971
5292.2146277058346
5292.2126497986319
5292.2124842330986
5292.2129172603045
5292.2148806553678
5292.2142397944635
5292.2156750875138
5292.2141704889746
5292.2118408907818
5292.2151024235409
5292.2141054798331
5292.2148951859199
5292.2149318950624
5292.212011354206
5292.210767823869
5292.2138951427614
5292.2105270071715
5292.2114783666802
4693.6117506682049
5292.209292458333
5292.212589830071
5292.2119156142317
5290.9006033023343
3567.2461181206577
5292.2132774344882
5292.2132653037115
5292.2092191409147
5292.2101599311954
5292.2141584818028
5292.2138360151794
3667.0317753957888
5292.2120926904172
3954.00811550039
3657.6623373955717
3954.1277511703693
3655.4355308437043
4083.6965561614857
3544.8995779937786
3484.3840069908319
5292.2108954452015
5292.2145712601041
5292.2125933528805
5292.2124277873463
5292.2128608145558
5292.2148242096409
5292.2141833487285
5292.2156186417951
5292.2141140432395
5292.2117844450231
5292.2150459778168
5292.2140490340971
5292.214838740193
5292.2148754493364
5292.2119549084473
5292.2107113780976
5292.2138386970237
5292.2104705613974
5292.2114219209161
4190.2442067426464
5292.2092360125462
5292.2125333843187
5292.2118591684721
5288.1101031113758
4380.8160500257191
3720.0159448493328
3639.9601515009754
3608.5308018344153
4309.1168338651614
3655.9816817623823
5292.2141832041134
3833.0449612434895
5292.2162923405695
5292.213616330162
5292.2167353146915
5292.2155995381527
5292.2178301566655
5292.2174382108433
5292.2131964394375
4454.3558997500795
3724.3755383160574
3566.3974529658763
3333.0519176532089
2718.5908953509143
2492.8678768853051
3798.5729037428014
3697.6768832032794
2536.8499000876227
3776.6043413080406
3552.4991677649427
3637.6804368070534
3628.5286959984442
1981.7346526759679
772.56256407429532
1875.5232491375884
1654.400433383388
20.581305697655527
3601.2457867964699
5292.2174854847217
2783.1650708746852
3569.8744551444961
4465.4958197107126
4135.4121852172302
5292.2153381476128
3519.0300756783727
2036.3310738892965
4417.9356937590037
2505.6798862285495
5292.2141710733395
3775.5110458430272
5292.2162802098001
5292.2136041993872
5292.2167231839239
5292.2155874073806
5292.2178180259007
5292.2174260800775
5292.2131843086618
3903.4792915155176
55.433014018781407
1358.9824049253843
3637.1644428689328
4135.6897762633607
4108.0814184895562
1487.9280655717066
4295.7530827586479
4135.813393628614
1466.6877802543479
2279.1632420109208
3638.6207547420931
2018.0415761674192
3774.0286140723047
3709.5799749369867
3865.1574206973655
3910.9762983116029
3717.8157402816
1897.1120137980802
5292.217473353955
3945.0678914252144
3399.8989859042535
4696.7330373489513
4054.6555776802352
5292.2153260168407
4358.9329747430729
4286.7451876671294
4031.276674824267
5292.2101249112338
2152.1545391148102
5292.2122340493079
5292.2095580368486
5292.2126770237701
5292.211541246359
5292.2137718665845
5292.2133799204621
5292.2091381458022
4154.9047934717655
3525.5556646115933
3224.05657259177
3355.8632699450382
3712.6809849099927
3477.6811003097632
3618.3524959362776
2230.4961617404069
3681.4201016731749
3597.1941878910206
4198.536150596351
3406.8450209235489
4217.9832919523951
3733.105183190979
3611.5754952017051
3716.2995663313814
3437.0672281142233
3635.5342286399423
4318.8113048288124
5292.2134271943751
3164.8214503971403
1873.464650217617
4408.0034108435693
5001.4201335186954
5292.2112798556191
4527.7907606221797
1757.1595318278385
5292.2110657013545
4407.5173492490467
5292.213174839053
5292.2104988270694
5292.213617813436
5292.2124820362278
5292.2147126560558
5292.2143207100025
5292.2100789360975
4433.6156086667334
2019.3320391458385
2362.2536883576813
4062.634384098852
3986.3898458866356
4029.5549207347785
1847.0164849647344
4833.5152986693565
3987.2340873193734
1857.6948285262661
1017.9004133034701
4121.4500844942668
658.3578760861144
3667.7347294919846
3605.2986614385045
3699.7344353099384
3837.9472197830651
3607.9465827938834
352.35022052388808
5292.2143679839073
3811.6878274851479
4214.5640944561956
4467.4797462161896
3620.5418035794423
5292.2122206455333
4461.3941090648386
5292.215064251277
4520.8290004574001
5291.0184300607716
5292.2144973774211
5291.0189417140718
5292.2164805850807
5279.1891779044581
5292.2183192574657
5286.123951524015
4166.80183138348
4421.351265082546
4210.2390369379937
4212.7912967656457
4269.4462333444508
4320.1269313649054
4500.9753104221036
4539.5361727868994
4270.3993966718681
4485.7086199467403
4354.08803296735
4336.272806673056
4521.4232167872979
4330.0498960325021
4292.1879826008717
4321.9068849812775
4274.9658978735215
4307.745508310607
4525.1961191806577
5292.218366531336
3975.6734545601516
4334.7181559351811
4656.6994623668679
4794.2181803706626
5292.2162191945836
5292.2147417847091
4370.6241206449886
5292.2168509209432
5292.2141749108177
5292.2172938950189
5292.2161581185974
5292.2183887368774
5292.217996791097
5292.2137550201369
4364.3175816457733
2508.3608412614731
2574.8221670771186
4008.2382381386146
3831.4261653789345
3883.2537245927888
2394.34746600987
4446.2967341140466
3832.63450239848
2343.1002466523137
1804.2166143919405
4062.4438502957105
1333.399533320365
3711.6570489499709
3656.9282012255653
3710.3285867728546
3805.9665065768322
3656.6558612509843
1725.0974089048509
5292.218044064969
3405.8937065889368
4067.3133538586776
4159.8520832964869
3620.9972381615921
5292.2158967280866
5292.2129984602461
4382.1128872694617
40.5155773158382
4382.1933071738213
42.024394856351222
4262.2549200962558
1038.7833807458694
3947.3467436647529
4692.565193859994
5292.2154770295083
5292.213499122623
5292.213333557117
5292.2137665842529
5292.2157299790006
5292.2150891181991
5292.2165244110201
5292.2150198127219
5292.212690214903
5292.2159517471391
5292.2149548035904
5292.2157445095509
5292.2157812186879
5292.2128606782999
5292.2116171481612
5292.2147444665534
5292.2113763315037
5292.2123276908596
3867.897108397236
5292.2101417828626
5292.2134391540712
5292.2127649383401
5292.2100531619053
4159.8655039739569
5292.2151075971733
5292.2124315861674
5292.2155505713945
5292.2144147946019
5292.216645413615
5292.2162534677054
5292.2120116953492
4170.2446204545131
3781.9352418810622
3891.0151719175451
3491.9989743768579
3742.0958724335969
3503.9753623274883
4169.0407388810017
2647.1476436044268
3669.860439900066
4128.9332796598255
4409.5426337621893
3005.8363391381095
4422.26057908039
3821.2690865598129
3804.0694737844283
3613.6362482929067
3451.8596557229744
3827.5599232808204
4410.477535976881
5275.2967768321978
3417.9376369739198
1184.2551510409462
4665.4277057286845
4953.8544630750584
5292.2141534040029
4368.9634169922037
1.0
4373.7283882395413
1508.8045630969752
4317.8236327931008
3603.0027449661297
5059.2007634412475
5292.2175861654478
5292.2156082593519
5292.2154426939114
5292.2158757208754
5292.2178391148409
5292.217198254295
5292.2186335465422
5292.2171289488451
5292.2147993519548
5292.2180608828903
5292.2170639397391
5292.2178536453848
5292.2178903545073
5292.2149698152825
5292.2137262856413
5292.2168536027857
5292.2134854690776
5292.2144368280551
5079.1691879683513
5292.2122509209303
5292.2155482908238
5292.214874075361
5292.2121623000075
4873.559812827124
4369.0452414525025
22.521796056291013
4253.3846189092983
1029.4739334474643
3947.9545346687332
4691.4970920771611
5292.2149101556952
5292.212932248598
5292.2127666830756
5292.213199710257
5292.2151631052157
5292.2145222443451
5292.2159575373198
5292.2144529388606
5292.2121233407915
5292.2153848733769
5292.2143879297219
5292.2151776357668
5292.2152143449084
5292.2122938042066
5292.2110502739361
5292.2141775926611
5292.2108094572513
5292.2117608167091
3870.8466424233443
5292.2095749084792
5292.2128722800417
5292.2121980642369
5292.2094862875128
4161.7103868246495
4373.8098181641399
1508.9464408963258
4317.8222040410028
3603.163227690502
5059.2186621990222
5292.2180291394616
5292.2160512335313
5292.2158856681053
5292.216318695032
5292.2182820888338
5292.2176412283397
5292.2190765204687
5292.2175719228962
5292.2152423262014
5292.2185038568641
5292.2175069137975
5292.2182966193768
5292.2183333284956
5292.2154127895155
5292.214169259978
5292.2172965768605
5292.2139284434352
5292.2148798023318
5079.1849620984685
5292.2126938953907
5292.2159912650086
5292.2153170496022
5292.2126052744761
4873.5925173599489
4258.0729819773042
1024.0045500273084
3946.8024647401103
4690.7828326782001
5292.2168933632001
5292.2149154568451
5292.2147498913828
5292.2151829184022
5292.217146312626
5292.2165054519955
5292.2179407444319
5292.2164361465375
5292.2141065493415
5292.2173680807045
5292.2163711374233
5292.2171608431718
5292.2171975522988
5292.214277012692
5292.2130334828871
5292.2161608004417
5292.2127926662934
5292.2137440253955
3869.14229018283
5292.2115581179833
5292.2148554883097
5292.2141812727587
5292.2114694970505
4162.2676943899814
4241.6390963306058
3176.1318969284689
5049.0903074593762
5292.2191239811691
5292.2171460756472
5292.2169805102558
5292.2174135370924
5292.2193769304886
5292.2187360701273
5292.2201713619588
5292.2186667646984
5292.2163371684856
5292.2195986984734
5292.2186017556123
5292.219391461028
5292.2194281701395
5292.2165076317642
5292.2152641024832
5292.218391418719
5292.2150232859913
5292.2159746446914
5163.4216227214984
5292.2137887382005
5292.2170861071381
5292.2164118918708
5292.2137001173041
4609.6742051155697
3904.2640632237576
4747.6884426814149
5292.2187320354424
5292.2167541297749
5292.2165885643708
5292.2170215912392
5292.2189849847809
5292.2183441243724
5292.2197794163112
5292.2182748189389
5292.2159452225515
5292.2192067527822
5292.2182098098474
5292.2189995153221
5292.2190362244364
5292.2161156858438
5292.2148721564708
5292.2179994729386
5292.2146313399599
5292.2155826987319
3816.6013402110166
5292.213396792079
5292.2166941612613
5292.216019945944
5292.2133081711772
4193.2425182171701
5233.752854250878
5292.2144902650734
5292.2125123578198
5292.2123467922838
5292.2127798194997
5292.2147432146139
5292.2141023536924
5292.2155376467808
5292.2140330482016
5292.2117034499497
5292.2149649827934
5292.2139680390592
5292.214757745166
5292.2147944543103
5292.2118739133775
5292.2106303830078
5292.2137577019812
5292.210389566304
5292.2113409258382
4800.8437940554022
5292.2091550174337
5292.212452389258
5292.2117781734005
5290.9560139072764
3900.3445299438472
3909.0235967908015
3967.7401219099247
3822.7776529783546
4703.9224263771093
4715.69769872502
4252.2286638752894
4631.4449358192605
4704.5096893107266
4220.7834012612511
4420.2056585501005
3889.4530338082764
4409.9240721188116
4471.7700219670724
4447.7691062371623
4573.9648204861187
4441.9247044187723
4453.3300661581479
4384.7846701434764
5111.077244568728
4397.5896460105978
3908.0855384906631
5232.9882343747067
4744.1860063501927
5292.2129561592537
1362.2351094081134
3644.4453164347183
4140.3226510931163
4112.7817296590665
1470.3927370762287
4299.7332214468215
4140.4344416203321
1452.5120371854612
2264.8487819854217
3645.6835660331776
2002.8674623021
3778.5737663187892
3713.9202356011265
3870.6561644581293
3915.7405513332778
3722.1600683552929
1879.1227080717019
5292.218779309308
3950.8387974638208
3408.3878292310815
4696.1910780299941
4059.2218629656013
5292.2166319727239
3516.3941168379752
3856.8234126024763
3696.0962436685527
1355.794951073535
4137.7580330390401
3857.6657691116216
1357.4687744150417
2272.192114132311
3790.9933691583665
2261.9250247354616
3623.693065279364
3555.1991458145776
3791.8610639384265
3670.4526845352916
3564.2493292891158
2252.7120020678553
5292.2168014036579
3521.4759779894816
3446.9610572286956
4489.701037587809
4141.7739888394472
5292.2146540662707
3347.8027935405221
3794.3672164131576
4009.645874029105
3777.5361909179769
3523.2354258646833
3985.4068394251522
4041.5659581761852
2125.4888998807587
4072.1145877339131
3118.0790145797987
3200.6859225385529
3398.6642826735037
3159.7513363415792
3333.0479908210932
4041.2971666289322
5292.2166358382556
3250.8324622135483
3232.7638222099072
5090.0873261862698
4435.0815987917322
5292.2144885008011
1929.6403851981959
4086.3778011966356
3743.599523351591
1122.9929628289262
4057.4693378286961
3890.5907645425582
3665.3888096500846
3952.1195023816567
1880.3385741923701
2513.9217408371037
1743.2241161193731
2083.2253053097929
2716.4432525606658
3981.0583311133264
5292.2170688651213
2264.1150325317672
3468.7821119258847
4179.9441718130765
4271.9298640887455
5292.2149215278423
3924.5515807719885
3494.0942215347645
1436.2968006282608
3889.3253595599626
3839.3528251438438
3747.7032172087956
3966.1897198499992
2552.507514190967
2662.6473450244175
2514.2502910316507
2149.1632598743736
2488.8318720698967
4024.5687176479169
5292.2190322586457
2393.0363574162188
3251.8380836837664
4270.7384232294007
4468.5941272793389
5292.2168849221634
4382.8873201513652
4086.8288724722534
178.29896315256974
1826.213181564568
4134.8710753329096
1750.0055658511003
3850.6921242799076
3799.6800837601922
3965.9862137097653
3965.8748566617273
3798.4999691103053
1708.0515764515681
5292.2183913982426
3882.0160141653882
3733.5371740510614
4443.8966792525762
4125.5448256877016
5292.2162440615002
3661.1096409906195
4341.6764978166702
4683.8609921201823
3440.3162072097798
4656.1345289161491
4112.6599930519651
3715.6026874437152
3830.6818141133749
3708.1370453232016
3693.5643542011658
4807.3383320322091
5292.2198266901678
3520.3370954750208
2611.0544120733066
4283.3450401745531
5190.4283542068042
5292.2176793540084
4057.9562616178787
3891.5608305903907
3554.8315228455153
3953.1665281924352
2306.252812695966
2639.5970143422833
1895.7574806336661
2127.1216886721927
2532.0716211889426
3981.9081947893787
5292.2183220928082
2332.4551799097458
3417.8884472051809
4176.2234641954155
4272.6829687579975
5292.2161747560385
1820.0080357890531
4087.5617849342366
1742.7161836673768
3829.5023951220278
3778.106883332664
3948.1949639392151
3941.4655561306345
3776.6262023786012
1708.4914404288763
5292.2159924964435
3846.1167655104432
3676.9727292826146
4428.7608129988721
4116.190737876861
5292.213845158728
4168.5321208806145
1082.4332268450933
3610.6562232958563
3554.4373705208313
3722.0484571453103
3726.8030910209231
3552.9853834368464
1014.0888424615612
5292.2192540266442
3645.9898666559484
4122.1012178104602
4404.0000335846753
3561.5803474078102
5292.217106690252
4129.5882947956106
3711.9264867003226
3701.2302953511462
3669.0874803520392
3563.194904053621
3632.6484885994464
4095.0902499434596
5292.2182570837176
3579.9848586065746
2833.3103632446609
5110.5948314605121
4590.4495699315012
5292.2161097469216
3687.2124531412333
3623.6353786002664
3720.4981118793389
3834.2559859685807
3627.790456011096
556.85376611489596
5292.2190467891851
3664.4754584573934
4156.3636017554136
4335.8401954308902
3693.9621815170381
5292.2168994527092
1544.0566754489478
1582.8685673008711
1204.3197162631411
1982.5493953608004
3660.8225666512012
5292.2190834982994
2258.543876429208
3475.3381800757684
4555.8399520401626
4157.5638602644322
5292.2169361618371
1649.0814136554268
1440.5109368788387
776.79874312680465
3597.9596797254512
5292.2161629597331
2623.5355179764924
3544.0772106766699
4439.6507624860697
4145.2598399518183
5292.2140156220876
1488.0402581676751
1874.5364175043971
3692.9478417745431
5292.2149194303711
2266.8137143514959
3379.8244775158932
4239.9075431671254
4059.687592398353
5292.2127720922208
1653.2191703255921
3832.0421339149543
5292.2180467468115
1786.9929310684124
3149.5744896720635
4469.4560603715117
4266.0800164262409
5292.2158994099291
3600.6512406752167
5292.2146786138628
2781.0164689416702
3565.2073757756516
4464.0021883569898
4137.5199972171667
5292.2125312756143
5292.2156299726257
3803.7976078099155
4160.7200269011892
4464.4903779623673
3668.7691611892496
5292.2134826347628
5292.2134440659929
5292.2167414351452
4446.3497046755892
5005.9457706512976
3952.7374783300006
3081.9177516801014
3981.7268402524387
4334.1798636562798
5292.2112967272433
4623.5364482719269
4831.5749122810248
5292.2145940977334
4197.4459943060365
5190.2375275354443
5199.0947483033369
