1.9069664961088515
1.8326202877220352
2.2177475304467844
2.404715831779634
2.3248449787490051
2.2283875467713008
2.4881306587857206
2.0839978602389992
2.2446046560202677
2.1842347997724847
2.38246025678822
2.2829292681816069
2.2769897419780527
2.3213137252677054
2.5092515683363295
2.2620251788321264
2.3596534735767722
2.1932459159771716
2.3035900421330595
2.3773720231886184
2.2680583684897875
2.199623582728873
1.8016668145936825
2.0534984595414256
2.259743816232767
2.2669727023021187
2.2271869916631877
2.2440841901154291
2.3317119542564821
2.1577132323102188
2.0945646510056686
2.3130438585789879
2.355248988148698
2.273610781416961
2.079817220174931
2.4346386747108273
2.143414021118502
2.205553134010366
2.0509715558085819
2.0073144689757187
2.3208139242052561
2.1381870162410284
2.095596529285618
1.9414139220796094
2.4398470945338304
2.2182544849614025
1.9788189531432849
2.5064295577866189
2.2530817738877991
2.1817009152632583
2.1553962638244091
2.1672462466292011
2.1754529999552479
2.167862064745254
2.149643139798318
2.5049060667679552
2.1201808305295318
2.3601095240885992
2.2399992613539692
2.424875071305113
2.2549689327983056
2.3981633656286045
2.2158018701715596
2.2152126398893541
2.2788313312878223
2.1298547196042352
2.4252881488735549
2.4007882071521771
2.0147331855589425
1.9635582069385127
2.1350268388185141
2.0947833949939003
2.3885533360253683
2.0323297905338729
2.0442667367779368
2.3798080182870378
2.4246171445007443
2.3618674954283025
2.3335984380399348
1.9085616265365339
2.3292159430827213
2.0298409449840125
1.876460670753233
2.2187960825033488
2.4463291209960487
2.2580310397468861
2.4170134971328099
2.3868025410830938
2.0421831378732627
2.1995992271784814
2.2832485488206755
2.4116617591776914
2.3684956521461342
2.2476904916877127
2.3240704940199439
2.4985675004026886
2.3733859923247729
2.3208897843451384
2.3174112706321313
2.3614585432684447
2.4287263614746473
2.3149479327225646
2.1603929182201989
2.246953166311541
2.1087422488332117
2.3402038601851261
2.2533560174201095
2.2414857349863313
2.2308637859218772
2.3856707307535792
2.3234294971246987
2.3086415480931897
2.1776671829666734
2.3167854888987489
2.3690988176790735
2.2309925717024557
2.3831698221088478
2.096158297095545
2.2487136306695037
2.280050018996898
2.1832039037396829
2.2803213925205537
2.0971814458060911
2.0207010817353925
2.3453561795231272
1.7989325344611815
2.2584653363950564
2.3410086620444703
2.3666850974250173
2.1775411601137096
2.2693458308604364
2.2221775736502476
2.2491626958379123
2.2843481768294502
2.1663565632750288
2.2480243087213867
2.197449663634186
2.1445584185037174
2.1702614947502008
2.3708816089591305
2.2470255471078824
2.3596751451180298
2.1383114688519353
2.3349897127083219
2.1011294981878681
2.2556375739990022
2.2121718077294243
1.9999304309528636
1.9936120699403739
2.1344686376714606
2.0236853611340027
2.2788843196678941
2.2190766459783808
2.0011303298259446
2.3468053757954834
2.2893318504952043
1.9535338520992893
2.1043204541848426
2.1905716642187709
2.3163024923119342
2.0470949562278955
2.1884688452868644
2.2029084351012753
1.7859990095820595
2.2743698893380464
2.3426790546733014
2.1803826128434118
2.3072173727710523
2.1976731704182262
2.2260948706876111
2.1235616415981711
2.1513512631879972
2.0796823616434286
2.2580362336461537
2.203396300370227
2.1797950918177769
2.2615748799984323
2.2059841456145626
2.3445475228370034
2.2556782342075605
2.5079492816781328
2.4453831601782592
2.3311118200469361
2.2678854561721828
2.4259617429994904
2.2457274964592004
2.2353502090014921
2.5004561712002311
2.4093447437645787
2.3580671161571241
2.0265298671258538
2.202944744743299
2.4388873478144917
2.389790554589049
2.3109912318568075
2.1323624247137003
2.460566865421943
2.510524450119421
2.2204740163833958
2.4730721831391373
2.2766508996158366
2.3389553522506854
1.9592012283648987
1.725764366082216
2.1411404371447533
2.0128883558634572
2.0400012454502039
1.6974485698987642
1.7533153115843578
2.3800257866821815
1.8635944202017451
1.6561724137105807
2.2668241411619587
2.1055153822460126
1.803379370353873
2.0346617901878492
2.1731772786192405
2.2502026664988546
2.0186872876166158
2.2267466930005129
1.8392113194910082
2.0153332911204185
1.9250018822329167
2.0473038692790957
2.1942669442801703
2.2384388847645798
1.8347262415516097
1.8239257327642557
2.0101521835620519
1.9740057578986308
1.9276628377722822
2.2840305188825281
2.2662913160067797
2.1463344071459463
2.2676544986328668
2.2217095387833963
2.2296472563497129
2.3239727601053897
2.3371463605496032
2.2120403749545368
2.1331477097480769
2.1014125427996166
2.0379853714470957
2.0398199049951424
2.1329129112786558
1.981685138678096
2.1425970770015077
2.1951778948055138
2.0645302122985254
2.2749823615806171
2.2534064772460325
2.0637427327583024
2.2313151782266991
2.3060822584126939
2.3080494195675323
2.1927558473458379
2.1629271339131848
2.0376995204254094
2.0799631903671978
2.1279478301557768
2.2916345523072645
2.1873231873266228
2.2117473192699504
2.0133539155143478
2.0736841769235896
2.3372665775185872
2.322636161741424
2.2795190709281039
2.1952820957195622
2.2173533689073679
2.4303375739552204
2.0742477146813494
2.2490132875503344
2.39836834304585
2.4272317113722082
2.4242230329348398
2.4227705673041933
2.4191255365758959
2.3937046634204711
2.4646421996683054
1.9121897522344309
2.4551702188673254
2.4214302491700934
2.396703428386481
1.9542377850021115
2.3913412064507558
2.2479560893780048
2.2018027951977164
2.4817579741615576
2.4406426113390882
2.4468826238339889
2.1647153170523601
2.2276071087320006
2.2629681308827654
2.4408888301008789
2.4632263966736234
2.4517622310712421
2.050100980905226
2.4144387557459632
2.4582732141753452
1.8997254560943524
1.955110243647292
2.4330019549912048
2.3586017641495229
2.500192158739043
2.4548973209568623
2.3832261197768037
2.5003766623216896
2.2350627799024663
2.3975282504193487
2.380894567900774
2.4284300723635575
2.1073256095344899
2.1692733388925904
2.3851979956691447
2.3869709438447995
2.1545586499142888
2.4748030425304552
1.7972423071789152
2.3562308445897298
1.8987572701587134
2.1335290362358372
2.2507221194267033
1.4071053850228459
2.4560993259785602
1.560824631885271
1.6019712500549521
2.3969873046356471
2.3428235207538908
2.3636957830982892
2.2709649502460856
1.7226064725961781
2.1369689202637394
2.4526892849691735
1.8388794236630004
2.2568388097332335
2.350825798680336
2.4537883272532355
2.0923096711878642
2.1466001944555555
2.417808196894395
2.2050609529742196
1.9141819699568641
1.4675565980864838
1.730818551629862
1.5182780813348689
1.3914698957310399
2.4101562150367219
1.6582248802528456
1.5552518483081961
2.312471013987031
2.299290507704018
1.2313699073919937
2.3262152448109767
2.1473402864367479
2.3959283144955967
2.1879469298945944
2.355700126230468
2.1311646087799678
2.2230195778794184
1.9605622413146715
1.9721586321923006
2.2890172005026974
2.1393666041433974
2.0951657199050664
1.6217488138346445
2.1114646631332299
2.2999977453573459
2.1110230589708512
2.461656579459945
2.3205316752927732
2.2353924128054001
2.386520291663075
2.2148665553821347
2.248199175752422
1.5965986624312742
1.346729813124651
1.8500544664176355
2.0380003544980143
2.4511027954694495
1.3870786756247078
2.355557749538896
1.2816448477370399
2.480515651968084
1.9534108992722017
2.4764996774676491
2.402967096928919
1.9898990100358027
2.3026393730510208
1.4726912566716786
2.4370931037577268
2.4664516725555554
1.7191509188588188
1.7361896615637038
1.6517891899027288
1.7009876838038152
2.4000580768893194
2.1172645134032209
1.8341478197441416
2.4515817375434432
2.2756117028812626
1.9739802835431779
1.5256478863923126
2.0037839985801953
2.2872659785078602
1.4913528945353829
2.0767447192976016
1.0234471172654052
1.6564553941768145
1.5576603454052413
2.3776308378758952
1.333973349767285
2.1188294205729781
1.9009279806856285
2.4323626347172587
1.581640389953336
2.4712203278029596
2.2662953285980993
2.3250892201523921
2.2830900541857311
2.0904388730501795
2.4357559857026634
2.4632869966330384
1.8356050918946794
1.718605781974865
2.1737596776947021
1.9355576337674751
2.418497762234717
1.6939021136833179
2.0073063274754235
2.4376485351535893
2.260099529221514
2.3357988377425776
2.0640300789001866
2.1728486917899503
2.2933917762778631
1.9410025131044593
2.2671831801243361
1.7236055145379168
1.8403488012595814
2.3513229468628642
1.1337755164855632
2.2611038004900896
1.4853657216900213
2.4494918460565311
1.8197714662037567
2.475489646809597
2.312756404528252
2.0391409232440703
2.3344468589897338
1.7434141326636874
2.4694686630508746
2.4816734904933559
1.7210157132914563
1.7713570268292975
1.8902836216283034
1.8636315348376864
2.4329867903422673
1.8595655424211146
1.8095004249842102
2.4374743162075578
2.3332251645236868
1.991686001594307
1.6493937842899917
2.165900668956382
2.1391812567732038
1.5364400254193686
2.2351252290788648
1.4439102497422067
2.3105410904105699
1.7329126500501961
1.6778947395638171
2.1152944011809325
2.2565275322179668
1.6431140286018402
2.140188734686113
1.9497837195095227
2.2981406919922005
2.1003307179816968
2.1195934600084643
2.0418570033545813
2.0765295003064415
1.889548133049872
1.8495769843723981
2.2806904853088508
2.0542317690930791
2.1073843393979206
1.1981919405237456
2.0527148405504496
2.1817127362562299
2.3392050685983672
2.2761622481491242
2.2565471709168303
2.0405653125343068
2.2772448654046769
2.0722298953930323
2.1196206422336203
2.4037500488749601
1.8159962845795019
1.6792142702185542
2.2087711353458337
2.3702794895976149
1.4876959372809386
2.21863775498004
2.0799561640790531
2.4335739479979064
1.9704033470308888
2.3663789529081507
2.1841362312623138
2.1948894429279924
2.0214817770451852
1.764975481510469
2.4277026807532143
2.0452136124663758
2.2947079122797405
1.0859125950048365
2.0892777334765635
2.1588981337047115
2.3991059235470686
2.3717985033678128
2.3480041737004353
1.9589598987721599
2.3931851464095506
2.2424395694702377
2.0227204696860546
2.3955172922406813
2.3515797985159388
2.3571171870950902
2.1033525801571749
2.4304167304569257
2.1007475758109444
2.2875023937857404
2.5078596925702499
2.4858166988907029
2.4199960957918223
2.1782549243002429
2.0967124183012844
2.1274898208752795
2.1565885611764566
2.5142307748428534
2.4818427992116279
2.056155370309575
2.3712636811702774
1.9870729235655227
2.1559220714964895
2.2669249008441263
2.2420302904734726
2.3073855202157221
2.5150218009222343
2.5143109471738612
2.4088571595171824
2.5150220442195024
2.0756091867975304
1.7037827478756082
2.4090511861347501
1.6441452459243007
2.4706520187029097
2.3361221934788068
2.0043489289804
2.3954342973527991
1.90989137364731
2.4237993130789683
2.4752775225129349
1.6633684331516325
1.8512099288673749
1.8766751038955896
2.0225976672856314
2.3717147768983504
1.9397295501215139
1.6110009250168784
2.468748778533552
2.1566413225369723
2.0361257676338087
1.8143914717590732
2.2780382059705011
2.158705311543951
1.8974992990292059
2.3018755146282013
2.4788206952417871
2.0825117000492162
1.4930615823627431
1.8430859776726545
1.9941543879752404
2.4632863913577432
2.2742588451829766
2.4943850622136203
1.8006869171418567
1.7609213964776529
2.1915309475895146
2.2043890717407399
2.3309191917433218
2.3782365791254789
1.7960593111818803
1.7158606559772183
2.2424538760720796
2.190640987323031
2.0163108338165183
2.4765590479738684
2.4910408576302618
2.3495252489651701
2.4873895470274845
2.4690213975568835
2.362209083937798
2.4960895301850816
2.3350877391687859
2.5030686480757498
2.4921801043233076
1.7945732285617555
2.4235871458327152
1.3739580899032147
2.5020447382250715
2.5027599693644951
1.8765635208463374
1.848841907117907
1.5216234207468349
1.8644856433582004
2.4504973104210852
2.2022337887435546
1.8070722805121378
2.4931100598453679
2.3895861408358727
1.6140780276005773
1.195963364088011
2.0759032245721154
2.1196291696668621
1.4754743434346245
2.186388823443266
2.3835755973323409
1.7322729264720702
2.0649711101700294
2.4889335980353331
2.1417402211213967
2.5053550055358009
1.3911500101587344
1.6353723618211511
2.2831007314150167
2.4346598295913231
2.4554478807707962
2.5058661524624042
1.4867424998925114
2.2778989526900935
2.3690892140804802
1.6015573520952555
1.7812759363412634
2.4787584096962032
2.5045556965958564
2.4215477077218046
2.443277233338196
2.4826416974856413
2.4378400933891733
2.4251072776872724
2.1318757826267358
2.3124147361242304
2.3163607818249758
2.3510615552293523
2.3579383933645173
2.3581606230139052
1.9203908419582776
1.9846247824799701
2.2484398476940912
2.1167594417106783
2.2819764191797076
1.7295682104468983
2.0879037602560766
2.4384217880743502
2.1157721812919097
2.4320841187394069
2.3738144002711854
2.3471235864563913
2.3912541416747395
2.3018591221271159
2.4051756075593897
1.7957733923963659
2.4438421636030028
1.9377142716979143
2.5134538278106704
1.301687859361587
1.2251380927350961
2.3702907340323462
2.4569730494289739
2.4646238877917725
2.4807569547981911
1.6322773887909023
2.1303253720788327
2.4412738879401505
1.5857220159304397
2.215576094457071
2.4929384325134309
2.5115207957723618
2.0507425389821758
2.408273486252952
2.4325026274482138
2.1080137905672056
2.3566227237499242
2.2177076996795502
2.4954703498292257
1.9656299795861287
1.9947102177498033
2.3356923061506247
2.3903885373011318
2.4700149720015649
2.4336507037502169
1.9463208867801913
1.868133189014668
2.4557995258966039
1.9261648722387485
2.5047654549527323
2.4339748962323369
2.4904231556126626
1.9900504355635866
2.4069953097917596
2.4031693090168322
1.7971873922694568
2.2802553488140118
1.9295044388766647
2.4746753008441589
2.4488383868943129
2.0892577959389325
2.2643140477083596
1.6837604580028378
1.8082186169137515
2.4352164556483373
2.5072688968165546
2.0783102242406333
2.3935309257107256
2.4179235388420373
1.5365176849305247
1.9562252626272973
1.9678309657098882
1.5869538793007216
2.1219051818070636
2.0882849846769345
2.4173263356236903
1.8268311674037883
1.7240071516647422
2.3548387222910878
2.2067107816299303
2.3495124774451384
2.0766197651866452
1.9386591061409741
2.0397777016842689
2.427938270044518
1.7238980052206061
2.405857905369337
2.4075714944385784
2.4418846248636328
1.817624268419165
2.3079122706178694
2.3683712170609654
2.0279409986213577
2.5124182301090423
2.5150229703297153
1.807165169504924
1.8104682235623515
1.4991767140730698
1.8829447732920692
2.4860942130082977
2.2532130062835534
1.7190593061871347
2.4952439559736339
2.3954345476231893
1.7026318880952578
1.3336934302116736
1.9481117601267106
2.1339002411766654
1.1807358472101723
2.0962978351491679
1.1714547172267455
2.3594742078883697
2.4002979442327268
2.3381871919326036
2.420936474873435
1.2149828605135804
2.107825655815434
2.4438274702055671
1.7132921513635406
1.9522412892960521
2.4989575541560392
2.5129699627581989
2.202508436207212
2.4500153998114356
2.4663606558374034
2.2265259263930881
2.380133342086725
2.4039762276617687
2.4152511488518282
2.4156631846015331
1.3939458241869456
2.1043693497068148
2.4586820099407642
1.6788189363264958
2.1085211065433493
2.4974979182586328
2.5146170073812808
2.1701133322210522
2.4366668375623406
2.4890869134315849
2.2385895508390163
1.2511234455128097
1.9474561924540854
2.0001592755117201
2.3140964375361248
2.0535870548784083
1.0
2.3133056611539353
2.2695143580714596
1.8109370250295094
1.9739858919200897
2.0445606479935465
2.2028486194452244
1.9558732317532157
2.2091834317085852
1.8357227815010821
1.7440062123025124
2.4039158233001019
1.7770880379453513
1.2951670020800823
2.3756973995643769
2.4431762864370903
1.9405860211342247
2.0227677863483868
1.6253268187229746
2.4598831333400177
1.9132605686424358
1.920790898611187
1.8885473307412677
2.2955987483518556
2.3504501716534452
1.8692877069286999
2.4627268630896086
2.1506241266058916
1.6623703660289786
1.6584612155575629
1.7841296851482742
2.1179723230080238
1.7014656302686824
2.097155453012657
2.4206970341727292
2.0598786928799542
2.1456946808759274
2.3948896829278139
2.4155229339830879
2.0345238604969729
1.9535238975859086
1.8468863141932579
2.1168616668424569
1.8084010547934311
1.9621798475598466
2.2274995544092935
2.3730242668763712
1.759982564581539
1.6992650688190833
2.4286804783009486
2.4647121582870088
2.3451503163823584
2.3983844462673858
2.4550615022445199
2.342207899717589
2.0944739019776923
2.1542811645372897
2.4603715212802268
2.3748067348037627
2.3237614163737228
1.8972188892654951
2.4676269517172926
2.1001024157141144
1.9744846073012183
2.432065840302168
2.3430262502010382
1.6099630905680566
1.9051196508301447
2.1007705772822756
2.1924150808266805
1.9733813215080183
2.2526388468569869
1.9900754578149633
2.4730253020877528
2.5034452954457072
1.9301762103394753
2.3427570739713515
2.4413364213265663
2.0467906959241828
2.4376294938454373
2.3580946575556245
2.5143583387907023
2.3284069056755525
2.3879872227478756
2.5130192958256683
1.6332972880310621
2.1198012366254702
1.7042108845120469
1.8256555362096276
2.1890836233222948
2.2174411418987092
2.0181240813487267
1.2259397779860186
2.2331515755569025
2.3655878364541518
1.9395661431582571
1.0412130592605666
2.1784116863044165
2.3642214852669197
2.003281815708954
