5.3171923265752534
4.8553646406279958
4.3533124575934128
5.6479349146046554
4.9593654723521778
5.153617505506416
5.4653674028779307
5.6438787840469864
4.475961765799167
5.2313364430608882
5.2437480308982574
5.2047109665665312
5.6622880147231145
4.3174429946685642
4.8224703119012675
4.375006384725685
5.4007113972709142
5.3366405497029543
4.3172057549817433
5.5500615988764705
5.6720605839540426
5.2781830532249625
4.3210306502096296
4.4054475819213703
5.1344105934024569
5.4457397844950544
5.6308245135751029
5.6635080555327271
5.6279240991263082
3.9756424747125618
5.6744533800911423
3.0733272957299809
5.4707226063411545
3.5393116108455107
2.9756783918974699
5.557698022396675
3.5547762299961088
4.5837659827432997
5.1855401682611122
5.6649055296215867
5.2571594032915714
5.6855513310081403
5.6881601487259452
5.5524766020642726
4.4579234353738384
4.699971253037786
5.6675115120335606
5.5640765850433054
4.1964440777774952
5.5379198132798777
5.2867497555568006
5.6806037903964937
3.8011618021504985
4.0952308047949666
5.6902312906865706
5.6193228880042181
4.1791860980295565
4.4732623056826162
5.508641122986897
4.7598557740691083
5.0643267393765505
5.3334718902125822
5.5295063494076686
5.5115105565128131
5.5781256978860636
5.5573783276281965
5.099377380296148
4.5292598750271047
5.5769100555763123
5.594571351675345
5.6087159295057107
4.7258336761630018
5.3968804724556367
4.3570421394981418
5.0144459799614642
3.7032857988721366
4.4763138923548045
4.9238041735937399
5.1899727740469483
5.4502774223919923
4.0271112092038415
5.4999566886209461
4.9002965339803604
4.5188020092765129
4.36473502641359
5.2892204859296923
5.4389463687582706
5.2234578750481822
5.4930935077728025
5.601685967464884
4.4395987585876746
4.9543612009000073
5.339073435253308
5.3133882136479169
4.6230309857323473
5.2955780634421172
4.9749553910081294
5.4153359626268331
5.1738602020101414
3.2510087871726157
5.1114884703514027
5.2719052293046227
5.565728519179717
4.6867059762929388
4.9586934322232539
4.5327060806886763
4.879757472201236
5.257872368808461
5.5083955536471505
5.6400912152021085
4.3504521637023759
5.1940044115669739
5.2799533194891382
5.2501081719690301
5.6524051712725081
4.4669173518972807
5.5032251282905502
5.4264997775130857
4.5826154979128262
4.8871192359020039
4.5641381107395933
5.470068036509713
5.1191956065514752
5.1615158043742149
5.4001194274859134
4.9026082373389706
4.1820580497636257
4.2238413661549377
5.1618119940982767
5.1126252418406573
5.3094239272824106
5.4319288302745363
1.7485467731092086
2.7310110513357548
5.0805234999992912
3.9183098390155275
4.8673190791307182
4.4725150224596453
5.5641957344381323
5.622818718118503
4.1691610043310918
5.5128913369050796
3.7457876681396129
5.5331103867401517
4.854619453899045
4.1088092080146223
5.4814133703762078
5.3543446443605625
5.6117332340248405
4.7451222553934649
5.5258387221406311
4.2674250565350693
5.037956039623734
5.5824257280127849
5.6288224729320619
5.5087511389661969
4.4727291084140877
5.6182320636402574
5.3295389280014192
5.6235875836608775
5.2870161474826816
5.4656732097510066
5.6871725557610189
5.4301896572897137
5.4059622149545694
2.175402731530006
5.2583005143219914
4.8467108033484543
5.6884948547575682
5.6854853989021477
5.5717531274311058
5.5130179887143518
3.7401780537793075
5.6899344053307583
5.6103493819654924
4.962335653185149
5.5448530377142369
4.4838351304196733
5.6919766490548582
4.5702062149268787
4.5684442195429469
5.6592644655762321
5.6411137287241599
5.3440874956291182
4.9535473504887451
5.4651980674779264
5.5797586264047272
5.359127292410129
5.4166551940882419
5.109288212025759
5.667976701143715
5.5043388946052847
4.5408941112499468
5.1270086716410823
5.2543579838074015
5.1328853594451802
4.4875390131758373
5.0802120878431785
5.6744969555975837
5.6883680575874234
4.8856356903945111
4.9846473066037147
4.8488273313786365
5.0949949052194556
4.8825429702926604
4.7317169757451554
4.4547657238659104
5.1289859676520155
5.1802262206634895
5.549622362495878
5.4128069407293182
4.9664711023573043
4.8784655237897043
5.5950473735207202
5.4858089779665216
4.918371302003302
5.2117149965245586
5.3341532599965626
4.7594479248747614
5.4802142634530231
4.4053015136013247
5.5417881685068275
4.5538821730468877
4.3990576459301627
5.3047779035413178
4.6526873956363692
4.8330262074299881
5.1685772775188026
4.4731374339162704
5.6882890121804444
5.6321201992295116
5.0296609332065874
5.463938341513618
5.0752285364965601
5.2988924498220698
5.6487327751580807
5.3024927415978516
4.7070756712382646
5.4296706937468855
4.5025181821950886
5.6300062335371486
5.1311798929146981
4.7915729512884901
5.5033148418656257
5.1608422719252411
4.9862884144330968
4.5966269031342373
5.0640975067564886
5.0112995068428843
5.2482111921268846
4.8626316134246448
5.4117325785720549
5.5899706676910998
4.9774663863636057
5.3536849237677382
5.349078949752359
4.9804471193823794
2.1188007925762844
5.5216637026215576
5.3317547266963699
5.5830709057781052
3.8766647842231872
4.6480450624488236
5.5740720174510185
4.8556524279537081
5.4022125935374818
2.8020024906017262
5.1264845536309753
5.6560010977956257
4.2594584458355982
5.4466906065962268
5.0714769466492156
5.6065095342429982
5.0579621316726335
5.5748960455600178
5.6236205976846776
4.6248267818951296
4.7726037799296765
4.4963605188879203
5.272204131665017
5.3756928706708136
5.6023390800021682
4.9314847222837006
5.5452198719981114
5.6783491692348758
4.8978561187044374
5.658687483824635
5.0873125780282864
5.1496060089435831
2.2669524346236916
5.4754642242058624
5.446777922334757
4.3249305022199431
5.2792009293075521
5.4884595274270405
5.3504821974222869
5.4134650558621464
5.0932346689956463
5.5555570037295183
5.2242648706005879
4.9734780250314632
5.4901830880643478
5.6913996319041225
5.5459309388468085
5.2242173802171896
4.4880358829181048
5.4366310232043276
5.6133778973143462
4.2304928746135948
4.7866501530926913
4.8614872631133208
4.9954049318268678
4.8333028200173063
5.2557171808441101
4.7763166822551089
5.4989972050452431
5.5113662950508049
5.3889458891427946
4.6201249852100927
5.6500687516187886
5.6642914217852312
5.2758072701585101
4.9230324862962389
5.2695443716344554
4.6394371440878333
4.8492844253489524
5.3134931033502575
5.1845840683344377
5.2732643211989201
5.4050374568848962
5.3845500388161263
4.721102064742011
5.1910526168598867
4.8312640576950168
5.4522048959956475
5.2730386637129358
4.9518490144580518
4.8987149893315198
5.0090279183567086
5.0774364211078877
4.9894596519026768
4.9620479452345805
3.7460718770358303
4.1601987012054593
4.954726158287901
5.6223866514796095
4.7718101938231703
4.9402518258438048
5.4532035104490362
5.4057337283737237
5.6684867749084109
5.4009430667904867
4.9850086982785777
5.2437610695254486
4.2731466812016352
4.8453098984582752
5.5473976595070145
5.037217396172128
5.0959022491037818
5.4017309870070465
5.2053978397059941
5.5321021993624617
5.1382575248620297
4.8590643061999046
4.9859443373273029
4.8193958492786404
5.4456337212257404
4.7497917010788679
5.3060607558895949
5.1014614936478582
4.8770023880679565
5.0578109486838203
5.4385959594821172
5.4468802242576819
5.5145120676936479
2.3585580623779285
5.1388967252471343
3.9491104465235574
4.8851902243145942
4.6353933416091797
5.5907345297942825
5.6262983399044222
4.6339217293424895
5.3861226289886437
4.2411947198096049
5.5517805565442302
4.6150441496145236
4.5659173772041637
5.4644793529386479
5.3949049917796463
5.6358457676133966
4.4976582680387871
5.4630276571541536
4.0980953769417656
4.9738927067697309
5.5778091370920526
5.5633144960141871
5.4091365222057259
4.3364821086768206
5.552541734033329
5.449345726915868
5.6603373460887862
5.4285257193441607
5.4621369203592014
5.6827892552670898
5.5427612056232221
5.2248541029150175
2.6075722661024781
5.2973370875809795
4.8552031240126157
5.6894324137630683
5.6142935278001005
5.5798856621236128
5.4141317511172922
3.7087357715204301
5.6889604420721591
5.634451072314266
5.1812141117601831
5.5406843936630583
4.3726908782083997
5.6899613377385698
4.4706160905793961
4.3991102632450616
5.6853891646421308
5.6722555383588871
5.4789364795519875
4.9853578403677332
5.4558238021395802
5.61841150167976
5.3027803895863901
5.5341210504241536
5.1332150919889008
5.6461022784167758
5.340703859967836
4.8353289387371454
4.449081023575328
5.3240104989257739
5.0652914340818045
5.6340579720762607
5.6125144164936041
4.8899218956497172
5.3541117559525766
4.4829896869235926
5.3894592894555062
4.3111883558881994
4.8898714187631418
5.6303053406669008
5.3314065263732413
5.5493239805877366
4.9473593074421078
5.3614469063135353
4.7337125996180731
5.0449368882954273
5.6010344237645384
5.559160639779221
5.3828938162807001
4.8096230189881526
5.5079718095927443
5.6248886742994602
5.5041917264662077
5.5988459362834977
5.4749326695599967
5.6914884183002767
5.3463407553069473
5.32499653433237
2.4317913175367569
5.0390373874020282
5.2875739519788016
5.6735766739015716
5.6089747852098153
5.4395641607100558
5.4361198848578498
3.8884552568275326
5.6880750585281215
5.4521183338351324
4.9411923888661828
5.4629045488683241
3.8402123815309901
5.6892658604217878
4.8704160600114133
4.6311458678550546
5.6152365260533283
5.5266706219453603
5.6797425511181041
4.7988859178420871
5.5195325033946512
5.6858024103147295
5.4804814164111164
5.5554401824754098
5.1887996027388521
5.6518536906614676
5.386620960770844
5.5738119244126461
5.4751090912387683
5.5054655638861343
3.9598514625074941
4.6163386979446992
5.5758511020915913
5.0908555570475107
5.4317447533948799
3.0664066613130712
4.9023129386293389
5.5944483903581803
4.2715756625400818
5.4734440905547901
5.2239954170065639
5.6477098393922223
5.2412263646221131
5.5785781307909748
5.6196285281009555
4.6546068771173061
4.830697239546657
4.9404033174628657
5.3346632419546927
5.2142790229538347
5.6147756281953702
4.9368295040141401
5.5890228195969058
5.6880383673951833
4.7767788244040936
5.67578293591224
5.2306700355813929
4.8756175456751354
1.523691492669778
5.5803222633630254
5.6169191411052841
4.4782617279377863
5.3972616192118847
5.5959203040274792
5.2328158602600858
5.522958265536662
5.3147834521330104
5.6110037680964737
5.3553008422944686
4.5870270729267144
5.5975619161225243
5.6901106663278274
5.5481010997113529
5.2129693926340472
4.836002763818664
5.3177773142545739
5.6504267535587314
4.0766202803306761
5.0586117508519104
5.0962304530104898
5.1010352891991158
5.1239176789573255
5.4207042448167382
4.8846430918207231
4.7410057518348996
4.7843187077458662
5.4998774190754309
5.3718736926779833
4.0020555909137157
5.5204733085852853
2.4809680517920607
5.4793596015421793
5.4143828935651239
3.3438131883287712
5.4850441171494184
5.5104352697747228
5.2793192865881204
4.3467133959111228
5.2905490619796076
4.4250327561547778
5.0864767819886634
5.2865553751545589
5.230367177439847
5.477332064671101
4.3090832086800921
5.2563761033262395
4.198986549212437
4.7219921859377472
5.161696979183974
4.7991283110454903
5.6905809489409647
4.6083551684981119
5.2690817690482943
4.4604956447787556
5.6393614795207965
4.8189986211646092
5.5219338241060747
5.4307566490853709
5.4192392810929633
5.0958296131444545
4.1847429298922716
5.5831988845212273
5.3991992527347774
4.5751733101732084
5.509785148587552
5.0369336869622501
5.5894481437944883
4.1089852374450535
4.558298202134579
5.353786847064141
5.1742996974182818
4.9543959265030866
4.8021762209379268
5.6875285769322943
5.1380176422788635
5.303734702690825
5.3785913260882863
5.3796670529316328
5.6704880957036368
5.5020389401149927
3.1112697553726867
5.1503255840811475
5.4576643485945109
4.0948812226892164
5.2424040213958456
4.8589473951762647
5.1408266022837994
5.6460935302186286
4.3003089571075339
5.0512595169797674
4.9699714378788542
5.5335947710109421
4.95102420354399
5.6001544528103944
4.1079073264174175
4.8392382339074222
5.22440032385144
5.0416686289563364
5.4835584315095964
4.8992194437909777
4.8764788994014863
5.3471041077605168
5.3630177950060034
5.6281488463597658
5.6614856227577475
5.157614595655688
5.6525172442751899
5.2781746121044524
5.1757537833533771
5.5198169823858798
2.2493736072867705
4.339626115314239
5.3059454568201705
5.6493617040210991
5.6178437085640303
4.7826462704431414
4.5592310813591164
5.2934086582557098
5.5798124999238574
5.6286364016826447
5.4677252362662125
4.5988029688749803
4.8184678262008109
5.0613421224901103
4.9189458083831177
5.5320311616068683
4.9916546189886484
5.6589492273929016
5.6155315057972643
5.4383497188707848
5.3564497763056931
5.4861911513520578
4.3569715886867559
4.8188630967742752
5.1231587747616816
5.5977533064542779
5.5576417302556971
3.9527630828940614
5.2953384665206711
4.8231798060539797
5.6149853883154446
5.6499009502604851
4.1930483112733112
5.0197733812377194
5.2197360562862203
5.4832175747977594
4.973667425522704
5.6793779450981665
4.2977653733134904
4.1612332990014274
5.4690129425078826
5.2947952387518011
5.3101060213707116
4.9238916635495018
5.1514515285234825
5.5826815667207983
5.6014012045938548
5.6326892835939226
5.6880374520845063
5.3676328289551041
5.6908619520672827
5.1502701234626667
4.8773178870674077
5.5830761268068603
2.6221762829481712
4.7183754173845376
5.3384902440146744
5.6909566723238232
5.642027822594808
4.9000844511490671
4.7820068101242059
5.4608378582753616
5.6749661953435231
5.6770482275056668
5.4214593871051724
4.8079330315253603
4.8871107965987699
5.0469159833425854
5.2626057601904446
5.6757978655626848
5.1520364121907676
5.673799950601305
5.6527543000375537
5.4076453931098252
5.4361290261822814
5.5351752274341441
4.7070618634527994
4.4014885317736825
5.0145121394090442
4.323536699331787
5.4824646144929012
5.2041594921201151
5.5273931140640116
3.2255232018949695
5.6250169702929123
5.454253128154491
3.9137757510362263
5.0880737159773481
5.2888463744455692
5.2932652667843696
5.307418337446701
5.5935350229996628
5.5977320473876437
4.193329293246677
4.7197759694295005
4.7733857954587338
4.7800804826783638
4.8277051109009417
5.392921270072093
5.2992122550000058
5.1145419403508861
5.1942592380605968
4.1346446610343586
5.2536055379101869
5.2511747197817353
5.5936486407101986
4.0662420147330147
5.5902441376293304
5.3913411600498131
4.5553878599754887
5.1668159650015681
5.2720585421762767
5.4507640771021322
5.1042679125920118
5.2196440423092945
5.4137369318785078
5.1400425270586672
5.6086649093752783
5.2315816187038742
5.2830932587944881
5.1796754414588193
4.6846329082936302
4.4125465321291681
5.1205292618326936
5.4947127034320955
3.9147882089595636
4.4884699225466314
4.9776192302223112
4.8400499078408883
4.8535519288186046
4.9560394321502157
4.9550026856181395
5.3526227484106963
5.3565135938227337
5.0797004274271611
4.5250238684877386
5.5910014697700881
4.9489207898494518
4.7454288958425543
4.0521682554471905
4.3866219721716631
5.5923655833640957
4.7588452475544676
5.6071094816779601
5.6180909560796755
2.3838457504696917
3.0581767103437549
5.4017331136867899
5.5345423414576578
3.4943619080554846
5.6475047136903935
4.7630120402383884
5.5623134066731801
5.4517257621991551
4.2410370393878898
5.2899832709236785
5.5225737267487887
5.6322106503301885
4.5798799525863627
5.5022327120419909
4.5156304526537392
3.1383403253484672
4.1735923773768562
4.3807673152453512
5.616534411682836
4.606288543167536
3.9243161837174854
5.3877522171830972
4.3183363269150128
5.6049452630516576
4.3658367229210908
5.6240123388258665
5.5595182786012618
2.9753436082471674
4.5058183176961482
5.0288416035872832
4.8749699059495901
4.8080140546290799
5.4246507322704867
5.4477476710228041
4.5587489666442291
5.0360181097606738
5.1712046358154113
5.1962850593830803
5.5232830432372815
3.6188899543765691
5.6154477443853406
5.5870944979373371
2.406342003827886
5.4274924570905645
4.7781108198695046
5.5590720657076309
4.6976896464944904
5.4523505520358899
4.5922445999102788
5.2729702900918705
5.1685306011159344
4.9076560028011214
5.5323611322408395
4.9122766922388559
5.0760956532395936
4.8228722340663586
5.3770425804698752
5.1102530373860366
4.9184985402835704
5.1546047199563709
4.8820136887784695
5.5218398815209282
4.710797061729644
5.6337133732537179
4.2098310999810904
4.6186739185416972
5.4196195735490855
5.5210737974516464
5.3274387097053211
4.883413343542923
4.7158261420399539
5.2532535619994833
4.9434511916049004
5.5380199014310207
5.3775385999638354
4.6571205233525017
4.4731951425373611
5.1533869871060256
4.9286017090068786
5.3762509994214183
4.5928654797452442
4.7252205430802885
5.6886037441293
5.3559602239050186
5.4096433103056834
5.2658646242637337
4.6463779547797861
5.1514937470122897
5.0936161053635285
5.5672092488373632
5.003954936706597
4.9953307950284902
5.5470969094728888
5.1053915740522831
5.2439576384196487
4.5967741536724311
4.3809110821574118
4.0116189732654979
5.1624150441438301
4.4583634119372855
5.5225155927035532
5.2300902379355101
4.0645383499925423
4.6530520001473956
4.8770342132298996
5.3110870486495569
4.6614984674212208
4.7192120233920054
4.7903922635616345
5.4279058867716001
4.913940441031265
2.2860761120880011
5.377154378653513
5.0803958204515487
5.2667385143785515
5.2526570544394229
5.2524343076066859
5.611571708631061
4.0635467227510738
4.7858862723985442
5.2813808317306794
5.4688031950444342
5.026162274732167
5.6298773456377438
4.9988789264518667
5.3713108617431358
4.2971460397279495
4.2077023711963939
5.0686098225091181
4.5841638105533606
5.5509685661160937
4.2738626196910356
5.5202613152544329
4.9567852844561875
4.4440752758403415
4.9759876292701026
4.9728698123978123
5.1770443945610145
4.9062306554845279
5.5985854411543832
5.5385805179140135
2.9919041063308498
5.6055226911677822
5.2472598863568232
5.3327657294822881
4.4564481751716922
5.4305512753282734
4.5943341991054902
5.0025089440660349
4.9954232726236034
5.0062561074766405
5.5147326566229493
4.4823598859140699
5.2106671596449861
4.6357878973060149
5.0815781525430728
4.9684233209019126
4.8332488843735373
5.6656488450653733
4.5710149928796833
5.4013775616602615
4.291106977333925
5.572811530884576
4.8851248457684067
5.2638344148858192
5.3455978214531905
5.19569899219821
4.8067011108779134
4.0829525218954874
5.3474104939179021
5.1577074613178269
4.531738423290105
5.3195120366207682
4.9909781521006513
5.351777138515688
4.1023471303247936
4.7220392189530589
5.0345210364002861
5.0342867943888701
4.8309660921499313
4.6156263775644835
5.6737289849976325
5.2430873967769163
5.2389113636759443
5.3382035542560331
5.4192927180793777
5.6444577827215197
5.5743730701826637
5.3554836249902307
5.650223186631238
4.5497869028978011
5.1790510979885926
4.832372938896869
5.4315739817612698
4.4958637705841005
5.6358098475790532
5.6645268755422915
4.5578327734398494
4.7944326478290593
4.7472519568501808
5.094253784729899
5.0898972654321586
5.0388821376132027
4.4378830523976909
5.2304213380458986
5.3008125453521124
4.6755624638724074
5.2969169779478484
5.0491116104267961
5.4667328452643451
3.3395875082840361
5.4927639010492424
5.2923854947662328
4.4917478906773853
5.0363917735222756
5.3824237327132955
5.5343978528245339
5.2316274877367492
4.9566791469873399
5.399818296404499
4.9813653580320265
5.3436870811875981
5.259868496843878
5.5736335897727303
5.3872756967594251
4.9359095954523591
4.8316590304270708
5.5029895820585075
5.5049464066788536
4.4366312690049945
4.7654591439395348
5.0041774472344072
4.6838788653808168
4.7481399873119825
5.3067780940412597
5.1147073802889143
5.6027174643801736
5.6358470967084244
5.660491534927397
5.649683174041372
5.2396736836275553
5.3391898720106736
5.3036226611079522
5.0741761380509249
5.5838439546745748
5.5998333681663786
5.069755743245981
5.3320345750230986
5.6267299598858225
5.4284874107002308
5.6438368675918857
5.516593487705153
5.0565628866435013
5.5967059662134533
5.4318195858603788
5.0191411127153298
4.0890039277638675
4.8777699081069876
5.633948458165027
5.6757729708902396
5.502980097429675
5.4875317911346135
5.2859090293553699
4.4777817154270014
5.6803996297745236
5.5848637576470388
5.6344224907231863
5.4161091368183563
2.7964358574315442
5.6803231619005388
5.1821186289738073
4.804905352080632
5.6718877513442658
5.6530292208883743
5.6715988618582873
5.1299720548771433
5.5150194899764671
5.6527497860351579
5.3778039699055604
5.4206102422465676
5.6025119905384591
5.4787494978362226
4.9622358732462839
5.4297022891273867
4.9405259049176538
5.3834049124342931
4.5655183961100976
5.4762459560359416
4.4711108182887296
5.2234594311010634
5.1288281598394816
4.8785976830538269
5.5072535738676898
4.7331492601553462
4.832339407312868
4.5853889560973045
5.052208264218895
5.3303198465216992
4.8507636878996285
5.2216953860076565
4.6217092186195101
5.4837278423890714
4.6845112895069416
5.6162793228877606
4.2293416576477707
4.8548515535237735
5.3105858748419221
5.4442909507055477
5.0588099732523792
4.8886987390151413
4.9811427748766519
5.2643869867994582
4.4838145947503163
5.5535984572656005
5.3828306038654841
4.8657372863426298
4.0079920746809821
4.9865576235034128
4.6668395862489076
5.1082812875763643
4.3793858933547378
4.7442931979324614
5.6858691489495747
5.2967550386969506
5.3854481615181919
5.191353983364615
4.9027082676318336
5.2345421029306323
5.4076375176092419
5.4078108029050371
5.1867904070260691
5.5127174444650375
5.4126934776516054
5.188937898702882
5.0276820342743722
4.6229527313559675
4.7097443174705198
4.4245696074949903
5.2799579277041859
5.2428591513451064
5.4990339437290396
5.1893575352015384
5.5807258230607255
5.6769629629221443
4.3585765700943044
5.6868839426227904
5.3350866769003247
5.6176851840620037
4.1079713051025593
4.9490499707166427
5.5592103865251685
4.3555004677131031
5.4723009799903135
5.3385642358922807
5.4922269944578366
5.4484879442161134
5.3606741345155342
5.4762210697152316
5.4601869678475383
5.6792377101602671
5.4980368724667228
5.5620690635665948
5.5442716137953285
5.0126979915635648
4.5014872314055383
4.9991927739609876
5.4653263643934364
3.6064672204906318
3.9238900108666455
4.8588903877395477
5.2085106460771957
4.3652550785014688
4.2105051593602578
4.294466751723113
4.7840316405461829
5.6688852851573426
5.016956242898285
5.6419068321263683
5.6556572529762521
3.809685696992577
3.892238526685639
5.3892983912145311
5.6017185648186576
4.179942030751997
5.669075724070038
5.188531908431167
5.5770553395951126
5.5871065184758617
3.9159186080479804
5.309811917837191
5.4178637328481303
5.3601404426519732
5.4690068616144938
5.2879922502998378
2.9993073645782991
4.7032594046702352
4.6318026213597063
4.7734967840260705
5.6923015866097488
2.8697310839890631
4.6432800304521038
4.8509623524693124
4.731019794657696
5.6916766533510428
2.8607626222288367
5.692299885554176
5.6158915640780771
3.7366894577512006
4.9533363452079904
5.071691783411084
4.7618283725314097
5.3513133482754149
5.5108680481636565
5.4927328977859524
4.782611353639787
3.9748106438344277
4.8828027069180537
5.0599829985028384
5.3548290263334613
3.4128047982161314
5.4535129137781624
5.5396947306043662
4.4595114414400223
4.4208222679944438
4.843592925637207
5.1206859771658184
4.7686565313757718
5.3039239161710237
4.1153660996573365
5.0675855722457728
5.0048596794552989
5.298811144769771
4.8144580638295169
4.8184185065203389
5.6148222066540381
5.0996253734006931
5.346632458344895
4.5482667172382261
4.5235200181286475
4.6220582903675176
3.2432632416765168
5.5262915627617124
4.505445699992972
4.6415910101945022
4.7678054025079133
4.7652830794435364
5.6545914474558874
4.5076337536352504
5.3805650095710744
5.1690079985013284
4.3969170104714808
4.4625474725416767
5.4758387832468225
4.5184784506426414
5.4759493132608092
4.773500901466865
5.0253623218955097
5.0361709231642564
4.9055113181232963
5.5543852291273028
5.2805042371590014
5.02734735685328
3.9932531936986853
4.1148746999665526
5.5718846037785887
5.5780277699117846
5.4926403917020021
3.6574939215088946
5.4532939240784586
4.8017185249717986
5.5135034097266002
4.929406859667794
4.2725117399185857
5.6550081228024771
4.6405056305781924
4.274137594794734
5.1115530289300297
5.6560069634379184
4.9651764270623584
5.6811841934159713
5.6789390789976588
5.6917485246567159
4.5252552777881876
4.4777802780378169
5.6748670058669362
5.6923014961308525
4.9997467557180011
5.6923006009472141
5.0523377360481527
5.6804650647807309
2.5192769784048732
3.8146308327281919
5.6290767638730497
5.5892722978008829
5.1428913544435009
4.4505515388549073
5.6426743253456468
4.9507569601184827
4.9437064782678171
5.4536317588958321
5.4076208760063142
5.5387886418336549
5.0543931086742226
5.6064210129679246
5.544766127372994
4.8210343310318011
4.7598901518170535
4.9622516749820322
4.7431128353392111
4.9561175322461137
4.1513970889608416
4.1673106234358999
4.487594552304718
3.9816186873817268
5.301305408869732
3.8934139241382368
4.0572342299084649
5.4184664513680181
5.1858566427693695
5.6537094289802541
5.0715204131078888
4.8739206729215523
4.6419593969266844
3.3434409788115702
5.1976241241332257
5.0345860110467395
4.7366413557618241
4.5312952701760576
4.7700043450723282
5.355148563111781
4.9660018391931846
5.0291378966817133
4.5367101999784625
4.8641602446328713
4.7497434576958133
5.3652557784700665
4.0042397373897023
5.5257209908985407
4.8663251683386646
4.9501199226350341
4.9001768390412375
4.9191000422173028
5.6365212056554199
5.3673821782358662
4.1116824987515992
5.5209668417997824
5.6777439882861218
5.6861780178058821
4.4039228104813342
5.6603198954821945
5.5380776033346839
5.6856112461243287
5.5933927162174353
5.6449342519105841
5.6491469224458157
5.6761159024624899
5.1686985884398968
4.6675565760248556
5.5928558245107123
3.9700453331845935
5.6295208275199373
5.674342165210545
5.6249265103323847
5.1529403518906669
4.0642915404746605
5.6240544350819892
5.6407006834462523
5.6728295477675887
5.6155838609221478
4.970062634521395
5.6175669190118773
4.0179894558224767
4.4115171208777886
5.6782580008625363
5.6699195730136962
5.2759777456318737
5.1724785095247112
5.6779139896042201
5.6884405184271296
5.1095379826486589
5.6017378822796378
5.2598568449115799
5.6542916237877447
5.3343157863247974
5.5676069597795257
5.594019053733402
5.0990130857126639
4.7122612957161527
5.2781055492502116
5.6656886716001349
5.4946266838873905
5.5660188478722796
5.5546528600519807
5.6528077637530911
5.5948478411367351
4.3454400166456999
5.0098399879331383
5.6659251229731149
4.6362266648166832
5.6532320088588062
5.4232609412946706
5.6843295442502111
5.1431922957685279
4.4404555804800339
5.640087979014301
5.6803116630606487
5.6686514148234473
5.6837558874420715
4.7268316650917113
5.6527347314841503
4.3250412367005371
4.3923052134528593
5.4384525119392153
5.6042193600158825
5.6599219338982838
5.161523494449189
5.6140386858027185
5.0857158951892245
5.1540546814668451
5.6381792148635483
5.148449550733238
4.3145707136444864
4.8382001219284909
2.7913741011838522
5.5829633827190746
5.4115538755684405
4.1688225749155539
5.6535319280310681
5.0670815542669478
5.5093169894677878
5.4838315502625274
4.1487413955460992
5.3449401441829547
5.569775569993662
5.5925452915857221
4.4705357356958997
5.4505205509543391
4.2331865111981974
3.3670911051344099
3.9201802126537117
4.3651697590900511
5.5386299037564566
4.1335252269225329
3.8731715397453268
5.4742396417454273
4.0974720699826994
5.5821350023202676
4.0317153755800987
5.5677833156684322
5.4412875120993842
3.4812555928886209
4.6116148786970701
5.2069335173648224
4.9436432792097245
4.7404519448443017
5.520783870863144
5.422335643833847
4.5657819806073894
4.775605157395181
5.159164451364262
5.1860862989166518
5.1127635757778611
5.5146478520622795
3.5501219645355211
5.6314496356563621
4.7295529300020416
5.6286071826405246
5.397782913486731
4.8698017326952785
5.2219782845759752
5.3918601567365423
5.6402769908084993
4.741506450270137
5.1775004023827753
3.9614470661037235
3.2205464624242661
4.6601677616639501
4.3191259615249242
5.6643504804528693
4.423101643793923
3.9024343619791764
5.3011248999010316
4.8187336291535861
5.6654976544276465
4.0882071885062894
5.6649198914907641
5.6433092611090476
2.303307529837288
4.2706382992537
5.2655258598657335
4.7635260017439656
4.7886352035286137
5.2411809183426996
5.258610811751951
5.04152013806958
4.462571753361865
4.8749322070089773
4.5383739565960779
5.4077195240726166
5.2451565576266717
5.4952266442796684
4.5053556686999183
5.3227853646795129
5.4515224149774397
5.6181219524009665
5.3928357722131501
4.3247454880041918
5.3555841211189712
4.8626994550754565
5.3937943903099344
5.553159098637825
5.1285881440370833
5.5799051385357661
5.0993578669818511
5.5554181757951309
5.4842082953009479
5.5157391195755601
5.0115249717496937
5.5952022386178264
5.4140532380809994
5.5801357523805937
5.6481459556348597
5.6441822080158826
5.2661616888103486
3.9253873798480092
5.6836954382998979
5.0330357978991342
4.8555118802533599
4.094263214460649
4.5588696505643238
4.8997765265781084
4.7554230162120605
4.6706305457792023
4.4320971795973456
5.6409296133435234
4.8238985233060161
5.5732535772633947
4.0261041848295172
3.8840835007185897
5.5296331412250428
4.2474884996392284
3.9329954894661321
4.7376201398374178
5.3708659287144691
4.9159198915585298
5.60069779884462
5.5763272670370476
5.6239186395390739
4.3150009256383557
3.9553216086100198
5.6002731272617012
5.6425295555459245
4.8087400268773246
5.6242678170355997
4.8465324073415701
5.594266445184588
3.3236819491781575
1.8566254589999827
5.57387008252093
5.2744025090645135
5.1398209720185131
5.2701255548586898
5.4375759304289168
4.772461300757203
4.8483507901931961
5.642161578285191
5.3953499958693278
5.4858150402214649
5.3797666815351484
5.6458564566999723
4.4898338307738044
5.5499104992134738
5.4214209902633481
4.5505876851509459
5.207196824730004
5.1370892241637209
5.6146771139625145
5.3928590928606788
5.1759256274096233
4.3464125111157923
4.5272597189573682
5.0943734525554456
4.7329132657285964
5.679837041474995
4.5005402296338444
4.8676351931831121
5.3851365700194656
5.244160491350776
5.6813645190825559
4.3960344697539497
5.6746229845066916
5.672390190766512
2.5467793618461028
4.5439275830974912
5.2304601251635185
4.9453230410167777
5.2516289258990758
5.5621307945948368
5.3434172313463799
5.1831900833586699
4.730634435853176
4.6822148879516119
5.1038244536874746
4.7966257761867555
4.5440141033078216
3.5370343729291607
5.5758670481746666
3.7555764167004804
5.1829952930686689
5.5203484631739279
5.6668481347522093
5.5202943240267341
5.6830993409502497
5.680622579459536
5.5946875590715912
4.9373076523749431
5.2480327991045463
5.6598390155129552
5.6018122193094024
3.7492143610836539
5.5882558359518848
5.4461185216333323
5.6771591747037915
4.5703725421737138
4.9749789712402848
5.6811819364767251
5.5964083246466938
4.4816012072020355
4.5035357966030816
5.3256127574134551
4.5472981897601077
5.0304789156906491
4.978505875153461
5.4583263762910326
5.4340178623707898
5.5627566586308497
5.2749601194074263
5.1706997114304141
5.5287922509076193
4.697380120203225
4.9628429419720161
5.561897949202212
4.9912012178439698
5.5810481378829389
5.2758223508612838
4.7856820629648427
5.2705006236966527
4.5436282156284946
5.5680480914085297
5.3973300904608106
5.0073800688567438
4.909478234509109
5.4601826609198865
5.6641230825905291
5.4467135032769001
5.6692206411078532
5.6480628528094767
4.6562734564383019
3.8241383094158614
5.5965264781708308
4.70420707359016
5.1983342325161974
4.8150175923976555
5.369896341637701
5.16425024252265
5.0893363181746682
5.3579214085086218
5.1847169966304003
3.9917677827708351
5.6407264973279201
4.1840708927364139
4.3668770343871106
5.4276900633255334
5.6185522056263011
5.6431710773511314
5.6318725319845653
5.6483359421010304
5.2041647998296741
4.6694341816977749
4.9107288403882663
5.5810906035764987
5.2169754581220849
4.9104096332100999
5.1617365597876406
5.4978717325732793
5.6328509827510898
4.867769080561497
4.0397722338948068
5.6271812464549278
5.5589650654941272
5.1751715917710541
4.9939880687972682
5.2508042908535399
4.8621844467964026
4.6874237418987992
5.4682068016620073
5.5219037744906538
5.513733967726127
5.5100719344957421
5.6481865282275328
2.1427810914253222
4.4358492385107509
5.5354435255196686
5.6765951841310409
5.6694818784464669
5.6024947718609805
5.4124801648131964
5.3275793494243082
4.0600102860277367
5.1686177625656207
5.6560795061204789
5.2797801752873328
3.8330682733743688
5.4040233852429953
5.3510621345010412
5.6551254758174805
4.118014632444269
4.1245209350654806
5.4278245427355234
5.2689836732989113
4.8759611050978151
4.1270362249250825
5.677359714149917
4.5246994139847274
5.3037421052896754
5.4359050389893016
5.5402984094348735
5.5402618502484984
5.1021750529019085
5.6768492999011544
5.5666092320826008
5.6895244947780794
4.7760729024584174
5.4585627448616378
4.2934844668595424
4.7466544406779896
5.0315355174372236
5.4659723466592558
5.637901158667181
3.8711186312536841
5.2021571640085398
5.6884351626654244
5.0408171151030583
5.6665200498834629
3.9430867365632127
5.6887131607568993
5.588117035874153
4.5871623561946215
5.3082472030979044
3.9022461054912743
5.6660735840779024
4.7926197317605368
5.2866950976758558
5.465046220325128
4.4425994660098569
4.5858955357752249
4.2536649697096029
5.2958587335027216
4.6460831863400287
5.4944585927570984
5.6440325729231802
5.6835890101944377
5.5180785984811118
5.279345308477601
4.8084640332453787
4.0303329022456005
5.3371375099100433
5.5927271713689324
4.7495475682047257
3.136036758299126
5.006721576303538
5.5400230698383695
5.6183043854803669
4.4035944409272227
4.4723997224856387
5.1970901563395895
4.9182670290449018
4.9781422570483684
4.098994379329806
5.6923070612940787
4.6167766113523259
5.3867265497928534
5.3462199629249954
5.3366762194496475
5.6439926801564404
5.4100742683213063
5.2970945618867349
5.2676631917598353
5.2061381454383966
5.5191777556953934
5.5155640529396539
5.6702545422793209
4.1477585646581208
4.6498091829551971
5.4658734014852914
5.6500342515607302
4.90518918780589
5.6775032586322585
5.0299753314709168
5.5444914426412506
4.2524000675353006
3.50106348614504
5.420888853563766
4.9785378435055776
5.4775494169489214
4.7679296211331952
5.6129799546313803
4.9485729796784463
4.4075733327508386
5.0283266911713405
5.1171539923090377
5.1919319827729256
5.0691797665730602
5.0481528943222003
5.1547934545422356
5.6814269833239477
5.6647674430321002
5.5681007663798958
5.4805395050334571
3.5903575771281862
5.6911295066625405
5.6011207324459242
5.2104469013340395
5.5323526057400523
3.5419339470482067
5.6918894960155546
4.8565273985929878
4.4964007169333717
5.637385644986419
5.5786390488880562
5.5599063910525439
4.995470055169668
5.4003458107799425
5.6686597442667779
5.4102500472176445
5.5501297325434846
5.2631355905783952
5.6755275192255565
5.5579762932934278
5.5932162648724342
5.6315991935550427
4.3559037478817926
5.274708732635804
5.5114848898501263
5.4168001951177391
5.4453184871699243
5.2199468036986776
5.5270801139056189
5.2159317836991193
4.7355009595426463
5.5011702806711895
5.6921021331898434
5.5823014940568738
5.2965662660342749
4.7039379200009863
5.2679778955703753
5.5943381321151406
4.120403338570366
5.0096493976034102
5.1452526900479603
5.0768637057536408
5.1054701318976621
5.4598067082294133
4.8326133495936467
4.3888485863877342
5.28980695978266
5.6922200253501369
5.6248743038265081
4.7404035941123288
4.6255227961273366
5.3074468924801499
5.6519161973876626
5.6921780699818418
5.4363484771666091
4.600364875178613
4.836523320507002
5.033010748583477
5.1040749048425553
5.6751144098736299
5.0278223385660397
5.6501569695767673
5.6745120503466753
5.5086042489201681
5.4123881799709554
5.514636007210906
4.7299649116284259
4.810903011777973
5.0074121067941642
4.6503681673132231
4.7890245717732842
4.7660743674933563
5.692301841547601
1.7158308613285
4.4186024422385071
5.5590615049807193
4.9105092436012567
5.6922927603228723
1.5399022539522769
5.6923001404921054
5.6017210926727046
3.6648114067521695
5.1200817083962535
5.3109757064917256
5.2209992949240727
5.603392836769709
5.6317820718836371
5.5172447070508026
4.9496659452320202
4.6208783841928334
4.9238246560429193
5.2292578238785135
4.2857271169745577
4.6665178173405009
5.6378907160450327
4.9945357976053257
3.550096381254046
5.4163273937307146
4.3204859964396771
5.6394701679669303
4.8400182077174536
5.6922530227407258
5.6513137126356972
3.7633928803094143
4.3744804208040895
5.1553074930017209
5.1371268717951173
4.5901099545351283
5.138663600579858
5.5502122137169119
4.7395568210026084
4.9781487843421024
5.2478302394645375
4.485618732649427
4.6179231277798847
5.6922341162524921
4.6212589742150874
2.2572343642976693
5.3381032371897303
1.0
5.6818566902281855
4.61248704014554
5.692304588323128
5.5898151748750626
4.7419754881904508
5.1883294178125654
5.6533663156170721
4.8132917962707182
5.5440027724462864
5.6500508933693414
5.6482238173807469
4.846184112255564
5.2522194290836524
5.6903618963841422
5.4796382838767581
5.0170651207313144
4.9150250204843369
4.6225438160333114
4.4841765636968551
4.8444070530838363
5.2379312169382661
4.8210459468651337
4.3207784511800096
4.1202041754157355
4.3162828972234069
4.2890511146086956
5.2368595553402777
3.9713473943900528
5.6073502457890729
4.7727025267472873
4.7504486291752963
5.224807244363709
4.9847365232186753
5.6417690027599212
5.5165014530912924
5.6918425112460005
5.6919059204782201
5.4898787395422053
5.6892597664877567
3.6227378580008929
5.6914910297484198
4.1072146522974551
3.4335709307860633
5.6923027715233969
5.6888099850524236
5.3137217139697004
5.2538800942494523
5.5963831908251835
5.5081205718525243
5.1388598128405425
5.5237493521303653
5.5345706629439189
5.6376602081775946
5.3646930739385006
4.773396153266356
5.5543170981457202
4.7117852518177656
5.6921132552519333
1.2043257572750912
5.6921445512378357
5.5897360804837701
4.1878235942390383
5.1990209567975576
5.2889789563008094
5.3051195734109999
5.4945212990693122
5.5387892451353711
5.416702322091032
4.6816478019166512
4.7336786861106859
4.8998013554577486
5.2473367423267057
5.21532631266283
2.5775256003234341
5.690385574237661
4.6272534381780961
5.6923021058368022
5.6326822695699921
4.1196791962321733
4.8520622018738075
5.610334914440033
4.7676154605941967
5.378824257252691
5.5704757507524931
5.6151071676515283
4.9213854348981299
5.0602434847037356
5.6059001284989343
5.1270440583538601
5.4786892669279101
5.6645238222183982
5.6133213526160519
4.6222347381491966
5.0137758100338203
5.3595611318909757
4.9055987827520227
4.7661252663800351
4.0093639218702224
5.610673057837487
4.549037582559408
5.197519480391632
4.9043802471443536
4.8697399557597167
5.6382229710835139
5.2262027255778101
5.6352290979528323
4.6986407899177243
5.6923012106532607
5.5994022318213563
4.9015471888156057
5.3456763393624867
5.6407974669599588
4.9135318956562788
5.5377051717965751
5.6529138821082503
5.6403921957516694
4.8246912210825181
5.2327260372972857
5.6909736586852802
5.4747320701650963
5.6919009108744847
4.8602495193766098
4.2569907786485741
5.6921516185767365
5.5386604268177546
5.6436309000670306
5.1572771181206756
5.5096974304915873
5.64976090385115
5.3479159114514738
5.6473462686395246
5.6690135566677755
5.6516883885091875
5.330278394507209
5.6923012673690732
5.5923381664023504
3.8558133607374496
5.2771420286897985
5.2255192128328414
5.3362769705281359
5.5155926487250921
5.6018754567808937
5.4764531153110507
4.8055448511751271
4.6471607701320545
4.7951047424948703
5.2779885696766176
3.2345736740922266
5.6923010704681776
5.6556623149302432
4.7608278900999501
4.6454867512053371
5.692303991247412
4.9664071522636153
4.9905425943862349
5.4860175599694365
5.501164962387632
5.6661620555501049
5.5413880748373616
5.6368177177121881
5.5892832596674129
5.396657195233094
5.1224534762455116
5.6758439025291532
5.1984236224649916
4.9066440144564609
5.6732838463900981
5.5809094990528108
5.6379374435782239
5.5560982278413444
4.3318730957685565
5.2297424866328672
4.8033766934275777
5.1178264772700368
5.4112696850855677
5.2977824675396628
5.1602015479390007
4.6154499608658783
4.6376815144020629
4.9032528256581989
5.5092996198048008
4.462178065143954
4.6870611054919742
4.4919937684882667
5.066420440274177
5.1183822736784323
4.7631432729893275
5.2186313265271158
4.7216090988478792
5.2932456096927796
5.0617445167776882
4.8954104604861932
5.3744870977251429
4.7010691763699528
5.1139323060701267
4.9660250800208185
5.3859801430084948
5.6321747097544899
4.9952733212878648
5.2053389544140494
5.007606698058499
4.8312940987473416
5.6038804652344023
4.9503454420399553
4.0271793481386071
4.1757503337090611
5.1803770210675486
5.1627204250474872
4.8448947011193688
4.4928577379949726
4.0885406999255691
5.4590466215898816
4.6938521327866898
4.51712848287697
4.3642104362755516
5.236446341725328
4.6369848375902984
4.8314703584056984
5.2292450904831398
5.1509110095113071
5.4303222349152032
5.3305029100343022
3.9618900818237077
4.9776509033208782
4.7878293952283464
