12.652349934849743
10.460696806510128
12.057172097353046
13.181312525653301
11.316207292130262
12.493582786696811
11.302344603201773
11.577433821469656
13.001115376600767
12.326214585557704
9.3679933647330831
11.621319380842097
11.545301033031107
11.669353960518794
11.841538263589227
10.866451585310626
11.287406988098748
8.3071921970653424
12.203803222408899
10.912242238545296
11.795892377116774
8.7663617869713857
10.356456992762469
8.7906429627466238
12.346722381931356
11.799007643698527
11.812191954869787
12.650087280915498
9.6054419829071094
12.845841067784628
10.891202832074285
12.400570728908162
8.9411203593597328
13.089629691114887
11.495668277064178
13.185627115318832
11.579709296177905
12.656959266986842
9.5506938397942331
12.590391436491633
11.798393042733824
11.200514236293573
10.140910500233554
10.555983469756415
10.617115962562446
12.440610795028933
10.342329768347383
12.982703004343728
12.825251299585643
10.128227132781969
12.935528588415362
11.050216391942467
12.838908990706051
12.680257019610348
10.069137531344831
12.71708494388621
10.890196481388095
12.860515436563629
11.559939386723055
13.039578426555941
11.069475869888388
10.917384122666737
13.019761706037349
12.447241633834366
12.77909014864553
11.028519305182099
11.649244828443663
9.9594601614465628
11.813828190579459
11.791809258737933
9.2016422121017474
12.124176549197159
12.581726224964777
12.195811320650945
12.475789659098146
12.389075395480649
10.342140973104511
12.586004120229889
12.081442004918911
12.298489702820747
12.396567549420853
11.955381832869458
13.162771622817989
12.947762839908219
11.560691050287817
12.411748296884207
10.484868204973308
11.873285384237857
12.026001716410766
13.098751926399368
12.34855527189243
12.026092993189737
12.267257408759827
9.411235947623382
11.816935604926812
12.822823278960229
11.499331175334284
11.443269216700539
12.482350722296074
9.6859535406654214
11.545662406374174
12.832431529947787
11.252019233100382
12.786582946697584
12.662156009480627
12.081421151676905
12.492196689461281
11.617882409177417
12.30630177587167
12.779078551736635
9.4436979575480038
11.490247732395408
12.438874144379454
12.716746973503545
12.357593660074709
11.903162530175811
11.616988234931467
12.693408138924124
11.181436008735352
12.788396091391791
11.447463520703797
12.607837680057342
11.815037255988429
9.9204389084579923
12.625644022422936
11.599358987235879
12.138504599330902
11.12318492954517
10.519774521413936
11.697182664636353
10.152867628174171
11.2479354975024
11.579569621068368
12.762166238501818
12.226316565364257
12.221732162167678
11.894856488403819
11.638455738641225
11.306688734299277
11.055117339841747
12.404245273032849
11.155032324945205
11.196301240255092
11.078264136982627
10.917991296091101
10.784965726677537
10.873014820144911
11.04014109921018
12.356074819465379
11.221161021826493
11.295144082844351
10.485019248607182
10.931413041806154
11.828546100252222
12.434522879377683
11.967078619570774
12.007225776877121
12.433808755179353
12.365369722037048
12.535367659669195
12.425543188340187
11.555915838624259
12.488882201293041
9.9695703823818942
11.902337925849148
11.389512581689948
12.676363803543772
11.273139069671103
12.607274762095196
13.019116537580658
12.647640080940958
12.809087419235526
13.006555356912521
10.648326268451221
12.455368483634031
9.8800363151748378
11.678259944015034
9.9518946872064813
11.884709315671762
11.362777331158366
11.448009356268296
11.81666126145115
11.358056290303413
11.252422181849701
8.7360942109461597
12.379513167433974
11.161926218545272
12.407284760214258
12.74294865112739
11.979366373403639
9.5167879083115778
12.613428319140153
11.521059928972223
12.1562973157936
12.268593557700997
12.948034788325089
13.179322866946029
11.926751814305947
12.55853176049621
10.77519866331102
10.085976347821386
13.07856387929704
12.724292055072796
11.017206055167451
11.025270384661782
11.31997167228443
11.478786411330704
11.777691842008505
9.5404158339311298
11.901611008614292
10.530383507202485
12.699692849167965
11.054841140952995
12.002584423130992
11.481175774125203
10.668491436554268
11.245087858056642
10.925929153225926
11.923130687913329
12.396879178798105
12.315123999420107
11.326688147810739
12.443799242457793
11.443801665921487
12.172907928894585
10.926233020091733
13.000700755958919
9.5917922128596942
13.184716557919435
10.367095905421678
12.607613398445126
11.510160649538742
11.210240213544511
10.510528983429319
12.032316000223226
9.9071608285712909
9.6206417405665459
9.6120254226279069
12.632036390337699
9.8354692944873499
12.850274414735363
12.746695789792959
9.3214602855022353
12.793329944057149
11.805957829779254
12.863649454364449
12.692966902265958
9.3865078141130525
12.783281818451201
9.4452168218784216
12.810913885635687
11.048009401600376
13.013266853680976
8.4220512046279481
9.151834648957724
12.908768704112054
11.349966075269014
12.098662198443821
10.5184501855344
11.061326598283896
11.925049980469854
9.4949340592053559
12.043565854117059
10.866990038388584
10.835925144847947
11.864783604401525
11.321914189516313
12.721424173336249
12.45956418438349
11.862872223957183
12.299056397942374
12.625960778769018
13.130584993741577
12.654905115532051
11.570062114582445
13.045757097464897
13.153693972312293
10.673917882742167
12.421355283321139
10.985658044216049
12.263559336656677
10.937592476093707
13.129772891858389
12.42465813189531
12.029869711708182
10.342114808930482
11.483663032024502
11.789066263039953
12.551953368147789
11.379896468827667
10.778218866408885
11.913372031764496
12.732689006566117
11.122333391423171
12.68871179749844
12.961687668352434
12.614652439921457
11.920382007861772
12.846626995880174
12.090828521599558
12.500907775217238
9.2872303668130094
11.630241557273495
12.707006977232153
11.86602149682686
12.991686375262343
11.896618934387909
12.106927085404967
11.897152059889155
12.265123137026883
12.767571126003308
12.725605846594872
12.539272992904397
12.838748340233524
9.2100663990308309
12.947752590106836
12.120228079996624
12.011517388288578
12.391904679546355
10.911918512971278
11.083682036787183
10.986411326151153
11.46809062792317
11.495081628926689
12.844720310140202
12.880876519344108
12.482474301214063
12.759359060057923
12.149041345949415
12.125527774757764
11.266532592754087
12.496655774650636
12.733671910381517
12.185526541637987
12.756184530517377
12.002434678040123
11.987350143874412
12.91536611651261
12.040685704477921
13.088512130525075
12.036719783311183
11.949099364389101
12.939128373596363
12.025390436711977
12.933032514201999
12.332402748227446
12.834107736215854
12.116792136826707
12.991996107176513
12.928823218754784
12.710540909951515
11.371234742179485
12.892854207164161
13.120145796823497
8.6016165392910615
12.519910868994321
11.703207921293263
12.870342531129559
12.1335092251935
13.024111839304538
12.852067648294618
12.681123577567492
13.127248898450613
12.627609866212536
12.32735299592666
11.440489654502043
4.8626144283441608
10.968654186366255
11.028548994452898
13.046191340347388
12.040775788491219
10.761111098652318
10.710251035200626
11.775438724717242
11.872084137660547
9.450264134455713
13.048166951700219
11.098351193597463
13.095804287937245
13.133225125866383
12.906969712817356
12.204178887969505
13.156779709327346
11.872243090894189
10.068871906835138
12.85671727801911
11.036912430455228
9.185156478793596
11.916163149592958
12.266612152080219
11.418305447810214
11.232662530396645
10.557633584842723
12.684601666705378
10.641652277672582
11.527589421966439
11.806489381395179
11.127554721430478
11.39734469290247
11.817820843759481
11.456865559141738
12.268565274045741
10.207704484211632
11.341442630605782
11.634607406334851
11.535455878436974
11.345015152187967
10.835385695230231
11.46057243838375
10.994717595722232
10.820031646181947
12.244668242106551
10.276932985960975
11.139309829474458
13.056980482159981
10.677934446565892
13.18544662047209
10.818983858343014
13.027333265371681
10.922587835044464
12.310956509524463
11.378353437165833
12.410922412054273
10.872841616915572
12.253785366491417
12.983605344819781
12.667930215815847
11.51858149949982
12.830965768548943
11.546498546665751
11.52354190946054
12.860044460967252
11.552513979404216
10.248105956760508
11.586399713786848
11.664067599750302
12.640225581077441
11.431755173434242
12.667744641646596
11.389496064963943
12.999417882365858
9.7877112224475074
13.182110109352914
13.139912600619697
11.481221784733741
11.575715678066581
12.229906709292628
12.027075655154176
10.82888589668087
11.811064157756903
12.176941310742562
11.731681765187931
12.409261833125514
10.984177685108063
11.543901859631326
11.184275425523655
11.638192260850333
11.101654454356911
12.466009297888247
11.954509592133196
11.254889979965528
12.114801089235431
10.619271613573488
12.529609518511508
10.628566768642267
11.805559505821213
12.526007436043932
11.479646144609934
12.805540520558557
11.206180699084621
11.723492356745549
10.804720237570489
11.201133977998442
10.64010461568393
12.009099657913183
12.749091823604283
11.092288528168227
10.500431348906066
11.54624192598952
13.140409842054536
11.967326633000399
11.096405891528212
9.7288802793331008
13.107200026227062
10.868901301495109
11.006423644541917
12.344770813271483
11.951654579381117
11.823128989743987
12.118103431114593
10.25620803351028
12.450426622376693
11.044636908925858
11.251097965816822
11.893275302568556
11.472967172248492
10.633591736773013
11.390956987568888
11.115528118204173
12.831499107010426
12.145075566774361
12.383294587702844
10.812400868158218
10.881544083643195
12.496334776558172
12.17578564052587
11.883558982229358
10.505652709265338
12.73075323362359
12.403284153181991
12.948663746863017
12.720715528986107
11.349000888730295
11.386467311036046
10.199677249391636
12.253557070997202
11.22871796211607
12.547342653338434
11.903915007858583
11.813508469784972
11.724351845439497
11.226069143432218
12.221612911890432
12.166584672269135
11.848978154521895
12.165988143179572
11.736244936566806
12.148431294073664
11.970136965471465
11.709660278672272
12.054328291945952
12.353012867315046
12.40734080420925
11.937595610949261
11.286112996072163
12.93923214559576
12.566041661174308
12.693778875770997
12.097718895009358
12.612727929566924
11.229535159330194
10.97670387225406
10.839998544581722
12.764625879340494
9.9117826055594129
10.810353040522919
12.16295484274591
12.67109752258061
11.539214763850326
11.72810036384209
12.475918426548665
11.103054650722211
12.649547651133714
11.549277758143203
12.252174611052251
12.188036563305467
12.716137768641943
10.813120792681188
12.622646089464135
12.338569525170071
12.791142177704005
11.545274697483363
11.436899382426548
10.887312053161679
12.299163050812188
11.214847915249747
9.5721252486251469
11.777460847002533
11.403856887314404
11.233549872567664
11.722432014767927
11.569076084524692
12.57872076834315
11.735014476754927
12.394161268073439
10.298674680767425
10.302979483056264
11.504390319662576
11.070329908650343
11.356364156547281
10.894003623908324
12.439440792772329
11.995202954045389
10.096183701393707
12.281411742583003
11.609602879091119
10.418683572955368
9.768257104806997
11.176712624331039
10.821314859229012
12.10684082129713
11.618439240984236
11.92513701316299
11.373665343661907
10.644409032154714
11.41441383225397
10.542023634603686
11.292263172022817
11.399622770336601
12.610848645593075
9.2956403624085127
12.626713457911496
10.207384570970492
12.926351563989046
10.384103422116235
12.051500721393479
10.745605104366259
12.595376297651118
11.079987426826428
12.397802001015219
12.28850940778057
11.9014516598703
9.570503617284329
12.023425258819376
9.6654170615279558
9.5276451655333556
12.200114960072632
9.7772828233133779
11.18860165548347
9.4100497749752918
9.5397607376679279
12.336291660044203
9.765656727672317
12.694471721807661
10.005639825362154
12.271071629024796
9.9512870006407557
13.086564904519923
12.836643900217734
10.909535294689896
12.935673959122653
11.789000247082031
11.969587312315085
11.532204426448899
11.502726022506256
10.64643292870262
11.98265221580855
11.815315792102727
11.148319111576646
12.243547946404821
12.222889710636112
12.156708576413545
12.06419390899423
11.561839525307457
12.263863503902446
11.112225142806144
10.637058398275922
12.179262776565082
12.269765058207302
11.507941261282021
10.170500300931719
12.834899927404468
11.10786319780105
12.885050179979093
11.855304111036851
11.151044231671415
10.246272099421979
10.324650161149108
10.326262429635323
12.274221700970093
12.655934528061856
11.241370028583088
11.137826066645118
12.053280746113643
13.025756530016233
11.131773452960013
10.563938129859977
10.127966586336498
9.9402929748540494
12.305465428503203
10.398640206263876
12.249410218857824
12.331911554677566
10.530186871214571
11.524098351530576
10.316503951741204
12.509402679871139
12.274662452531057
11.357309882965559
10.943434075124554
10.541906521117154
10.673034574801779
10.803073956454826
10.175474653902498
12.016783431784933
12.385359156221373
11.374422139899046
12.781419293280713
10.304373026365939
12.589017914318212
10.981629087431518
12.234849228629722
12.061274170695661
12.807188082332832
12.581182834166825
10.587170724472317
10.346371231209702
10.386431258772609
10.7448726271342
10.845282687862959
12.419041836273003
12.574841002637934
12.025157523979715
11.485170097956681
11.230901462329021
11.707479191751705
11.276239385937656
11.409270492041641
11.688325796103998
10.680480539616388
11.683926919120415
11.641366191447382
11.432133712746156
11.604891865799223
10.585262932461992
11.946015181617899
12.426295169973843
10.777637151400221
12.370547547004692
12.358545573308064
11.308722393065141
12.84956512046818
10.279520170802785
7.4674922331818481
12.274628844190037
11.167805748084861
12.540551354163057
9.4376442396155742
10.323735720471051
10.143128491124825
10.71298601388588
10.029354856788068
10.124982803192953
11.303052478498108
9.4379508368709057
12.875342630356508
12.378701912411158
12.06184626139628
12.516188219501988
11.383178607970985
12.524522299605406
12.38049358547253
12.945744372360654
11.544206143809108
9.3938356379824111
12.016826546046925
10.902798916355685
11.668927243895839
10.355427719364201
9.8356622684131239
9.1546477505033756
10.902749287980905
9.3257758632416294
11.199836287818327
12.723231068189021
12.085178788796064
12.726785222707722
11.758130739817343
11.957941385023796
11.150075725718887
12.19880176306739
11.994502836435752
11.951799673187791
10.154208597253865
12.709242968734943
11.979799408613347
11.872855504066347
11.348882184702271
12.729397669690648
11.58933930929879
12.620054440649351
12.148498168462128
12.236555356274183
12.45227540324025
12.201253502757609
10.130037153621888
11.628806897528223
11.512547521066097
11.314280167867217
12.233483687742964
11.054947616706347
11.994386682529155
12.045351376856852
13.026721385072966
10.907628046201985
11.486659078662729
12.209662707752006
8.7418393934695189
11.496957606961255
11.971168794966525
12.733087389626407
10.059334802879969
9.7623539869343539
11.539463513447494
10.542756815298983
12.15919056149081
12.073835999746231
10.688692045857234
12.098998816287878
10.652268004703821
11.986750996917957
11.868582874969306
10.412331112149548
11.898738542520739
9.915533266857425
12.025474302231974
9.7941443226784433
12.438133327644973
10.664752184766868
9.3809043511177439
11.788819119788156
12.782671125521532
12.230519171783843
10.36148813657759
12.330043464464165
12.735575141356129
11.655441380123401
11.36479263869173
11.74177553384483
12.043747919623671
12.397117612633036
11.975246790065823
10.961704277822495
12.988934194494355
12.467747776295603
12.709555744420516
12.611487051863921
11.651710909664043
12.70556413918786
10.860213456094378
12.395712828693982
12.066431936672934
12.070579554774673
12.440103635370491
11.734129817491137
12.386320877212674
9.7312054801430499
12.708864995137642
11.244944681512173
10.282886375181965
10.700741993903627
11.728332976097052
10.42228762669861
12.1806484796103
12.795853025116035
11.346475491900323
10.561725454613097
11.951498414505167
12.490842880568877
11.662077765567947
12.564056808609372
12.444743674149068
12.518029132650533
11.25748623230259
12.537410443823445
11.721655186485844
11.568759858965741
11.691323337149548
12.69204337461921
11.838165760433537
12.435931194783553
11.619251380522931
12.349957874791626
12.486448854327568
11.432517564028938
12.834833192635466
11.376783452044338
11.955214621690649
11.234066210579421
12.499844148841435
10.822874882662433
12.99179917028783
11.701415829829013
12.382230307947628
10.409435763154615
12.358748461944202
10.328967497708794
12.178509808397489
12.334301367897282
12.680907466549327
12.333213621120747
11.969420376820452
9.4960253467501765
12.486013338983662
9.6058413061938968
9.7412230554436743
12.408843096385212
9.6016047458896967
11.434580442359142
9.5412758425183934
9.7940254425600557
12.328182080469409
9.5472009197278531
12.237706211550019
10.891686136224076
11.830769502792123
9.6197907571858519
12.715188735114804
12.125905665592045
11.147395966862272
12.238767218479097
11.136040051140693
11.194150604323795
12.718774442700854
11.691597628666484
11.519299137890462
11.984948224708001
11.569278697232301
11.878582275892844
11.56075794807488
11.847294572055864
11.655121500053594
11.951444658184389
11.426893495209994
11.621207530257749
12.674114239561609
11.182537294289377
12.516463119988966
11.831130350939459
10.780898519419559
11.164373780808019
12.071013411233833
10.06161624260503
11.435188147833786
11.969843348104185
11.30250580314064
11.708846488097201
8.567501292666881
9.5974753564539856
11.883152688914851
12.373507329601678
9.9469136927899608
11.292876113739091
12.782217691575497
11.884250463280393
12.137757307378642
11.081396144347723
11.629929616038087
11.80309108606011
12.394859448619659
12.008363640610332
10.678395962476051
12.168941121209306
10.886178689851508
10.953106862699917
10.831028133061995
12.230192617847802
11.019086846066813
12.325283925181699
12.502905117310037
11.688000550026882
11.349971434567673
10.145438651585735
12.090227342228237
11.371155644627226
12.412369360927984
11.789131474110718
12.087820141107983
11.120626144587847
11.539627857093778
12.586997380778959
12.493518825962511
10.29146999873641
11.296765277462724
10.343885429207926
12.724818737621673
11.109430374712758
12.447472608000073
12.133904152222833
11.965046964761486
10.046981661892509
11.829444902658858
10.517171688590555
10.741702896312979
12.26014993233969
10.491126962602708
12.333117935363257
10.403082262968443
10.258102968573288
12.437967807853143
10.359464666610153
12.915874867267402
10.956765769598302
11.709662746494008
8.5070621684743717
12.887051786777826
12.513170947981404
12.069663076287023
12.220391018510814
11.883804099038269
12.38849694732469
11.667136115553914
11.379137568028513
11.749588295937702
9.2720176286717013
11.962173053704619
12.167077813650874
12.499512865768507
12.13738251763351
12.145282352716848
12.505132383291196
11.076769526672646
11.892729029695088
11.578123078343888
10.241591936007195
12.639141662731024
13.063698437902815
10.360983432537891
10.420508702644485
12.208717752456323
10.379016995001511
11.038066290838655
11.780635881892779
11.221642553742337
12.108948851610865
8.9053348073826122
9.2276272837879976
12.936486878707068
12.447262336873537
12.023542959824075
12.156925280324931
12.206644581645854
12.51336194406055
11.95849792696306
8.5539873645219195
12.012655299149117
10.526054759208773
9.4794302236110735
10.605025188933631
6.0946344876715806
12.278541676456872
10.936983103897015
10.263107151815339
8.1124199602829137
9.789867870427992
6.941190553222695
10.273714699093258
7.5881980572150578
12.03006785313112
12.061045891938438
8.1160122536596475
12.558927893481947
8.2942894872606683
11.75685291236098
11.217965442808248
12.195761787454787
11.626551194713862
11.391917569581009
12.369382187985407
10.756220014297318
9.5047656511545782
12.399275739010337
11.067527662476841
10.010447401798107
10.803793022123097
11.599702236455181
10.900209745276142
11.427649339464351
10.1516125592349
11.681587026664786
11.114237449791926
9.7850085520050101
11.715117768189797
9.5762028444057545
11.631418338558033
11.464155324767098
9.3256852004037594
11.461122973543903
10.339362704824454
11.517578654370455
11.678020066078535
11.681123003676941
11.932033228494729
11.815161472852237
11.075475163846157
11.477023153495658
11.716161612736929
9.3496050581894021
12.442864255155751
10.392024215228764
11.272638373706805
11.479391911080628
10.272742701033744
9.5691767601595235
11.268236014335072
10.344323177621925
10.837469129651444
10.789714628463942
9.9239473404399607
11.995460640812063
12.750811651418525
12.405899300950134
11.021566408465821
10.714902631851958
11.879203580085708
12.18579552186981
12.41585317769799
10.961885737789524
11.938375199518829
11.57558648338906
11.123810655055834
11.153554750011834
11.782304439353805
11.345702635495339
10.516456045296042
9.5353733074734954
10.34694963365598
10.002714876943683
11.181676349000908
12.129229605425703
10.921559228670651
11.258409965163812
11.967362651525812
12.515375509736094
10.839481085707305
12.091676981499017
12.489948055809945
6.4661310095967837
11.812417173801729
12.707974426072898
11.150955447725412
12.648578055394136
12.027634359843923
11.431629327018953
11.551848176197719
10.987354754921698
11.952939787715746
11.419695684495938
12.603306205564092
12.572965455204617
12.468360283249304
10.052540431560162
10.370568538524102
12.320348661310195
10.725215076139712
10.792888642946012
11.76197330270351
11.201704936255846
10.585051940701332
11.679916186758827
11.200078350387162
11.098306576074421
12.108014798306211
11.081698397955803
10.933247396273226
11.680688538543922
11.201471284957373
10.777639679832246
11.796988382859247
12.20131916502277
11.508266403728227
11.406692895791055
11.185501067727488
11.520421693480916
11.468532750224595
10.079080058464388
11.221231838194592
12.192044677359725
10.826490871450721
10.62349379704284
11.094585224487281
11.501486224140605
11.591654017563462
12.914595195293439
11.547969846772482
12.548822839151198
9.3969022985703301
12.232556298168694
12.643460462013648
12.064582969373815
12.271792743564678
12.904700875296628
12.155583356518841
12.672316045362198
12.50787957969097
12.017058258285877
12.042685619477831
9.7848829165299573
12.883178502522304
11.812188695556413
12.53333192724301
10.346195775453731
10.713372414143228
11.279956533898297
12.246786734472593
11.341636096742755
10.444902796045529
11.475235751823949
12.088974821436192
12.066809367278321
12.325426526500287
12.635327891155002
12.288080815714904
11.519038532977676
11.5767972637959
11.807786863948042
12.436939613284096
10.673791666610512
9.9574093472295804
9.5982705020450183
8.5205610024556346
12.461841604470459
11.077072127720726
10.043999864237168
10.958855904412035
9.6905393444418841
9.7215259547852799
10.63704144241958
7.9461167496882634
12.580572397835228
12.224175324312027
10.055382983515512
11.514085963494335
10.160472414560513
11.761177061437472
11.860489880953843
12.153604061229991
10.500843802849786
10.286285562696438
11.970299565701508
10.3773185983855
10.668196531917982
12.235531962591606
10.959620597230568
10.288121202453489
11.329422505554509
11.23480629155673
11.988484356764898
11.452027557200646
10.396126549167427
11.926208657816307
11.399439358029317
10.181354547471795
11.920143844844702
9.7796692996835226
11.812140529628048
11.625149251005579
10.467178269729942
11.520816689043514
10.366342241453834
11.459510270531004
11.731194867153633
10.921901053959239
10.916060434951341
10.878159641479012
10.203584990062195
10.892350678270345
11.752035996867443
10.711492891536912
12.612687929476513
12.059756746318431
11.060956132616992
12.490015695691572
12.006589631974418
9.6864429347788175
11.267946902075446
10.250465726349834
9.9321815266016547
10.218431843473704
11.277220789807165
11.180808902117681
12.752636060887729
12.520933096771328
11.539237731921938
10.714707184652337
12.374570683028194
12.27511213479174
12.36179581885253
11.000848770296345
11.404951779779006
12.077307270470243
11.16352100932305
10.980144087426982
12.038029483388504
11.766557652653022
9.9877237639562608
12.346230894145835
10.511301793932763
10.101375608824471
10.409885748141201
12.748049754449308
9.0731409763612394
12.608939565825334
11.838515177510791
12.042289860601542
12.049375351977265
10.847851646003431
11.584133179118071
10.7732586448489
11.403176169591784
11.59407322112183
12.152851995579814
12.009605332607904
7.4273070921076085
12.538513152351296
11.773193455287274
11.880540745124309
11.676190641321806
11.411301212943362
11.988115086059929
11.372753592894192
10.096097126472349
11.659738039353879
12.318617649196273
12.697816882425709
12.562999214651626
12.077537152038872
11.523628563578241
12.086738895210193
9.5276306450725663
10.637490129099161
11.715164617175727
11.52386272353484
11.210399487608065
11.573868327065139
11.196233247480263
11.06332550301555
11.51192876170513
12.529189291996031
11.614977935671501
11.386295490396684
10.999597455965201
11.475819515406554
11.339573455550171
11.354934036545199
11.379145712112143
12.430254893946028
11.464237280698494
11.465923412888134
11.775256517626486
10.800857859805966
12.58172953781987
12.165191638798776
8.3813834735077108
12.147343415865585
10.90448046077127
12.063674813853233
12.056756461937054
12.018421851327599
12.197901044533587
11.783997894748351
11.658547936161312
12.063071936169329
11.214029074605731
11.523861839403073
8.8851846502666643
11.321726977750087
11.259834824735776
11.83580215127785
11.798036525842535
11.545703645985718
10.190307802743641
12.182367567134989
11.696584620348746
9.9776841269623517
12.515727769847361
10.905901013749064
12.047755820086433
12.211352292073043
11.914817044578804
11.766252268884726
12.700167582351611
11.89331143796745
9.808978853578628
12.408027682419204
11.918100401061956
10.366762637723333
10.893758100726011
12.136735634163333
11.494217227060078
10.850771716436624
11.278333420619328
11.0290736685563
10.71895521532339
10.99732215832166
10.281968061728216
8.1303687279243988
12.322210617316191
10.978264680433831
11.016910657512057
11.634910381112482
11.363879918608928
12.807943460654108
12.431289510845151
10.181195406415112
11.479786421372511
11.217089037826616
12.218127206943514
12.351965719030146
12.36319929490003
11.432077412261744
12.218510261469396
9.7646095016273495
10.291425906607728
11.167708499988215
11.583227075585224
10.176054874289743
11.444618027075837
11.55520402193841
9.9549899004197826
11.349946206601626
11.908053815837537
11.559017710414613
11.489754343461666
9.9900213898571
11.562548942721874
10.519340188635754
11.762170429746538
10.633337778888569
11.786160405567964
10.888223574329592
10.35944236286889
11.587344745091153
7.4800165266336105
12.018204975658584
11.816335115260657
11.538497651015287
12.147342347677887
11.063166823190718
12.540445577485835
12.215527418516936
11.25070641177869
11.345318739081826
10.310687912170961
11.057132667757408
10.753227839724898
11.916923397983458
8.5707439530914087
11.487370470484397
12.991884686847488
11.644174306265802
10.595735210343513
11.629323461465173
12.820027493681252
10.101976473463832
11.673826224623053
12.303432562017512
11.213285224823906
12.088915956265772
11.501083686247995
11.82868196943865
12.139342153469547
11.564142397678781
12.061288171771002
11.817628157687565
11.643635723717667
9.1028277371924435
11.482934457513664
11.660744023212827
9.357006528520273
12.024614771293711
12.15769093606648
11.430446485952006
11.0538161724386
10.848071974775136
10.400325410571707
10.691069028515884
11.133237858796686
12.700548648526594
11.020226719566061
10.067482228060582
11.778001666266876
10.772580878588572
12.617174998044792
11.138396308520162
12.844742789242554
11.785971219921
12.234519806220435
11.584118793052824
10.92676165975724
10.580970625937614
11.143903980252748
11.28600138056302
10.719783677654963
12.133470728875835
11.116821571701243
10.527947386518861
11.61958671668912
10.261376633406874
11.627235586998609
11.643554325616403
10.372445634082409
11.577542147568742
10.629559356810049
11.697095718450578
11.797105342062936
10.325870300667704
11.395264151879131
10.306482262270757
11.792893653479105
11.683079211338747
11.717854386451712
10.286992000722082
10.293179022518453
11.118188833482314
12.05241786059387
11.144709082508037
10.046456559498989
12.235200654975678
11.229814495239994
10.764110904543385
11.741619489841952
11.13428591658745
10.438051600069867
11.522409926012624
10.567800151652929
11.1650837204922
11.306836698790084
11.470081140509253
12.487107023757511
12.666584633136653
12.823838020690916
11.94018241267543
11.615229199841549
11.822800765396311
12.630890528824954
12.562211506837084
12.128081422642522
11.158807274050806
11.247240186391442
10.776365248948796
11.639923466675357
12.198136958500582
11.321194187093143
10.717597345601545
11.52414045474546
10.841369029380528
10.890444708347919
11.640376728361222
11.548033261810977
10.722268185097819
11.046432541569351
10.606114652564576
6.0845864873378535
11.388599613801482
7.0046126449398267
11.347168458032199
7.9797722718241548
10.681318084236663
11.843335033218825
11.746241430665886
11.156580654030346
12.067800033211789
11.616275554808155
11.541688786521414
11.899434476474045
11.604364335131629
10.38656044303616
11.930556905952677
12.214294227909386
10.013092283441463
10.542284710315551
11.141919505777578
12.269354533956932
11.072030590149732
10.638164311547589
11.708620362511478
11.785199285014057
10.329752755764957
11.082375058882324
10.278553007768117
10.613731389064366
11.24603278649009
10.242834913548155
11.544217368116236
10.352149365539152
10.504164269737462
11.665519181244214
10.322684836204061
12.031831590256958
10.713227548728904
12.118830703267518
10.496608184591832
11.68824448782139
11.655638839942771
11.473880083826598
10.861504041207109
10.399979564301962
12.044831148041318
12.307997056686011
11.597195310271536
11.18919738558386
12.763548214895939
12.284276266276731
10.276244090771653
10.372515789051134
10.697969634321296
11.959630623335508
9.6138739853032043
11.475630843270617
11.025423569450505
12.070209740877544
11.881439360738529
12.132060517933544
12.228122071746721
11.619489872407508
11.742457491681863
11.575622713352443
10.613227846709265
11.975267595893607
11.273909323855577
11.15026864930279
11.942435442697477
11.072825281617133
10.987128569333976
12.313792752659824
12.79497661531887
11.828401249156874
11.576128562310382
10.121874649056513
12.316254116288103
12.878937896202636
11.509221564482605
10.803066717240746
7.1903317733121579
9.5124282643478875
5.7191631293654828
11.120238527697525
8.2558019787231398
12.480657360849651
12.694224906707062
7.335714906509712
12.614716290400541
9.0509047704030667
11.930217957209186
10.472868105303604
12.789846964816775
11.605693241557004
11.358694932451607
12.204091222114739
11.958859084788257
8.8524795887378733
12.607555235786119
11.294213676154284
9.2618723241321348
10.163588113415408
11.001307409264545
10.900979374801743
12.193758862180646
10.149036491705909
12.542874299141259
11.98057621786295
9.8343161849700529
12.497249179467884
10.826502468424655
12.523305302195377
12.236310185596995
9.7144645090107762
12.349135817873581
9.5253504305327681
12.514739504225973
11.843897693406438
11.949705222095822
10.762017389501269
10.596857032461399
11.972318647699874
11.330894580162918
12.193938301592869
10.270189383168452
12.5000776414934
10.070955062311329
11.644287708460693
11.842629171874528
9.6031165320956422
10.546384266639281
11.748230398344862
10.538206284946652
10.7738597460464
11.219317307895206
9.663190386501352
11.729570190645301
13.022571934501899
12.870261735959295
11.371943863147065
11.144538076234522
12.690515045949377
12.809854271036448
12.823636530895206
11.620817015721112
10.944441460423569
11.633824292316373
11.93457068865529
12.102385961939902
12.28413766262377
11.980661449205856
10.78302369188077
9.7971172755151379
11.688707735525686
11.455059989833774
10.616554142435898
11.992357272502105
12.431064514712093
11.464094729743536
12.795267681315313
12.686168340216842
12.839635244430857
12.046747983220369
12.212345453021571
12.113568586407158
9.3375939092842994
11.763833189615623
11.236592376533389
12.79400584735443
10.840995916888986
12.673160349014541
11.827844193196718
12.117619030650701
12.681756814537177
11.017499343603781
11.640238687826251
12.706291876316815
11.075853643883889
12.447007518859012
12.534725629649543
12.017652389221722
12.63275849575726
10.778547447203806
11.257160925677709
11.771836291453482
11.648033241923907
11.777482682075336
12.212704706879506
11.591733996224487
11.590544100036896
11.645203195170643
11.55993482128847
12.213496951036555
11.621713726413615
12.78324659264903
12.374996870063233
11.971024018508388
10.390552347558689
13.001142042140742
12.447762828405519
13.153109683480988
11.764846934279733
12.033817486624752
12.24482429615353
11.717777392365369
11.49594798593786
12.052761693453448
12.060666008428008
12.860224601173075
11.979482374113458
12.698482592265783
12.860299795874585
12.175728417578899
12.346717787372302
12.1886215313198
11.693492469096716
11.666350014136764
12.460426147537667
10.950690592569767
12.363709794740762
9.8655797095575348
12.534401536989272
11.349200345379742
11.874333506849045
11.712055807921548
11.283705111954832
11.074313237030939
13.037261355111335
11.742843598229463
11.660995529356738
12.366495864688552
12.933167260157402
11.731721765148725
11.896040313140094
11.418624875308391
11.884120799472345
11.788934838656223
11.90694787632291
11.138427918636957
11.906629661135932
12.138882845343415
11.696976013456659
11.34743018681969
10.964860319483407
11.611502475910504
11.108819569853948
12.313622834616199
12.067398624510984
12.122753886436964
9.9619816372598056
10.782598642070642
11.812081176814441
10.962962612020139
11.005756180778633
12.183909787317043
11.326867992148705
10.641037346220623
11.977022692112612
10.922012874612591
10.141776183058415
11.184949396766889
10.481618416829752
10.976504764085316
11.069515524434166
10.667825577734995
10.651878979146787
11.215358686947248
11.830845824469028
10.963915746803023
10.838479496446316
10.463399561739667
10.892265470313124
11.417014111668498
9.8652343770349571
10.619001455489093
11.810126737338511
10.762864417727929
10.702905625918376
10.879814404702643
11.540108901541799
12.25768072529265
12.378955906761986
11.452732779755607
12.214660535260824
8.678378122782421
11.806876591960107
12.318283671897374
12.437136161112438
13.118628921230977
13.029635512183654
11.9307181376379
12.523446205289083
11.826483143825341
12.123621369995004
11.941107657182863
8.8113497988805829
12.580104374056418
11.392745126335676
12.080255786962733
9.576783650393569
10.571330996612442
10.826406434698059
12.093671191077696
11.210772017199485
10.625388539590748
11.174265518054094
11.322489693679247
11.416875530336068
12.337439606126466
11.791382347863106
11.877703893793592
11.611571825171421
11.674510665081469
12.847599805932578
11.076577552086746
6.978721476546383
10.967883709060924
8.1786889613903622
10.858308270698496
11.867387579102603
11.921044935203794
11.011013438902246
12.217255503665937
11.701356035933671
11.99970307888541
11.856794243720824
12.221337975219912
10.933270497904671
12.035899341975759
12.395424394047831
10.684850658249996
10.149299416825802
11.67891285733803
12.903888214419709
11.06471885316139
10.878442001054283
11.942070937876366
11.480271570869741
11.21719396122001
11.458354212764295
11.061133094214663
11.301970199632516
11.603961487079989
11.052503759644548
11.264264813477842
11.139005876557857
11.205675826142665
11.913930704705097
11.124261277986621
12.358177816226682
11.436845050218299
12.281481394855026
10.298688659074644
12.451736798471174
12.52181500409114
11.731072741122638
11.459780193565537
10.40451627852034
11.918715339962185
12.102534043393685
11.22565168220445
12.250162456471823
11.865383916550011
11.914398907594174
10.130884315076555
10.057699887781007
10.668074561285485
12.195766518172277
9.5257719960797065
11.297666367938243
11.757551733914395
12.064414009561839
12.475131112596189
12.305875207476728
11.949920937922455
11.559581009346131
12.358958878250162
11.676129599724002
11.354193082015348
12.403013801790303
11.612551645313269
11.386777462311834
12.130805219864788
11.41534328918552
11.319067932795829
12.240757298530141
12.598404976334487
11.744106622755142
11.754134633841403
10.833760321019906
12.220659993447605
10.405825160910988
5.5996616776748063
11.417857919336589
10.612989019003896
11.535370703359334
12.748974247069363
8.9219388120293708
12.635707354512661
8.5062485633984153
11.338479095736412
10.012367535292833
12.393468539735428
11.874814963736489
10.880347449599729
12.865470544607701
12.043189722601078
8.6153432791149651
12.230664406201567
12.380010205946899
9.0396071673048475
10.464454285225758
11.424735758571739
11.522246504569701
12.073203249862884
10.700263699424706
12.528779768093656
11.895654026719525
10.526284509030482
12.532168829579266
10.717146350718895
12.381339341499077
12.052697699559015
10.489997677020316
12.370967606473872
11.414411276546454
12.580973754746443
12.026919384646121
12.036623413274418
12.472673975755006
12.1617289156175
12.392576672406564
12.335903435916086
12.743751479910696
10.495161364204911
11.613807631601398
9.9783240334179251
12.577279471793899
11.692926627947307
7.9505261755682755
11.264943463598676
11.638939542621612
10.924581075602852
12.052122435203426
11.354870627934622
9.0275607246641272
11.781822346459284
12.032471443704747
12.532859341782363
10.987602204145157
12.049939783808805
12.743674467621501
12.217438891636371
12.49913026916739
12.132213228430942
10.779089935208289
11.617948863936784
12.414606646091562
12.123683101602461
11.571250116665279
11.409853659414317
11.593724579177278
8.4068009702228892
11.962403332080973
11.675594909732064
11.153205265199777
11.969927454935446
10.140555321416949
8.5168395082877879
10.479711003409559
12.762561327812985
12.683680849716984
10.513606739769251
12.592944060733712
11.484459930571717
12.04056960383034
10.818032265908609
12.475235772810143
10.491509588634734
12.047460646242525
12.149844824482232
10.678275959782287
8.3475191830389601
11.543539926530105
12.279264761229745
10.665235438596838
9.0646219418826846
11.312944023463732
11.794263313217273
11.442118043259388
10.834848569102039
11.221350773445891
11.435552173844835
10.964291379213645
11.205424354481842
11.491133131635166
11.316135783842951
11.408825004636354
11.290073924092773
11.312455263017556
11.817825557144081
11.549282677408019
12.207711599191512
10.799121611135787
11.068538120286352
11.525712677948761
11.62541826675843
11.455940455588953
10.232314299747911
11.463023469566549
11.588861010226614
10.144251537268852
11.69390723036148
11.973833910550415
10.833391047982859
9.5905069226381876
9.3579854631309054
9.4894910347407677
11.836759774263648
10.237346829022753
10.020808380462814
11.753308574042544
12.695171470188113
12.857424944935811
12.15065112743663
12.066322128303494
12.379816975408252
12.672593814459486
11.732752151209324
11.504724821305691
11.072715363245036
11.67866146411645
11.885820057230344
12.011990633212591
11.216542555814694
10.926864962935447
11.855460375082927
12.141736315956603
11.70815601842131
11.710074100645338
10.279426702967822
12.268247730691678
11.113883957964259
9.7159278471409039
12.103406884537353
12.87311581350111
8.0258667381501816
11.579277700507392
8.8192407027298696
11.389693695541938
10.091167961778131
12.679881250061513
11.793733826828163
10.365238655911615
12.814904733191311
11.653828684245196
8.3517403261615897
12.56027072899801
12.20824769087478
8.7194224176348119
9.9467722917035548
11.461001450855406
11.479367933209113
12.134589897575882
10.591245891498483
12.420004467727001
11.976692640170773
10.380248151833438
12.36693505293584
10.008658024577523
12.34571264578701
12.121443797505037
10.346679846349218
12.304061501844304
11.255161992967162
12.642941932223781
12.013550875344176
11.10244541196214
12.27148135507789
12.01305779181008
11.902502467786141
11.431747064987198
12.661483385469094
10.058990635341432
12.186658643903462
9.3986799647737129
12.53373779178772
11.838602443655503
8.2439283706876001
10.01461117043594
10.79219017050243
9.0365031107573657
11.680419308251198
10.331921637448787
8.8958452308528351
11.409079351289401
12.810037071352594
12.857919026124831
10.883645780020803
11.793996011742435
12.51182997766537
12.712167019610554
12.805606165821374
11.373078398831392
10.294558462831022
11.562738015062822
12.278888806804549
12.138398135319367
11.709559481759724
11.680588208675806
11.286815837334142
8.3649321732431918
11.744210358764603
10.911108503788286
10.550412400476871
11.970602449140978
10.901618092876479
12.180588643141753
12.504344588202528
11.476175352169594
12.639688916964118
10.961961521271052
11.783822582734066
12.317046932076074
11.434688715931161
12.122029397452414
11.713988886836523
11.788750846713373
10.923767563919096
10.304981713965539
11.682897105767125
12.243618078406097
11.113894168131292
11.427467252988887
12.409164693862698
11.864069903815075
11.284400484570975
12.272120907691026
11.250492404771155
11.050431844574252
12.255594073336407
11.242889963713067
11.272797326997424
11.303471472519993
11.275658595102852
12.204220016476793
11.275882298656441
12.156977399054492
11.509873014794429
12.601675946604187
11.044395039813224
11.983465290056106
12.281286740136958
11.065337602415367
11.299514232861219
8.5416626552665598
10.675440417185955
12.308849213341293
11.696273924337056
12.073407304306125
12.862880461604599
12.000293330540606
7.4379253492307242
6.6369503936215324
8.6298454950185413
11.460404727565736
7.5062568478213842
11.830285539123208
10.998218404272736
12.489756975884395
12.654916717060381
11.97936276888711
11.7222280420395
12.28934139341445
12.473362669459977
11.226554448435721
11.001187753246507
11.35146650003319
11.703562344299716
11.541669579252197
11.668660524265775
11.577979773823468
11.724643670292242
11.343009960172887
12.729911478644874
11.444470323215928
11.065835804412593
11.638322820182026
10.794453951606704
11.742697065153074
11.833931137714822
9.5944800384498539
12.183570922701879
9.8096743614897441
11.680584973335684
12.76440791711425
12.131449075267765
10.57813352983765
11.376986860178326
12.191934471433255
11.357550382989087
10.545756873859592
12.694417591662729
9.7930183601637193
10.392672391745432
11.213702948265107
12.235319512545038
11.489302150641844
12.110919548762148
9.7608291631747282
12.382604358427988
11.833080856865937
9.8325767523068954
12.403591353235567
10.377983790324823
12.368636580802134
12.087612269569886
10.072062160697131
12.30445004778692
9.2247350602763749
12.180146446093914
11.987076280547814
11.244277647019809
11.593260796372444
11.67671910560977
11.569917164237383
11.234032249979913
11.838191526590373
10.98696970192664
12.578206288967024
11.76277125368844
10.961614793972476
11.45541752151558
12.294140653475891
9.7727804434296921
11.445384725040547
10.202208852701514
9.8567376877537125
11.017427509006209
10.574032407904451
11.704379098092843
12.833805604502665
12.57998338502523
10.93626438316149
10.479376579333907
12.325540753717359
12.438574294421802
12.768788687090979
11.42527972758883
12.090704777146939
11.856602949083957
12.059304232547143
11.066889900737459
12.65344649944363
12.539514833119153
9.6014751623969836
11.869192736925307
11.280149823284267
10.426693484674573
11.142415462992336
12.173949694447296
12.274161804323279
11.879786433609517
12.528201289720869
11.469627373307237
11.470201219677572
12.317544652745294
11.163445687018257
10.576655342506339
12.181929018568816
11.833407646063092
12.484527400511222
12.81408549649395
12.362955329699034
11.617123775818683
12.151424326629993
10.973080472362039
11.221668102566207
11.831278816747787
11.88112491995026
11.573487747226189
12.036091048077896
11.799306401289741
11.408201883842416
11.990525476778851
12.404270400250248
12.088867899804301
11.873046370843603
11.3388783867843
12.079880274953808
11.416156418753362
12.268435547692148
11.192288297645044
12.363740707311573
11.889850293901164
11.356865451213386
12.27503815718106
9.5314972657583521
12.457481223098734
12.413742061217576
9.2884616128131139
12.430077313474799
11.209212929160655
12.031168950622051
12.242394726297508
12.621993782367765
12.830143058205525
12.532494933311119
12.30062616836338
12.367515770373496
11.881883581167639
10.560409994207758
8.7633404270900304
11.247265011859609
11.444448783646843
11.82666731913474
12.001171511654903
11.626256453929789
9.1655772543323391
12.123458800916454
11.981698514428432
9.8231116740460749
12.532894732504269
11.847226340078322
12.239510253339914
12.454534550823473
12.187592748597677
11.514422024918771
12.327900811489778
12.00653826065146
11.145685516499347
11.384897610411462
11.724866032859362
10.21945936036877
12.162197483895538
12.042122476860852
12.494972698678859
11.419476296096326
12.591696182897111
12.616105357991335
11.129214644758944
9.4914911047617974
12.49423642281109
10.16873593929291
11.125120778667471
11.991990263173232
12.861179782758407
10.877542622249555
10.5494472698814
10.103496363775934
10.986511602771971
11.052129885532914
10.831981313138435
11.269422777217905
11.032590198382938
10.87512454469106
10.787537630601998
10.657843643798063
11.009184816109627
10.77394780725208
10.844313617154574
9.8555055623892507
11.128910995165999
10.339102315374697
11.613000933983839
11.011930956539226
11.339696965696941
12.368765629913616
12.295464684348902
12.454155235423213
12.291610366908307
11.731804219773428
10.497997160440214
10.661283946008201
12.56053203120516
12.271919804856266
12.516899104650767
12.866003877152069
10.655194665083108
12.70994838765318
12.359546921974966
12.458685886675573
12.456663991047124
11.355486541207851
11.927522324459941
10.603761174795649
10.390733381886269
11.08113814076285
12.428969826163017
10.529376538903779
12.40282284338196
11.296112656253095
8.2107731896505634
11.599762840192499
10.98707540224442
10.995904198551859
11.34818487332813
12.651029757927107
10.953361468058064
10.261772212090301
12.294590344921062
12.138741179560411
12.531505109975315
9.8127817621068942
11.478912312255837
11.015261076509365
11.907661771699789
12.420013688871149
11.157658339339841
11.935046664968114
12.008305136161109
9.5881510052659671
12.733991316530556
12.035119861451344
8.3193233900911139
10.958381543836035
11.804154045739137
11.796410349948271
12.268200010734025
11.394066623030856
12.557829100128158
12.307744681613254
11.388612401355282
12.534387730680873
11.19607624150772
12.552874606759454
12.224117084155461
11.283786066042639
12.547318937336451
10.76010803846931
12.467830526829975
12.365111747419473
11.844563272060809
11.131864888905369
10.584851861482676
11.770891418292944
11.260349278597561
12.354578685510194
10.814315223777944
11.642935514168251
9.3735706422682039
11.778255206309147
12.205270056008489
10.185426137586221
10.892251638857781
11.824195517285959
11.324455699799474
11.237514343480202
11.542200711646132
10.534022407386747
11.91592334518327
12.014223869729507
12.538757025881658
8.9138572194977677
11.822395313243758
11.949049274752397
12.509006411251296
12.716168211103401
11.641424489774973
10.784377922307174
10.651545539457132
12.315826370275342
11.880856909925468
12.742188411482921
12.432361425891344
11.415345454136594
10.310183557385084
11.566346488150893
10.973352710615529
10.708293683802898
12.39346893611841
12.387176104740716
11.340663236892011
12.744367116547602
11.361910363359664
12.008214786660151
9.1054018573028426
10.668690740626786
11.171762236971469
12.434756963124263
11.106695669180358
11.72731961676206
12.347951970500278
12.339556472777891
10.43719705050527
10.06972126834053
10.460362707609487
10.69687964607037
10.52905514155273
10.314498460440692
10.981197317706766
10.607759338016072
10.784975368871747
10.357394945406293
10.416943714736702
11.105042737363357
10.522833238214176
11.732173935391135
10.038449583558199
10.312339728982408
10.178931156570512
11.946050055777066
11.708423502296393
10.568298507487338
11.781078447911812
12.722418235107167
12.259096863715484
12.70487648115072
12.491445991354022
10.500324395183492
12.734670463781438
12.629899894007014
11.27837558914425
11.665210898061218
10.937879377785322
11.575733421242598
11.341282695700514
12.803783722438478
10.719638686907683
12.445483836721127
10.415849883806343
12.66727561955009
11.228959323788306
11.067263652144415
10.374617040284276
12.243338301832038
11.087444949177845
12.158812007589768
12.515015075729693
10.667664377040657
11.237697713319482
11.146322457841553
11.549714820951404
11.394679858338407
12.902283608827213
12.31140520663825
10.421275436860194
11.327586455785667
12.033140716508891
11.514579139946829
11.951801110690683
11.825399827004036
11.59964537997393
10.892657901021835
12.501527815477113
11.530795921476932
10.888479858843915
12.072655670108018
11.100439144543222
9.686545764712136
12.12272013314359
11.801634895696393
11.507799025378166
11.671588842091349
10.976852295352764
11.761078801919963
11.513226408837644
10.737016418451498
11.764567310610355
9.0970107515330074
11.678791134927913
11.767056425897019
10.417969231173767
11.68175911195566
10.116868195471776
12.047811948708336
11.832793595535634
11.967676899926008
12.021192194392603
11.238681931308566
10.808116652850332
12.349442060683153
12.344230283877142
9.0167970936264972
12.573678179726652
12.288561611693344
12.295537655754496
11.960993589867631
10.737557446423303
10.771025142261301
10.951790359031184
10.392422039271684
10.939824732173751
11.244135806349394
11.370719290814728
12.321768524912361
12.354884722114095
12.701959631064202
11.171653210442534
10.680990355320473
12.610442009013267
12.327032245439641
12.492926263618783
11.744299465665003
11.948069735388346
12.285324199236896
11.80728368845884
11.671609008927939
11.687201558914877
11.399623591164721
10.156309011841261
9.9497564288317886
10.298494181408703
10.009604345164909
12.316201213510906
11.687784125499142
12.503788899766331
10.416642794004742
12.7691418540716
10.413597258583016
12.427932811566524
11.371786079130739
11.10573228358375
10.918247286430912
11.46666208600562
11.484265696024515
9.9608177168267762
12.595290674704248
11.638588432476947
10.385347763956034
12.679953708662884
10.20985410125202
10.617201253122674
12.662275120932742
10.092098188534965
11.614060888316766
10.477393886164919
10.303452593223387
12.517558903424955
10.497977349202873
12.697021325965226
12.123308869838626
12.817600239797915
9.8690066953249094
12.806278989816562
12.694335510487145
12.582706681986442
11.05809078643389
12.374918706907664
12.561733606997921
10.075599598596076
12.28002336530891
12.104477924149297
12.807951239986391
11.875034180292847
11.515794801262011
11.583289397966084
11.703662814193528
12.825932265391941
11.39447634392832
12.825319926627268
10.711553937557229
9.9046244922085691
11.712256657368966
10.10502807591724
12.970130051260991
8.0571125686420295
11.568462800906451
11.587261195001407
11.040440839779079
10.723654015093119
9.73221722559318
11.677524463793086
12.720852838083555
10.87821440332319
11.499380465431905
12.099806158966613
13.0105666085796
12.769850931654867
10.575363619548325
10.351878092395264
12.511610094265791
12.881953721782823
11.531606844285827
12.811048831266676
12.444356973727388
11.628868622977425
10.026279708015576
11.617654484496249
12.776491116431165
10.772208483121272
10.98085813735938
11.486232861989834
11.78633593078273
12.754817261796767
11.254066491745796
13.004203412822326
12.964803586733634
11.583717952068641
12.972392722796965
11.726200626596183
13.009348953142661
12.823607166005944
11.535682382772688
12.868406998088121
11.855282874177794
12.839842684688163
12.42097557366286
12.624212494459547
12.151924075713991
12.004919215036233
12.334296719055274
12.791035984814242
12.730553647667596
11.127312108921156
11.231140379363357
9.8612812109449166
12.647392528503314
11.254323782038425
8.0863418261951026
11.94130380907716
12.51293534032496
10.956761636961367
12.719374011655759
12.514832085747633
9.3491822885380245
13.050828853762505
11.502990066329891
12.580807022718451
11.290930563192736
12.436649695895003
13.185625785566669
12.830154609734809
11.746431376858766
11.572488934124189
9.8764006255778565
11.021951668082085
11.904196981201403
12.740756250310042
11.991922806542686
11.280346346232259
11.9147466380506
8.4908639636621857
11.813124588007639
12.869610245459212
11.476772085191415
12.244996083345315
13.183715142823365
10.987644563210305
12.372298879613053
11.137086849228929
12.154790716592387
9.2722967669458178
12.361450792302341
11.442084800932314
12.721224981761821
12.680130411303768
12.06325866775172
9.5883306613595423
12.774084955483445
9.5906062571356188
9.5174434796061416
12.807211092377182
9.729059954460805
12.328126284163847
9.5765005924861235
9.451355223882306
12.633319792085459
9.7687789253491353
12.905209704527081
10.855720328431248
12.728426194608257
10.993804321124719
13.174355071089947
12.789459070698109
11.411176623455409
12.816914468425257
10.710670909835704
12.619575585711221
10.973337300923165
13.062665511331975
11.289767998708598
12.857341546365211
12.990895711953907
12.129460432634557
11.388642406775563
12.551346213089253
12.059195886752653
11.882764949809776
12.874101963335145
12.523920437828171
10.80129300389072
9.5532255464893527
11.743231985606313
12.013444782592314
10.912771118005672
9.1640536942617228
12.097629655474439
10.653152885361036
11.563023610609195
10.631646738911385
11.451798049270772
10.18970275113775
11.048095335654816
11.283889444702673
11.88899213346105
12.544053596657523
11.906516857129628
10.921742959694194
12.567224624168503
11.587054994648316
13.185619924929155
11.10063027888763
12.58610166292935
11.681759962644431
12.321048950414816
10.563655932402941
12.10655306795301
9.7121882834483806
9.6816744639437715
10.32810025272663
12.656904513961315
8.1128458108157151
12.779839599596455
12.732164244146178
8.1496102476774563
12.833570406411306
12.321641146632423
12.774811211334999
12.792349236386025
8.7106764990685672
12.791242366940251
10.029635223233525
12.911414109637475
10.155059916755034
12.380827367900672
8.988044085996636
9.4253779854370343
13.165950997494548
10.32227912557544
12.599585892454687
12.646576221015341
11.412441954287749
12.727404443688776
9.2391378376089648
12.316088260603683
12.465095337041536
12.170403416327883
12.675813123306447
11.692726208063956
12.907700690158391
12.527487793946394
11.429333663717259
11.945151437011944
11.663167771999523
13.185619193785655
13.051049182101607
11.299601413661383
13.185619630820549
13.185286072145015
10.001944747522971
12.346985538662132
11.978259179270301
11.954241058783204
12.227622118651867
13.135773051520705
12.746687077050547
12.622813781416273
11.939929717782485
11.810279631425157
12.584150028945036
12.829139173117404
9.801205681190396
11.1056305919726
12.649948760573769
11.519331382439391
11.555855915347616
12.727759442640483
12.382889550415246
11.297020082919028
11.826314520761899
12.975108761948256
12.838133251998229
12.00604653117299
12.959761982438526
12.028332839602321
11.496557821884538
12.929983551553374
12.211070129699618
10.972296036146396
11.902134981729827
11.767751005439106
12.804250215523538
11.910999866720811
12.919494169930296
11.142562023968948
12.699306056829103
10.930867308437186
13.185621254770476
13.014564225311751
9.8754672897918656
11.420312742223839
12.851365101835427
12.437363891209198
12.229200875739863
12.676310874627697
11.463478157192982
13.131453521308631
12.28388089310174
10.954638686487941
11.23239925991453
10.47353585625495
12.192101708123493
11.079287375206745
12.69100294985247
9.9764757227510579
11.699541016087149
10.62116934383736
10.76369565064941
12.347166405032347
12.225506909774058
10.296435100684524
12.80996245024294
11.061270714626536
12.376349267549312
12.28454100357755
12.380883711497852
10.808985549134995
12.315699414014279
12.572381694285029
12.23711772034059
12.989560666197411
12.661765012721313
10.223630508920735
10.696854934558704
12.792394406921375
12.865673212256169
12.34071316163088
11.594184571965917
11.184901718158669
12.887915513365884
12.047003486531622
9.9531561417164696
8.2931907434853631
12.685688180510702
10.795779532812398
12.771504549679385
12.66198472096621
10.520329536187999
12.778348694680538
11.808690343651921
12.73072925632431
12.586504855100882
10.44683269269995
12.750132349303463
10.202229506733644
11.787859478584457
9.2246409831455978
12.929437731288221
10.046905209750951
9.9490385288793437
12.18271774275251
11.032681478864363
11.590130995727545
12.198384728562992
12.675309724483498
12.738488999521175
10.005310164281232
12.693467881707788
12.984745354579514
12.294571765781644
12.505496662303001
13.005694204511041
12.000833440065813
12.509930710496446
12.768887176212727
10.823203657117615
12.880914683108164
12.750090411953936
12.521280842112036
9.7991440990583119
13.082036977291477
13.075280657410383
10.31831753263037
12.313051496636678
12.074476229333936
12.831056249491203
9.6472973243546782
12.939556215236564
12.85006836557476
12.822537096820914
11.325403977142443
12.734360413734304
12.327129815147073
12.391531606542729
12.433672440464523
9.5901378152105341
11.479371176818121
9.0445042006121277
11.73960007116726
11.142919901399406
12.597470017178985
12.505343268081521
12.01181461897869
7.9007412558751717
11.476939600256452
8.5481863538710829
8.2801338291879905
11.935758392619572
8.6688064957440751
9.4112299159952908
8.505814460838538
8.6402743690767547
11.729499236201882
8.2195502053814096
12.503235832078932
7.7723849642964584
12.531344521331032
9.5777842250524738
13.083743870916543
12.61211211985141
9.5990719271189704
12.404205972402512
10.884205209591984
10.3143184931787
12.635250316633929
11.495991012801383
11.374672764103329
11.557441650879506
11.4975704813299
10.288494135560237
11.098790496476846
10.406303820621686
11.002657096263608
11.010299527599244
11.475923964011537
12.417006861940749
12.700430939894545
10.715815556948712
11.093881554810867
11.646146249610094
10.65740034280001
10.001201950368701
12.945183581116261
8.4157432237833021
11.319097646816338
11.065572673350264
8.2246992246652955
9.8897295244051708
9.1908630225277665
8.3748622747426307
10.907704143910031
12.065185855089497
9.7499599529658703
8.8745401444717888
12.263351646026656
12.901126508932048
12.001346694416295
12.442772174058602
7.9315264192195682
10.640794276131762
12.136363945644785
11.947717843728878
12.600177693468412
11.591768952469787
12.621474219589057
12.418268899110496
11.843511595537743
12.63416679059268
11.598652249323074
12.672550757726192
12.466572558713567
12.045411790444799
12.645067676738606
12.253780342058679
12.807809356130026
12.514372855274445
11.233567547216641
12.148032077715399
12.399400368389406
12.234784832893311
12.434876469794114
10.572361784792458
11.258299951719703
12.395610416581931
8.9247711829376577
12.602556493398495
11.407810419465118
9.1397270331460447
10.456297882620326
9.6011501342974324
10.475809786608524
12.105124277466587
9.9180799145893168
9.3158880751572379
12.269155454966118
12.707966318947079
12.841351455938531
10.932468865801013
12.808384422372626
12.76534737213021
12.856722425227145
12.710328084701697
11.055435111108332
10.075855008503831
11.157248636885713
12.53712309803484
12.520048743825988
11.896203743832228
11.75928752637585
11.619725644311348
10.597802289167369
12.493098914549583
11.701891365780169
11.505977451864112
11.053207558167237
11.787248192775973
11.912559994219801
12.799464570324499
11.79902736287111
10.356746960694737
8.3103479866104983
10.870431223603827
8.8769782455793589
9.1200580150633126
11.402454684128434
8.7642702054994466
10.893223699121926
8.7751364685009285
8.7168643459262043
11.073767641569452
8.6573931721578052
11.81469752651109
9.8879960277039132
11.652160181817518
9.7055346890459262
12.343586130996066
11.600363795429232
11.465535093561014
13.12397633325603
10.947085018717599
10.431237968255793
12.121066605749721
12.652209986868412
11.2939177644895
10.480746982936832
12.033988688315823
11.596081601333104
11.517089363662535
11.291387467937129
11.633377051222912
12.079345935175288
12.519964390339409
13.007150637679816
12.514010676128898
10.63020481382847
12.694072321614474
11.176776585543829
10.799246898440062
10.479055223752512
12.461482962074275
10.93413688312827
10.777541381396604
11.584862863862027
8.4756994437390905
11.320980161540712
8.4813180474803254
7.2261899696844063
9.9877729693609894
12.525122682063534
9.6519571460498739
10.690025268802737
12.908279798164259
11.393421631285555
12.629423085431387
10.885415962277017
10.801661228645655
11.234746416323066
11.862195005668735
10.73040830766403
12.127710883402646
11.812905080993618
10.426870823452045
12.250805456290832
10.697687765114253
12.057716732742481
12.017509599520798
9.9694745344580848
11.834415358316704
8.3231107957223074
11.05885760439603
11.438419712125862
12.429154061779149
10.291027424746163
10.239910667233774
11.927871633862837
11.650450237626337
12.494891454665925
11.026760759740338
11.477943852483794
12.737710283055927
9.0716570226173889
11.178056305142398
12.151869009229893
11.894687100969675
12.368073183710926
12.3554180340009
10.926534131432232
12.419903448605863
11.961591342467644
12.31337005889417
11.793516542544852
12.027701946993627
11.759361922533223
10.334853409295949
11.960776293509701
11.786959479385102
11.536439774029855
12.053362845358
11.504609534888219
11.797219387575835
10.443450353367563
10.911787472190918
12.655720785670738
12.434617469082951
9.5754218351879672
11.985943775041898
10.744238218583835
10.121893148674546
10.512891322977982
11.734028275364453
11.782947287785154
12.440292024021637
12.687951130734337
11.926715186807209
11.657975598220544
12.236852186689525
12.110284479672545
11.977162920938186
12.228268179462569
11.880042359705126
12.284697158129557
11.9685292137557
12.323731293568972
12.151687043818621
12.346689623416397
12.441311841384907
12.534262081442407
11.156667624139653
12.740455424289543
12.395655909078471
12.123561561452602
12.011433751675749
11.803861752988768
11.274116638797185
12.037209700781299
9.8924240391282741
12.653609784857812
12.270740180971808
10.021987527544626
10.710741080415605
11.191451946675279
10.80704623278362
12.059766046569688
10.646056798765724
9.8489870819360963
12.135756355700728
12.436350429043442
12.443821449934768
9.4641895577908155
12.722792744189151
12.64973775766784
12.419293262596325
12.833798574014315
11.471173166843032
10.147000475895041
10.006919762759505
12.284188597384043
11.367391786298617
12.190057606242124
11.731486521718146
11.549054918836983
10.213136941453381
12.200163201311717
11.629169656823196
11.331273522051175
12.007067793307893
10.476977126696029
11.242856388279032
12.222661747434321
10.819327671780552
11.973164670923916
12.201860604421384
10.621830594405491
11.927980558262776
12.243325124964791
12.170191165455924
12.180109784273528
10.729974366248793
12.188329583102259
11.08952415418088
12.90874796697325
11.597468995306922
11.66919560620404
9.9606145755651276
10.606368090385729
12.918479001107631
9.671296187625849
12.968221768238266
13.017775216474575
8.6056064704740098
10.986385044641546
10.852197178555453
12.678404491514613
11.074595504264265
11.080848891676389
11.754939116494679
10.978653424634841
12.927949432439178
11.685350036596637
11.013133047520181
10.568657467537538
10.862300992459204
12.782621801416559
11.06156632353655
12.225100216925339
11.428436221549994
12.983119351990887
9.8838837984612624
11.562723394319775
10.709033331702312
10.339459341196747
12.872774539658085
13.053751294253592
12.78725604371326
12.905184806795173
12.632116921284892
12.06103866792407
13.011995237665873
11.973964500245323
7.9361376014644387
12.1288242836359
9.1177272085498124
12.058802594098117
9.5387895958561284
12.547862042479798
12.509849731341699
9.1676454402191592
12.481039300274528
11.740377941930074
12.402574678194208
12.309439920410226
9.3109736508120715
12.254896764280137
9.4059607274814194
12.376659746071432
7.6812334987643931
12.700422870531591
7.1552625694714624
7.8770494871366639
12.772153553462918
10.582484536168922
12.977874018773928
12.066862123393189
11.542839263180182
12.086441163850232
9.8542025174297994
12.013377837081116
11.821211104925089
12.608010401721215
12.818039293896735
12.572508867195236
11.171720622938727
12.81748778216512
11.891252208662051
11.563468160149828
12.371949410360287
12.574222957897025
13.008778421251927
10.475718643047735
12.694292544617097
12.667728866636482
10.282284428380972
12.13418489687221
11.935730464108481
12.591202009598906
11.209650955557731
13.088366416452713
12.149417195556957
12.018431594402889
11.998823495517778
11.46958930685083
11.959985521781901
12.464325754684056
10.968323129648947
11.300387479545616
11.206488361579339
8.2252227357208714
11.490260591690676
11.485559415521937
8.2274530591474377
11.509879992432655
11.147796094363528
11.454647720481397
11.32661831605979
7.7015154140379005
11.445719272593637
9.1970961739717865
12.009434590523314
8.3695214246771705
12.141513485985833
9.8258907100761697
9.642373493999159
12.990950707435355
12.057413154053785
11.865458404349676
11.944202720800071
12.165575700364137
12.315721272846096
9.7972556051160833
12.211597115853161
11.924123356407696
11.96435109743665
12.800716644398408
12.4803807488674
11.820964549901294
12.479421600096604
12.004657780056853
11.858027580709031
12.56829451590972
12.290953106141613
12.737822057884804
9.5228946708850319
12.156388239622453
12.405958309481782
11.284358232690257
11.830403763798301
11.984907506506699
12.14480777664523
9.567523459541917
12.960272872972304
11.873168546916334
11.617248694320331
10.707401094624391
11.76434188964066
11.657174724766012
12.233707043055361
12.373425565277692
9.8039491639361387
11.168111655344747
4.2366310238633513
3.9818829955581503
11.509005789477886
4.0954579813801502
11.06382607338109
3.3472573767838458
3.0679387292692879
11.181572773773917
2.8211249714287345
12.035798658264827
7.346854778937157
12.141765678223576
8.9867948876895056
12.778297606330405
12.212811691620965
9.6203810610359586
12.632026553444994
10.920480684182396
10.993839122905113
12.079331077797558
12.677911167333365
11.017667693528507
12.616079818887815
12.345629647960376
11.281331313369606
11.38381016721412
11.237803584276211
10.945043801314654
11.368356924762367
12.632573071066355
12.480716307550384
12.20603565503451
9.4832869327736518
12.373218987614436
11.489870159519251
8.644088383313262
8.871313107650149
12.543836993153347
9.146383586800475
10.963804648324501
10.611518436078232
8.6687345712391437
10.131192556612119
7.4609124778048237
7.8154179117532658
11.033480870001286
12.667932719076965
10.238259681522459
9.3719089918361185
12.305262939435146
12.7611271502766
12.074018679880963
11.559063998171579
2.6602178054765973
12.074687764722729
10.680487733738008
11.873786788023688
11.785258820815329
3.9615494599063634
11.693312496853189
8.4445734020085599
12.171150123930113
8.8279135804778779
11.948897543647558
10.110753729640146
9.1970259324747694
12.717537470199943
11.885260206411203
12.264931499351452
11.492039151116535
12.512313566165012
12.155736373535806
9.7365690790290298
11.834471559916558
11.56386800291831
12.102676994411006
12.899416909413137
11.915139039667372
11.820287837024091
12.949022745592561
10.85815174938187
12.106113393202044
12.801437675279718
12.695973566306453
12.942942052516281
9.9473234739629586
12.828070285962102
12.683454108650231
12.256482008429655
12.327722489782955
11.717062327423751
12.394710354313787
9.9505600783803523
12.711655494971367
12.194129091744131
11.660943542809269
10.71956031408226
10.740982056562373
10.90333646268817
12.009416901086215
11.608140090929489
10.748033411326938
3.7212945781576598
12.257488201863655
1.0
11.514574141392931
1.6496725076392165
3.1577830599351731
12.041072697028866
2.8080990767537353
12.513448297337298
7.8288721343866436
12.3624671954126
9.4475829163149552
12.849545452203758
12.402795449133729
9.7744658193659202
12.811056638130541
10.773925969041999
11.128393613220958
12.081022856411082
12.854168976939617
11.391555033648832
12.839468678201603
12.587437053097673
11.447061617974413
11.058019508411023
10.815816567848428
11.202379986151925
10.985726758182425
12.856731294825851
12.792483533985074
12.034348094337668
9.9212748477374433
12.268584011732157
11.754750483887697
8.199898855304756
9.4807229344017596
12.657824448148954
9.3470015850281598
11.393493445177029
10.297457561797279
9.9426065130357717
10.034222125464591
7.9087486257446145
8.3393119449085837
11.063296646486382
12.903292073728171
11.000244877875502
9.5349086090459458
12.240629518513437
12.905509198409172
11.765279726328474
4.0094717410457106
11.021100923183912
3.3851382927087181
3.603855675196264
11.372621842008497
3.7235589350261078
12.042028976994134
7.5698894404632266
12.384952263113961
9.7292749676713566
12.832626578251491
12.332279641850061
9.5160917849510955
12.850732248435731
10.731406697888028
10.846699345244449
12.146677555617849
12.852739912734258
10.99639140966241
12.855677375064047
12.485854326404642
10.921098403728957
11.290706163607519
10.994737692754789
10.286423988781344
11.146950468147155
12.340854330234906
12.769916871698729
12.086526125397693
9.4557389578019269
12.327994044855611
11.330268962868523
8.9996433928709116
9.0396658410901818
12.748337629208805
9.0521543702518006
10.777031000901383
10.581517640777845
9.4792281218435512
9.5499242228137735
8.3626060966676086
8.7272065657677089
10.471391117203121
12.791315932251946
10.573998636854743
8.8676304236846306
12.255778697771854
12.830273870263298
12.280433183517417
10.690537984039961
12.125395147903287
12.016184384209337
2.7995873028741793
11.909287720525114
7.7883236702305361
12.187014481265368
8.3673649706016224
12.437388235333158
9.6460298352860754
8.7169673698928172
12.637276448432411
11.714010821024647
12.126973070060021
11.558919157673369
12.471094657511763
12.31226601415781
9.2604689045956743
12.133064440350555
11.507191126918613
12.352264339532919
12.978269194494162
12.30418491266207
11.966023728338008
12.966261388855539
10.919748500132094
12.01943264801435
12.91182696494694
12.742738106559916
13.006884542198891
9.5544262674925839
12.919470421816202
12.717540934062527
12.096157396510646
12.448000736863749
11.954663278164279
12.312091437398211
9.9781031792697554
12.660861010712717
12.325619143643749
12.142641617689129
10.487476698784061
10.521384423943797
11.072577662524711
12.029161649391847
11.640590193647929
10.501244578216802
11.584453117658823
1.8263123078167771
3.1614010940155994
12.106003863195395
2.7007970280263995
12.519356679137637
7.9552317963707422
12.389186134075722
9.4047545849514247
12.83203407980109
12.410129927970051
9.8496736092605968
12.690934658513399
10.745264505669866
11.095080762788315
12.018719176583311
12.792286393255486
11.545075538119736
12.823711899474556
12.52924774723021
11.376787938108915
11.027475550711015
10.730563094314208
11.211026043116345
10.953838840067322
12.837132829342375
12.687336360198007
12.046518885571425
10.108863107331091
12.260849566151327
11.843993546529449
8.0785408649694315
9.659266426244006
12.596644605979737
9.342154906138866
11.343370508977113
10.259116345507456
9.9694664007184155
10.26765650468217
7.7608923613983425
8.2521092064290631
11.102681180991647
12.914095592376457
11.045161323913806
9.589327748109735
12.220073397073728
12.932608387860119
11.345688949476639
11.513263275345659
10.250285515974078
11.24676085410916
9.98807707344905
11.163992016154943
12.018528039906949
10.176564705216053
12.486340666324622
11.461820869841009
9.896480312816184
12.628926714244903
12.002843796765257
8.9744141621619065
13.132744286833814
11.914488878174311
11.645420258376442
11.728022802240874
11.549573006055875
10.440060625237582
10.499137419567951
9.9651960209074595
9.9156049613037531
10.687293208271656
11.781567132245126
12.229463851547402
13.110615347937744
12.421306601669341
11.540387309045371
9.9594834923669637
12.211196534921484
12.117909012403235
12.91072608122886
11.639520651667391
11.340087373880717
12.610782192399787
10.021329269806886
10.939053104246817
11.004757945338973
10.40956283947536
9.2612680045320719
11.482788819762861
7.4714406882620432
9.448541337047148
12.406415960368008
11.967508679728965
2.1657367138337724
11.893897423995108
2.3841530487746088
12.418423748272627
7.5072416033707947
12.342295594874287
9.3990454273437418
12.830102722687533
12.377167053869304
9.679505707932611
12.921486072254659
10.983296204341674
11.145509297528568
12.155704830638287
12.859087768540673
11.289771281688452
12.796159853384607
12.552233225953023
11.416802063770255
11.151583193960169
10.89887092126069
11.050991842297389
11.101034913175013
12.796075107060506
12.754152257375596
12.073282991680697
9.762949446918153
12.519450696170306
11.630240192615844
8.4291053015977866
9.265239613763443
12.703057926566274
9.2810117566144221
11.375267841367869
10.712925708320446
9.6021812305454493
10.029410708574385
7.7557714662221127
8.0841597046534286
11.10733175944784
12.855733390958347
10.699438731795388
9.3106802980245575
12.334862686066209
12.848445639086027
11.754377742319763
3.0936198183777948
12.311915248430468
7.3603346152870337
12.266784643117557
9.1981838658118011
12.807352773828779
12.333966322182414
9.6453378331660371
12.834981778335507
11.204984086644236
11.164909083127862
11.963992093429708
12.788143753336678
11.143473219863056
12.710392815955698
12.441645260509956
11.303894115044844
11.302654372575448
10.938470942134849
10.997780133019992
11.176015385160996
12.605153043959536
12.585817011729647
11.928730200039807
9.5938853858130795
12.257776375612298
11.446011506866732
8.4061190818104965
9.1045492955101874
12.562231220560669
9.1853910781986929
11.010920493726239
10.594626655935443
9.3898713597479286
9.8952198868380297
7.8494452957363867
8.2543248380416312
10.63577710708352
12.824286462648061
10.869147931065065
9.0150747049642845
12.376126736717017
12.75685326137147
11.579652178509559
7.3608066818349904
11.677045651601622
8.6174352416437898
12.392401528783671
9.5881104649020124
8.528426216208544
12.347798897690096
12.004501265333861
12.047345791209493
11.34432862863698
12.536915048217631
12.445034362793479
9.005480086603967
11.843682485253488
11.519450459977811
12.363651615069065
12.912250378938914
12.296841301256645
11.561732864680391
12.877501735222594
11.112387860800126
12.241338163575879
12.957114592362329
12.442840755156777
12.858912665717277
8.9577162531033512
12.735105161361458
12.352254278962608
12.217943414300269
12.14666370616475
11.92692100574166
12.351249768385916
9.4159960124269197
12.313970187860326
12.073687028103565
11.856855624955296
10.019991599994206
10.335594828620057
10.621213526832785
11.676430556360296
11.824627966164439
10.475760830724585
12.292434242168197
7.1362276912071057
12.289024868992747
9.4528964384554257
12.794119032966325
12.334956655985586
9.3958965364822689
12.818096717349382
10.609117384204609
11.04602141254311
12.055994084106382
12.879170010295846
11.177705717953787
12.802537566518509
12.542949869796486
11.467244565966228
11.255286748493587
10.978189130544003
11.005700615249346
11.172913448912691
12.757484603344944
12.768751974922468
12.16155417287815
9.5398582485905532
12.229246341915339
11.596341110201102
8.4913699785834709
8.9895839184631843
12.682175989661381
9.1396164274273488
11.186126091478224
10.531481803210079
9.3028059905513789
9.7235432540914086
7.6619046557446895
8.0886358777433802
11.117334552007915
12.761755244777763
10.616332420656647
9.2548518354799327
12.168592410791854
12.876397812539128
12.018572664674966
10.205040364794069
12.873833612716311
7.8605865495857357
6.9132277491918215
11.387950067788044
11.98184266606982
12.024615988508415
11.002514658825373
12.523951165450537
12.845045017524418
9.2427033224258928
12.193487108958237
12.139409425699688
12.311637699642548
12.541930285733841
12.116085936765458
9.4013586230241319
12.755561446631981
11.544981553629938
12.525892525776642
12.975913162408519
12.846881738892845
12.821884986528483
7.1738961730939543
13.038337394554171
12.924178159396508
12.162603400574172
12.682165752374427
12.012149556553526
12.096193054966584
9.9340532105849331
12.135363170703371
12.735863454463894
12.565715731331684
8.5256278837462709
11.355747069560039
10.213081496501339
11.718820209752101
11.726237155489878
10.683257383064721
12.17445838899431
10.769447658292473
12.616818698795461
12.266442684627906
7.8559247847225464
12.709982441116129
11.460895024377493
11.703848838139459
12.751053502905394
12.972307485518574
9.9572974806027101
12.335689268392125
12.769917733865451
11.582105768254129
11.488636084865476
11.28009332683555
11.004888213866426
11.360578565296267
12.926721463622314
12.524570132709936
12.53026950731412
9.0873442958952673
11.692425956280333
10.668705866606874
10.685936641936806
7.9206728345801549
12.821153905093635
9.6181924144900375
12.697224293777293
11.728981487419109
7.6151657145187368
7.614241169946153
9.2017184460085417
9.2899360259543684
10.852464606314026
13.092714896877858
10.8590079933207
9.0583713097501732
11.976736581663703
12.875460028364932
12.733654095326495
9.9748498928935572
9.269424920057391
12.565968694207559
11.179336983759448
12.54958759960466
12.39212095058379
12.595231210049352
12.718456078152194
10.218304334473705
12.14176379924135
12.535231316062191
12.790763796580336
12.971284904213499
12.838472513265204
11.987570081267107
12.91537618651024
12.113422303700281
10.645471576729005
12.721532539173889
12.309722775465067
13.151044498141257
10.136408269606699
12.779255996858023
12.704508793016275
10.764328644505031
12.389694698812695
12.685211206524185
12.663953309269484
11.022408033554589
12.862895221267394
12.253849122408969
12.134721015935403
11.54511394367443
11.698053896289307
12.100136768657096
12.442502066026153
12.18290594082578
10.220004894844948
13.148565650127832
12.927679099878034
11.036271530034536
11.792435089821993
11.421173056757068
11.372270494133934
12.345001054172714
11.307835044193425
11.756010396507921
10.294947117200296
12.07105304626992
10.142264384055776
10.589931758975053
9.7973064580175233
11.455431745758567
10.748456921057763
11.816021060276105
11.274129360570193
12.209860607518312
11.384799048308276
11.650320810541485
12.278605992558845
9.6551744407006836
10.795564053000799
12.701032053315336
10.467340907020098
10.435666354651952
11.182736248931077
10.950072807720044
11.245833982424834
8.7513512997293788
9.4170506184496645
11.548967032401762
13.143344224423069
11.01169503988355
10.093432471316788
11.680513086390938
12.91113039557216
5.2736086255227583
12.578333542159777
11.1755753368366
12.362215777426991
12.620815105962343
11.700078952735103
12.790737537556765
8.674200832144269
13.064958900480462
12.63398217058859
12.444835680684404
12.717439693742168
12.426496078313141
10.754657946756367
12.970693218318186
12.552010330491605
12.122912945085057
12.869479239375558
13.002352380743522
13.007074868516197
9.896680756576508
13.180942143460717
13.1694266853932
10.563078343505868
12.459307190779079
12.116970484208933
12.251826895242861
11.693089810286015
13.11357522181016
13.150784208956862
13.103107827533869
11.498771208187385
12.511864203800705
12.311390478634515
12.721460991051099
10.945915422753227
11.266215671603883
12.198638978470573
11.107821315357148
12.492450524067447
12.077971321317904
12.317289392717615
12.828324308049584
8.7160965878887531
12.950127127967136
12.459957238375162
12.763568525366328
12.894480063843819
12.527576591755127
10.63450905973761
13.091576718841974
12.583772276901632
11.897344747795401
12.849220881646144
12.902483372033361
12.851547457925967
9.0517913950940248
12.896131979478714
12.934965435644141
11.294160783612586
12.427036077147056
12.086386901474274
12.421937461058482
11.126243759918554
12.993670387186436
12.742132786601495
12.595249180345515
10.942600498391457
12.069980789417453
11.442824551750968
12.559309699662119
11.291121993262488
10.327445520374091
13.027035047429782
11.375417128353259
10.067366698569749
12.904081677866067
12.994828773789582
11.945570255974376
12.625477825468463
12.902435068226598
10.81820244325764
10.48579278722757
10.203947513471302
9.4618924356081724
10.568239760239308
12.462893808292836
12.672448127802825
12.928344107394098
10.591409845602561
12.176385909329596
10.260855395691284
11.80401802892337
10.239695062927668
12.881425784163101
11.113205008649311
12.399896525140598
11.889479832244874
9.7396535124913317
9.4031239154043718
10.409780206070375
10.542529700545703
10.031476376766451
12.918445399146707
9.9520230655857826
8.9404774221530854
12.858606003686388
12.99744440176649
12.645452050707743
13.146223328874989
10.799442117693449
11.780420514559289
10.565124124541175
13.08538437325482
12.57391016646908
11.350394494936484
11.88716103757209
10.736871509741524
12.70254626863194
11.609035892529461
12.668505987897891
6.7381989210074007
10.746885661550291
13.128028254309031
11.245739270480726
12.616934640710079
11.642776299468567
12.90280686893376
9.0718725034796712
11.3724916360277
12.270261754647837
11.198004990198253
12.771524361728972
12.413133370042225
12.916222444428
12.935431337652881
12.670349954859589
13.146473919527706
12.958624975992121
11.728369255621562
8.2848638444464839
11.482578360474198
10.791382623203017
12.86961411786957
12.041288556929826
12.139393768783647
12.435827318815484
12.329760234499698
10.885418854180172
8.5935323933810004
11.386795491302212
11.292214442841479
9.8886689110732977
11.553862856321953
12.41923185527622
13.081687748979069
12.741535910343382
12.320239698883393
12.100016970957849
12.446201466657051
12.610626924360174
12.724123622077894
10.97876210234508
11.143914634107389
10.865124730407461
11.218995463997008
11.244207896304223
10.687002492894715
11.210004876863472
10.924112535735008
12.874571434100067
11.334352637413556
11.720185516750611
13.006504587437144
10.123272314029268
13.135916384040264
11.520349453967016
12.934558509181439
10.399247961515922
10.430124724887701
9.7860769517354864
10.388755744040493
9.6862797139363241
9.7807456974223008
10.760193892768632
10.546215735648056
13.129891386397258
13.171752222360643
12.926982454734203
11.938779919721501
11.374177917571902
12.677996580112039
12.777118676597025
12.793324249907208
12.038969413967212
10.401797357602335
12.287963965410386
10.909995774448609
11.380280760829175
10.224454498292539
9.4724318216710373
8.7202098060823463
10.339679972625158
8.4819771550817009
10.393633560544622
13.127869197611899
12.523386616523426
11.35553919355659
11.855813347012795
12.604920278521179
11.500449849519715
12.1021309904358
12.680544497362774
12.232910229082636
12.903556345829537
12.534975365588522
11.595755606131112
11.911900541400557
6.3343210331680622
11.020796215295597
10.902680922654882
12.938068809881914
10.564803537567581
11.480280919536046
9.2516043512040955
11.762164749168942
10.737170582266435
8.5540941608586767
12.729676785629806
12.036371246681226
12.693903900733682
12.435589901432476
12.896768389675207
12.123735810184785
13.009038379362734
11.291844591480947
9.1922573627510271
12.677355164853397
12.913663960823698
11.173746572051819
6.4672277559991427
10.73827615291292
11.859344252346848
11.461565107564164
12.64415020259425
11.299779189881729
7.4697081307094422
12.208117019198401
12.241446753407049
13.032249360103545
9.8889825858279075
13.104266850661647
12.158600211661446
13.119641512483081
12.334231838638553
10.871059669837235
10.347929071655237
11.300817011405911
12.897909624517427
12.649719480749923
11.35956355378924
11.439187619790463
12.797822048087502
9.6396734650940576
11.528843073666527
12.015698104705878
11.195746960731553
12.458621467043283
12.453964063697034
12.914059385482645
12.383922682073333
12.929898583562808
12.755689937381984
12.087107233856818
12.992793656188645
12.650597809698436
11.356927327046996
11.805967763396803
11.098159200156429
12.297998751292647
10.248038015146475
12.080925424001872
10.304418829931741
10.868430898817703
11.016803461269879
12.670955596034123
11.793518495154753
10.117129112502546
10.225336065275156
12.142307776005209
12.183753221492539
11.06450915651433
12.770485744065732
11.981217490438798
11.20546147588319
10.623995024765922
11.123153925359938
11.087098972404041
11.62038622305939
12.871324249167918
11.85620529416131
11.493721106260328
12.540104263170965
10.839915978747353
12.9295050333383
12.67513805399968
12.44106491085874
12.789983403603422
12.34250678196863
12.14633629371726
12.541815515087487
12.573438733483918
12.430682584109412
11.426898594492954
12.953896372208046
11.545234861802129
12.589182783949338
10.462201523739347
9.7252810996844676
11.446306251264684
11.708502121260466
10.588518411762442
11.872777001924845
13.135039706357997
12.587178420460408
11.111473724651409
11.611063510327822
10.913662922153582
12.728261784766747
11.692487078182277
7.5877108795154404
12.478603574438688
11.99456561348862
12.833368846201409
10.909357626240611
12.562877626129287
12.714004466771597
12.793179159211984
12.139925777676847
10.935242140782163
9.6330720528445752
11.706866114936238
12.25498188257373
12.641395282929917
10.724397396474984
10.925280548171326
12.126344517914957
7.4010426336367612
11.06727855384306
12.239529307617747
11.543825577712502
12.009010703305867
8.6439996753214814
6.8179682679652007
10.865867215636662
8.660019734200251
11.080597683070945
11.121692179073092
12.941971353937243
12.747454640728852
11.489346113599856
11.625313986532371
12.208171015374102
12.515692287088873
11.798250338679463
11.128333809562662
10.564360313465595
11.990554055503994
11.610298062730983
11.242684932863117
11.447453784773957
11.218533551749116
10.752900060095509
12.563980489040047
10.999346575715428
10.460066013185578
11.083971415218757
11.532581622735739
7.401573055654457
11.098968270851234
7.1559006665326406
12.136978465027264
11.371170596978544
12.753581737914903
13.023472412641274
12.15008796373627
12.180659879764058
12.196511277024126
12.775542507523539
12.347621945436135
11.163333351618688
11.198386152107915
11.956370837086171
12.224001886646866
11.306001427996293
10.660782730728068
11.232939809911629
10.93815423885413
12.537492188616458
11.388259101075116
11.053585255860938
11.942110072044066
10.69558256100529
10.753012513649205
8.6496292475482388
11.298163488033122
10.742898781806835
12.633643602618113
12.992026372342892
11.793865154413359
11.592869031342484
12.088203380376774
12.665822299149198
12.353234524831604
11.08875057321011
10.663339606545021
11.909060544342303
12.061604319429618
10.687742120077816
10.665086015255131
10.470478818794449
10.169860159792343
12.122762497754794
10.976883759835909
10.372666800355466
10.689975426128973
12.048942908935105
11.204708505176798
11.152072791743921
12.9095324506628
13.098064162533239
12.330494565156291
12.43754164667453
8.5758511982597589
12.474035063979999
12.192256464982124
12.842963451976894
11.318438561300026
10.892714658314839
12.262932560873566
10.914937740995752
10.199309185603019
11.642710244338053
11.267215843671925
8.7759420616918469
12.796964170438867
9.1006109489836682
9.747377661240785
12.441062277725544
12.733479100821395
12.120378793848557
10.875971750487453
12.794909487218858
12.955072412922847
11.917137627745777
12.598901177258982
12.006965501765848
12.757004535070674
12.205368557083062
11.544853927711531
11.520054971953977
11.730777215194514
12.379765289490537
11.472068317525727
11.13818835235065
11.384980525872621
10.933869868159839
12.620820074861367
11.939706401052936
10.57837516889458
11.338572803875371
11.157626174579041
12.845938426369825
12.295431951258536
12.572433078488915
10.754598895603468
11.962694608982606
13.081377937305719
12.846214399440523
12.875158160729631
10.543943368298217
8.9929510452934061
11.56422610529377
12.47816215333822
12.2289606370506
11.758446491758669
11.770388352945536
11.418621432405168
8.1473879021743567
11.516000670852863
11.862779641892816
11.667184953549441
12.23978501576857
11.501084048575738
13.059084775194702
11.781186724924201
12.791310478949367
12.061899673740447
12.648590346685465
9.7036049814040073
11.92770945263401
12.339780093608812
12.015827268342578
12.754185041900064
12.318551860306835
12.557426099757626
12.823478109822021
12.845068358194476
13.179017610278919
12.988657631592336
11.888559165832518
10.092354476252083
11.199135123413468
10.964071446817483
11.093568596903973
13.072081645580273
10.940831300746522
11.086108784865942
10.236044550546213
11.728249296946821
11.865800040217493
9.0132097076478921
12.763515155012112
11.445391188324951
12.914355832564528
12.75955916997661
12.928606344085653
12.250039823648782
13.077928612033801
11.411662437051982
9.9713757627782975
12.929775221843812
11.75257165062531
12.497064163208718
11.107818485317406
4.646207310336008
11.868196492604412
10.062221823830479
11.741671374901957
10.989587984177074
11.012869329976677
10.498265087003091
10.850976075064285
11.106302194041374
12.532907908199547
12.640899045199417
12.471893946189518
11.250975100671441
12.316339570152389
13.170243119462246
12.861920185211661
11.217734833642124
11.289845103458806
12.259890204173107
10.646775449793413
10.754618136948007
9.3683956310395065
12.645936734455063
10.367937865598273
12.806169437828459
12.667107358196668
11.760780122221378
11.01148615211719
12.353129428752432
10.668793064804746
10.343987981371377
13.071086716654069
12.963710692953391
12.317387183368208
12.059328637826425
12.173964470515545
12.356303650727076
12.641375334853725
9.1207471479094071
10.572374503360564
12.247132506942084
12.28451176989163
8.8007626895248308
11.965816983353257
9.1348310205875993
10.747688638219163
12.593128154388639
11.061360043015958
11.034100058759583
12.111183238164436
10.640496413410931
11.576804277048678
10.006359535053381
10.911083939828737
12.324774117198173
9.9774553134600517
10.236544977632997
12.360066847638477
13.170440920660722
12.265599566460912
10.166083837332883
11.226405627759735
13.104356513501125
12.057224372594506
9.8459260320184736
11.998531462418635
11.356874782647507
10.639149487355295
8.8769662011549624
10.371799142271657
10.763747613377374
12.306002016011508
12.884250053330202
12.173853236255647
10.552691067031805
11.852224677796734
13.175930058634142
12.14089737372935
11.580051104907655
10.825738777048601
12.533414091798164
12.852143523830406
12.191228490330808
12.323394598808065
12.932164377628562
12.546069953157414
12.507514157284826
12.360125887629337
10.653736257737044
11.604739187132814
10.330137330536681
11.328607164467375
10.574906375751388
10.985233677045638
10.038929596535672
10.664572144966055
12.059535976141628
11.88273527588616
11.786565748178585
9.6593983206631133
11.498845611415712
12.85216589574156
10.679738847938756
11.726614925333086
12.193319992097697
10.9884795090443
11.257485670203488
10.702482217676803
11.284463302386497
11.340751166514451
10.609193955197348
11.138122349980128
11.952501799114872
11.806868622368766
10.945517414818489
11.852051481902022
11.918039075611132
11.614150010568748
11.560336499586047
12.590102603164462
11.00662005064892
10.275906652494898
12.568987436205074
10.737358204006089
9.9840643309057189
9.410878119160575
9.9921683840465292
12.454780206454572
9.599540593131735
9.9697485302573075
12.432898639120756
11.494384516146436
11.356133525296579
11.318825693672812
9.9049568385119038
12.66046251286976
10.238282977002633
9.5928598451306222
11.329088592607382
13.153397861080805
4.4615732527922658
11.577067691455442
12.240835110970435
9.5299067126440988
11.213751144797206
12.830427474740429
12.928548468035435
11.101878968670393
12.034196183330344
8.4588606493122551
11.009862578943743
12.859772078444953
12.782462756183133
12.17242402759722
9.2133762239723414
8.9876454031754225
12.906123036342718
11.380529929754701
11.774525449169557
12.95750739555956
12.863144711888106
11.972598272920392
10.14158532519639
12.875801520469494
12.278721015419595
11.244019518130765
12.678206435358879
12.306939957154308
