2.8306081779630201
3.2106777009806677
3.2045603995428356
2.7612259207266883
3.0169465851030233
2.6055454084208503
2.957407934609932
2.9070707440941539
3.0742245968068826
3.0189322371619172
3.0911302766404871
3.2113339328070105
2.912250943966304
3.2124450405652443
3.0086659756985594
3.1606215320015574
1.0593457155239141
3.1549614091518188
2.9225878811044264
1.0
3.0956530891640113
2.361963543721211
2.9747978566801665
3.1356736128125755
3.1698680122415741
2.5721192648942535
3.1567287085415043
3.2126146450156345
3.0242727703022267
2.9120199506521494
3.2139986962382716
1.810720946663934
3.156784741628599
3.1218862816271331
2.3176286832642639
2.9285519835629876
3.1964021106758409
3.0409721371794403
3.2157883528702027
3.1106784256780964
3.0551449064316976
2.9302526285938084
2.8726735463208746
2.5833829194063918
2.7086686019109658
3.0568576200942461
3.2060211116199415
2.8036908808148935
2.4327221908362073
3.1994280016565892
2.8005594825667255
3.2020331077393709
3.1516935925718195
3.1642165244154081
2.8286949234361023
3.2150113424058118
2.9004882004752259
1.2744979949253135
3.1822446855065971
2.20637573220443
3.0750081342065632
3.1509061912399763
3.1011795449624295
2.5840489688335646
3.158089085090106
2.9634051201856528
3.109653259128339
3.1080040835748441
2.8906999084780831
2.0069679000450997
2.9450115036431104
2.7299678151140601
2.9149250323606335
3.2141452362524827
2.5792622478025411
2.5320688977617696
3.1349621260402092
2.511807948995056
3.134880507356844
3.1237305655715564
3.2044297376281201
3.1873165604690765
3.120329176939912
2.6536307597043778
2.9785114806119766
2.9270048769905372
3.0993407385540883
3.1167561480093622
3.2095045973749015
3.1145761806751819
2.9428859031945365
