1.4092149186131226
1.6148884783176134
1.0
1.6428894147048123
1.665626917157798
1.6245421725131683
1.5613909374872377
1.6868866439099375
1.4121449655140506
1.4649572144220213
1.5467957155925953
1.3223974722744243
1.6423434621747148
1.6773286012287081
1.4685639909023775
1.466735541363559
1.667433054617371
1.6162835150793164
1.6566012506935699
1.6190407578163872
1.6428140292923812
1.6201411055077604
1.6191606769150324
1.3710275005455907
1.6458126705099074
1.5072453773499674
1.6430236712978226
1.6008856089449448
