8723.7293352713677
7841.6682531364659
4588.7031579900804
8525.6643055588338
8746.3498489745143
701.90808926721513
7486.8151987566798
8702.7719803655618
885.41215932545538
8512.8446195202087
558.47047018226283
8512.9623051669387
8994.4382258616206
10363.235143940248
3399.873432673055
12038.021309511303
5350.1851374094895
5398.3177698677764
8003.9414742432327
12038.021776008496
12038.032166500674
12038.023532630288
12038.023314344797
11263.327964123171
7847.75876306398
8917.7055155956859
7871.3462560411845
8468.9140748501923
8719.4173220667053
12038.025671141473
12038.021238025109
8682.0062611070152
4405.1300843020863
12038.024577473097
12038.021500098583
12038.021512347346
12038.029639835158
12038.026756597941
12038.026924506546
12038.030845927078
12038.020501578761
12038.018837463718
12038.018535053798
12038.027701448116
12038.023621232232
12038.029240900825
12038.019408490451
7934.1232316854212
8721.0557568463246
12038.020739328214
12038.024635686637
12038.025996551616
12038.024085494002
5613.0410933896683
8107.5678213030278
8226.6725935254453
462.27543005101228
8651.1609751882534
9415.5495315353164
1093.7554689804481
8642.8510127269074
8408.7999267350551
8714.2165629749688
8409.1577180092081
2905.2023807908554
10071.173909723897
8454.2628611929322
12038.031111333003
8418.7592932957432
8423.6199325636735
8122.358274474218
12038.031577829815
12038.041968313533
12038.033334450176
12038.033116164863
11918.274296430167
4421.2485943203892
10137.645148863268
4414.2161924350412
2086.2112543918042
119.20153350535216
12038.035472959622
12038.031039846865
8862.4592247603523
8894.0401590001711
12038.034379292136
12038.031301920126
12038.03131416888
12038.039441650075
12038.036558415206
12038.036726323673
12038.040647741016
12038.030303401119
12038.02863928743
12038.028336877756
12038.037503264612
12038.033423052051
12038.039042716067
12038.029210313698
6596.2662939851161
9691.8125478562597
12038.030541150378
12038.034437505628
12038.035798369499
12038.033887313442
8096.2812254026394
8565.2925123136083
5685.6312959540001
7806.1691143915514
7621.5614205367619
5713.5774677392183
7798.4362866757983
8395.9492131215375
7831.2250469416276
8396.0762608388213
6789.2730325467901
9879.7503358098547
8140.883822134917
12038.02783399
8336.024632204415
8287.618832964592
8105.3120059915782
12038.028300486942
12038.03869097349
12038.030057107782
12038.029838822407
11534.234760177076
3258.3900337905347
9196.5270384043597
3196.5597233871745
5710.6809104617951
5623.3425699410127
12038.032195617807
12038.027762503847
8968.0118301348448
7766.6231033266113
12038.031101950022
12038.028024577179
12038.028036825935
12038.036164309342
12038.033281073687
12038.0334489822
12038.037370400609
12038.027026057898
12038.025361943754
12038.025059533999
12038.034225923351
12038.030145709678
12038.035765375227
12038.025932970178
7558.4922693463168
9881.7544469787372
12038.02726380722
12038.031160163533
12038.032521027775
12038.030609971196
8924.2405630650883
8079.1762300730188
4163.5069366300659
8660.4927237943775
8094.8433687728721
4484.8783832660056
8849.1740776387505
4877.0137586827059
8849.3463292482102
8244.6794283353756
10360.822668847923
3328.4286035166774
12038.022436372052
4171.1411363043371
5759.645441618135
8698.4513091546742
12038.022902869201
12038.033293360408
12038.024659490829
12038.024441205358
11791.939286265671
7772.496800684452
9838.2078612010773
7793.7761757437593
7867.6118357142441
8104.0373525661462
12038.026798001814
12038.022364885865
9219.2741723106774
6346.9223703941752
12038.025704333539
12038.022626959313
12038.022639208077
12038.030766695128
12038.027883458182
12038.028051366769
12038.031972786937
12038.021628439586
12038.019964324696
12038.019661914806
12038.028828308268
12038.024748092763
12038.030367760834
12038.020535351379
8104.4185702780132
8604.3372518275319
12038.021866189016
12038.025762547075
12038.027123411926
12038.025212354492
8235.2136232216108
8504.1231275596219
8541.8433892155008
8115.1508979559048
8493.7374482323539
3838.5169521036628
8513.7019017678249
3838.5629168761116
7930.9998884628822
8721.4800415419959
8940.0210681916669
12038.028688799639
8715.3089855836461
7060.431207084187
6527.8376692866641
12038.029155296546
12038.039545782354
12038.03091191726
12038.030693631905
12037.249481037294
8352.158247153222
8068.1102654080059
8257.1804251489848
8467.5587319752012
8234.3193937294127
12038.033050427137
12038.028617313488
7264.8733614275116
7373.8868646897772
12038.031956759429
12038.028879386802
12038.028891635557
12038.03701911839
12038.034135882937
12038.034303791439
12038.038225209571
12038.027880867592
12038.026216753569
12038.025914343834
12038.035080732534
12038.031000519151
12038.036620184303
12038.026787779952
8009.8895435811601
10842.626356226849
12038.028118616898
12038.032014972934
12038.03337583708
12038.031464780637
8674.818964484175
9393.7216503161599
1192.0027921013534
8666.5180442767232
8416.6967544592553
8736.8719158689164
8417.0527021190137
2854.2613757628078
10072.260126834553
8425.0657070242542
12038.028981763307
8392.8850739583359
8399.5047599476075
8132.821796474881
12038.029448260202
12038.039838745759
12038.031204880876
12038.030986595521
11972.842877889834
4370.4356142747847
10137.008400609071
4382.6274707339817
1932.7669873069437
485.37998976213072
12038.033343390698
12038.028910277159
8868.1896355388744
8999.3346125252865
12038.032249723017
12038.029172350465
12038.02918459922
12038.037312081853
12038.034428846473
12038.034596754969
12038.038518173005
12038.028173831281
12038.026509717296
12038.02620730757
12038.035373696046
12038.031293482762
12038.036913147775
12038.027080743666
6589.2101023254017
9667.4779570430255
12038.028411580581
12038.032307936521
12038.033668800632
12038.031757744237
7501.8389518804115
8626.6505585048053
567.48001912368807
8452.7037747509694
910.24568304579805
8452.8335447432983
8939.5580824677127
10348.872589771321
3448.7141141042498
12038.027341947656
5353.5855535517949
5427.0817221353655
8012.5521909923173
12038.027808444614
12038.038198931588
12038.029565065526
12038.029346780144
11268.028212441877
7808.7904564728678
8932.4400882468253
7832.0833179328611
8393.2530321504564
8645.9440922587019
12038.031703575638
12038.027270461496
8696.0843331284632
4445.9162252274828
12038.03060990781
12038.027532534838
12038.027544783596
12038.035672267339
12038.032789031564
12038.032956940084
12038.036878358655
12038.026534015518
12038.024869901308
12038.024567491539
12038.033733881268
12038.029653667427
12038.035273333206
12038.025440927755
7942.7190043376941
8739.8273428705397
12038.026771764851
12038.030668121322
12038.032028985619
12038.030117928964
9244.7101751890077
7474.2776453520864
8964.4678642488034
7459.4267436823411
8964.4876498168542
9452.6747943255359
9965.9646417327385
8745.9245163707092
12038.028026663213
9134.5887175283478
8296.3810901405686
8866.216604140267
12038.028493160147
12038.038883646526
12038.030249780959
12038.030031495588
11151.457960918795
7478.1810122899033
5058.4575410489169
7467.0996041547642
9200.3017204733005
9389.1403302850649
12038.032388290951
12038.02795517706
9451.2920533686629
7029.4460783492232
12038.031294623184
12038.028217250388
12038.028229499143
12038.036356982422
12038.033473746813
12038.033641655322
12038.037563073671
12038.027218731122
12038.025554617006
12038.025252207257
12038.03441859646
12038.030338382852
12038.035958048313
12038.026125643422
8315.4998893420779
10544.097243632445
12038.02745648044
12038.031352836691
12038.032713700914
12038.030802644365
8617.9918215684756
8454.1164004800976
8692.9003321388482
8454.4718765986727
2400.5881983049044
10047.307119870124
8458.0018472543579
12038.02964877806
8431.5022621933895
8432.8829898779768
8046.4660563380194
12038.030115274929
12038.040505759911
12038.031871895504
12038.031653610164
11912.878299022959
4558.4875569061487
9915.6489564319654
4482.1746748672049
2223.0292282766145
1051.3720502437186
12038.034010405208
12038.029577291914
8854.9085835870101
8872.8525499482512
12038.032916737588
12038.029839365208
12038.029851613963
12038.037979096143
12038.035095860923
12038.03526376941
12038.03918518723
12038.028840846076
12038.027176732185
12038.026874322473
12038.036040710444
12038.031960497387
12038.037580162087
12038.027747758524
6259.9163739347568
9704.4749795469615
12038.029078595364
12038.032974951087
12038.034335815126
12038.032424758836
8437.8226275411198
697.26277920172038
8437.9552253875117
8928.7181036308593
10351.372199481375
3824.7026619173748
12038.032579401841
5639.2712580137259
5374.8603291744967
8003.7804519529473
12038.033045898597
12038.043436381049
12038.034802518745
12038.034584233455
11262.902473701366
7800.1762406706821
8912.2007696866949
7823.4476476295813
8384.1405831975899
8637.5741773465779
12038.036941027927
12038.032507915714
8689.0073078100177
4394.4543898068823
12038.035847360574
12038.032769988944
12038.032782237695
12038.0409097179
12038.038026483382
12038.038194391827
12038.04211580869
12038.031771470054
12038.030107356568
12038.029804946935
12038.038971332671
12038.034891120606
12038.040510783941
12038.030678382769
7925.9027539976505
8716.7915096401794
12038.032009219285
12038.035905574061
12038.037266437766
12038.03535538194
8496.7792159307282
1.0
8527.133998925874
8767.752725722381
8883.8392944163188
12038.022143798029
9149.5459424473393
7528.9666189999643
6160.5043789478059
12038.022610295187
12038.033000786645
12038.024366916859
12038.024148631383
11968.150806486627
8693.9453302749862
8431.9325023257006
8695.4246519416993
8693.7986708381613
8416.3226351188714
12038.026505427895
12038.02207231184
5666.4513143888425
7954.5489861622464
12038.025411759596
12038.022334385294
12038.022346634056
12038.030474121306
12038.027590884289
12038.027758792879
12038.031680213146
12038.02133586554
12038.019671750615
12038.019369340715
12038.028535734402
12038.024455518796
12038.030075187004
12038.020242777307
7908.3994271717456
10887.638303719956
12038.021573614977
12038.02546997313
12038.026830838018
12038.024919780537
8496.8991701887353
8983.131449538525
10362.826909789625
3778.0071685476364
12038.022910571786
5630.6548820104954
5346.8310319583461
7993.7119737523453
12038.023377068917
12038.033767559717
12038.025133690475
12038.024915405014
11258.739028365457
7836.5374513817542
8897.7782661802685
7860.1032008434195
8458.5426733017975
8709.8441641300033
12038.027272201378
12038.022839085603
8675.2066701642016
4355.0271174861909
12038.026178533146
12038.02310115904
12038.023113407802
12038.031240894536
12038.0283576577
12038.028525566282
12038.032446986294
12038.022102639352
12038.020438524529
12038.020136114652
12038.02930250775
12038.025222292408
12038.030841960257
12038.021009551187
7916.7582044908004
8700.247275288204
12038.022340388774
12038.026236746678
12038.027597611477
12038.012546822587
8527.5025886406474
8767.7457035151092
8883.9837431525357
12038.028311301052
9149.6224278445789
7528.9273363047723
6160.5016992619921
12038.028777797974
12038.039168284109
12038.030534418747
12038.030316133381
11968.172178123617
8694.1836629019053
8431.8235620423911
8695.6712060408809
8694.1493195465118
8416.6806607645958
12038.032672928686
12038.028239814903
5666.3935829063985
7954.5393753684184
12038.031579260945
12038.028501888222
12038.028514136977
12038.036641620063
12038.033758384521
12038.033926293028
12038.037847711284
12038.02750336898
12038.025839254904
12038.025536845162
12038.034703234151
12038.030623020637
12038.036242685963
12038.026410281307
7908.5054361077528
10887.759157622044
12038.027741118296
12038.031637474453
12038.032998338642
12038.031087282139
10022.950613271347
8547.7785209868453
12038.029589408336
8333.0852720465664
8330.6960017344027
7910.9536210364495
12038.030055905207
12038.040446390241
12038.031812525793
12038.031594240449
12033.510850789411
5493.9126698085947
9789.6320487023895
5361.4148549922375
3442.0926181075461
2898.8122221739804
12038.033951035508
12038.029517922192
8811.830818462453
9090.6947272328489
12038.032857367882
12038.029779995484
12038.029792244239
12038.037919726463
12038.035036491228
12038.035204399715
12038.039125817555
12038.028781476349
12038.02711736245
12038.026814952738
12038.035981340754
12038.031901127673
12038.037520792404
12038.027688388791
5678.2350488128395
9622.94152568137
12038.029019225638
12038.032915581382
12038.034276445427
12038.032365389128
10339.645577362224
12038.019457374461
10101.048685367341
10075.762607900315
8924.0799319889247
12038.019923871725
12038.030314365502
12038.021680493788
12038.021462208262
12038.021353429975
10060.305684980449
9655.6115303915212
10056.221517985137
10181.884190876346
10078.375716718161
12038.023819005301
12038.019385888254
9470.2005719519075
10262.471650369593
12022.582948897483
12038.01964796177
12038.019660210533
12038.027787699597
12038.024904461936
12038.025072370565
12038.028993791704
12038.018649441792
12038.016985326494
12038.016682916526
12038.025849312258
12038.021769095745
12038.027388765204
12038.017556353314
9405.0738451593988
10914.456820354893
11205.432824153229
12038.022783550305
10522.280510154787
12038.022233357588
12038.033055389829
3710.5358870523942
5459.2419738394883
8018.1238976121685
12038.033521886566
12038.043912368606
12038.035278506646
12038.035060221368
11799.672516702696
7970.9775994749334
9915.4192748188761
8002.5405399080073
8244.8953654058751
8455.9411652954786
12038.037417015743
12038.032983903704
8621.3864972459851
6129.276597893394
12038.036323348435
12038.033245976923
12038.033258225674
12038.041385705556
12038.038502471152
12038.038670379594
12038.0425917963
12038.032247458075
12038.030583344656
12038.030280935031
12038.039447320407
12038.035367108501
12038.040986771613
12038.03115437083
7500.0073908978484
8327.8015017110065
12038.032485207294
12038.036381561917
12038.037742425568
12038.03583136982
12038.034380027642
12038.024611920775
12038.023519245053
9339.5836822251822
5720.8097262878337
5242.2756314345706
5499.3913736855438
9296.6296814372799
12038.028249017407
12038.024960860444
12038.029770861864
12038.023109860411
12038.024686166546
9356.0838868425926
8763.3887981196767
12038.024637489836
12038.025232967919
8760.4528586264296
641.0144545902516
3264.7411510662782
8639.476462829547
5669.0273381633406
8906.1681928507114
8733.6103041034039
8433.1401404947301
4727.1318655341156
7901.6467298851639
9033.4891881625208
202.04121748169683
8833.3233707588533
5667.3722503363924
12038.031941239802
12038.030074725124
10135.733028866818
7271.5147306696581
9792.6245885581975
9801.284752530406
5551.9494232325933
8158.383279166439
12038.034846524331
12038.045237005226
12038.036603144214
12038.03638485896
12010.797789875878
8041.5400103933471
10019.71089664453
8057.2593350969055
8389.8268987541123
8422.8285203402884
12038.038741653078
12038.034308541526
9327.897025806109
5892.3899942889138
12038.037647985888
12038.034570614716
12038.034582863467
12038.042710342455
12038.039827108369
12038.03999501679
12038.043916433067
12038.033572095981
12038.03190798274
12038.031605573151
12038.040771957518
12038.036691746063
12038.042311408557
12038.032479008853
8144.7447188732358
8626.0281749005408
12038.033809845174
12038.037706199366
12038.039067062869
12038.037156007329
8098.3484801756767
12038.025078417841
12038.035468907166
12038.026835039151
12038.026616753717
12038.026507975479
7995.9559197319004
8988.0409178238169
8009.1468506959491
8393.5629525903787
8427.0878559293851
12038.028973549748
12038.024540434601
8463.3474276150373
4529.4137127926497
12038.027879881673
12038.024802508002
12038.024814756762
12038.032942242346
12038.03005900592
12038.030226914478
12038.034148333936
12038.023803988455
12038.022139873867
12038.02183746403
12038.031003855835
12038.02692364107
12038.032543308122
12038.022710900443
7935.6171202589694
8517.6242489300184
12038.024041737843
12038.027938095196
12038.029298959802
12038.027387902714
12038.023985742162
12038.034376232434
12038.025742363632
12038.025524078179
12038.025415299931
8642.4950258911267
8841.9849749806235
8677.5274324976253
8345.5979451079165
8098.0970023206501
12038.027880874424
12038.023447758873
5644.7662133018457
7959.4319892559024
12038.026787206249
12038.023709832301
12038.02372208106
12038.031849567384
12038.028966330692
12038.029134239265
12038.033055659082
12038.02271131266
12038.021047197923
12038.020744788058
12038.029911180694
12038.02583096556
12038.031450633123
12038.021618224551
5664.9699337526063
10409.194592898517
12038.02294906207
12038.026845419778
12038.028206284509
12038.026295227244
8445.3066608482641
8816.7272771983589
8148.6390939315061
10814.711605355878
12038.028715514332
12038.025427357497
12038.030237358729
12038.023576357531
12038.025152663608
7516.2920988128999
8977.5703163242943
12038.025103986902
12038.025699464959
6386.8075929575325
9151.1333833918816
8874.1689802420078
8932.1039130193913
8983.8199215108307
8579.5798969691677
8968.2074100379959
5450.0800982849287
8245.8719708952649
7604.6935508889219
8926.718661215933
9316.494475885298
8678.7548131418262
8983.8727316084405
12038.032407736584
12038.030541221979
9776.3663290335953
6349.4538786638414
11572.820633969819
9478.0359024157824
1764.9489004394095
3936.0565518065137
8428.0024975680608
12038.03910600052
12038.035817846525
12038.040627843606
12038.033966848157
12038.035543152871
8807.1263779286692
8461.3042258765963
12038.035494476206
12038.036089953754
8433.8392674938805
5619.685722385766
4314.2850035233423
8163.5391721209462
4273.1190648219199
9001.7298535505815
8467.1113572888007
7542.0438551126899
5654.3042348204508
8453.115072373037
8478.5817255535439
5760.0405766906042
8440.1307231705505
4273.7512199605271
12038.042798219585
12038.04093170659
9974.3353767189237
7319.5249738490547
9631.5786100084788
9617.3252584056936
4739.5012528464467
8548.2864624375889
12038.030472135111
12038.027183978757
12038.031993979286
12038.025332979063
12038.026909284907
8900.3648898402462
8574.5871683001806
12038.026860608208
12038.02745608618
8567.4279198445256
5288.6766062807119
3964.2240003125589
8293.3471650535812
3905.7198164079296
9092.2023714948045
8580.571616526362
7798.2812931285689
6455.4239015704543
8444.7495251173732
8589.2168052227498
5300.6437362097322
8555.415276530126
3904.7876817487877
12038.034164356824
12038.03229784249
10160.055706941304
7530.6551716800996
9690.2127379721114
9691.8177985373422
8397.4427966289568
12038.030253849744
12038.026965693329
12038.031775693948
12038.025114693603
12038.026690999477
8916.797879124133
8487.3848607965319
12038.026642322775
12038.027237800758
8350.5032687591247
5304.2208245944175
5127.4572573015002
8442.5326768112991
4927.5560922086879
9000.8769770334111
8469.0151827882255
6807.7626506576007
4548.7759156747161
8093.5123427129356
8734.6262044925807
5481.2221673180966
8655.0316544863217
4928.9720814542479
12038.033946071526
12038.032079557157
9999.9590271784982
6648.0886774219052
10067.179177198892
9340.9224501756944
11738.122824273041
10826.316966344966
11721.837799160983
12030.463024815184
11916.476579866681
9506.4339598523839
9031.5449137355699
11987.304188005839
11132.480708430021
9492.5117383352917
9300.2749617190748
9071.7040704968076
9195.0286537535285
8246.5278393272074
9360.004656970259
9044.8198237991128
9662.0366261968829
9334.7094338847473
10699.383267297751
9072.9195630191243
9314.2051524201252
9129.197693548118
8246.9387186794993
12038.033837293351
12032.729316546787
11774.840517999282
9157.3823965396459
10856.580814840216
8550.5273904453879
9086.8829322624988
518.07435587512191
4035.0881066577745
4427.3395850656943
12038.032610645063
12038.028177531254
9461.4686567711578
8034.0648936365433
12038.031516977318
12038.028439604577
12038.028451853334
12038.036579336462
12038.033696100905
12038.033864009412
12038.037785427687
12038.027441085329
12038.025776971244
12038.0254745615
12038.034640950536
12038.030560737001
12038.036180402358
12038.026347997651
7644.8753191368596
9643.2538326979866
12038.027678834647
12038.031575190822
12038.032936055019
12038.031024998507
9024.18790143355
10115.070742217325
10117.482860420412
12038.029322489292
12038.024889374272
9290.9672776394982
8251.4570047109373
12038.028228821249
12038.025151447668
12038.025163696424
12038.033291181775
12038.030407945431
12038.030575853983
12038.034497273331
12038.024152928147
12038.022488813609
12038.022186403781
12038.03135279532
12038.027272580672
12038.032892247564
12038.023059840169
8632.9202585510338
11336.042323175045
12038.024390677529
12038.028287034771
12038.029647899339
12038.027736842305
4058.8943252659856
4419.8583608838571
12038.034132488969
12038.02969937572
9496.7041655970133
8003.6619701096215
12038.033038821359
12038.02996144901
12038.029973697765
12038.038101179867
12038.035217944673
12038.035385853158
12038.039307270938
12038.02896292989
12038.027298816016
12038.026996406308
12038.036162794184
12038.032082581169
12038.037702245812
12038.027869842348
7590.9994595326498
9657.440218738775
12038.029200679173
12038.033097034859
12038.034457898882
12038.032546842613
2074.4784249679628
12038.027471489928
12038.023038374226
9026.4320064827098
8974.5694064506715
12038.026377821714
12038.023300447659
12038.023312696421
12038.03144018302
12038.028556946234
12038.028724854812
12038.03264627476
12038.022301927987
12038.020637813192
12038.020335403318
12038.029501796267
12038.025421580991
12038.031041248747
12038.02120883984
6833.2946410558761
9620.2165480534604
12038.022539677404
12038.026436035245
12038.027796900022
12038.025885842693
12038.029047795491
12038.024614680373
8858.7276565681241
8889.1729634979474
12038.027954127421
12038.024876753772
12038.02488900253
12038.033016488063
12038.030133251656
12038.030301160212
12038.034222579648
12038.023878234231
12038.022214119652
12038.021911709817
12038.031078101565
12038.026997886825
12038.032617553845
12038.022785146224
6584.7408950390991
9695.4394557166434
12038.024115983617
12038.028012340947
12038.029373205543
12038.027462148466
5006.1523955133125
12038.0289991188
12038.029594596668
7279.3921762296759
9362.8815046939508
9418.7179846928502
6483.8269229812695
8472.490183050033
3299.3167129617937
5152.1555975564943
8278.857849467222
9432.617067216228
8030.7478022658706
4861.0698499428127
9354.045296042681
5705.5024778198322
8473.0936128781668
12038.036302866121
12038.034436352118
10774.852573232873
7039.0372897293846
11145.283197800909
8941.317187965622
12038.024566003662
12038.02516148175
7069.9950098351292
8777.2933040278003
8881.4097667426868
3255.2672147112094
8084.7101005189415
3972.3899632827101
355.39964570476377
9046.490403860671
8805.8638649767363
9562.7470417974982
2458.0046909964763
8781.3338189699916
4160.9238395518942
8085.2556131340589
12038.03186975367
12038.03000323898
10986.558619544492
7036.1399481674189
10532.25414858622
8915.2975311227601
8755.0120443657161
12011.025555461158
12038.024828077063
12038.024840325823
12038.032967811389
12038.030084574968
12038.030252483524
12038.034173902975
12038.023829557518
12038.022165442933
12038.021863033098
12038.031029424883
12038.026949210125
12038.032568877166
12038.022736469509
6706.2249553384354
9489.7182277029533
11279.18097321566
12038.02796366425
12038.029324528854
12038.027413471769
12038.028500928647
12038.025423555137
12038.025435803895
12038.03356328906
12038.030680052783
12038.03084796133
12038.034769380589
12038.024425035639
12038.022760921138
12038.022458511317
12038.031624902649
12038.027544688095
12038.033164354858
12038.023331947685
8573.0664807921294
9172.1260153153617
12038.024662785016
12038.028559142169
12038.029920006706
12038.028008949714
8756.0621391494988
8493.1076630545995
7055.7291926293792
8303.2036261330941
7407.1583988413877
7003.904514355183
6781.0832292427694
8271.4901588886623
8809.1462284182417
7558.1298306297567
8759.5958891278424
7338.5759177360105
8303.6149289312925
12038.03520919871
12009.128079951295
10729.344107948122
4946.3303127672334
11152.653773220609
8941.0172530723357
3194.9610240219886
8654.3213694913993
5776.8562085666317
8922.0006715495419
8747.6689171808521
8371.6344383207725
4324.5616605031564
7926.2028572634845
9045.2270927874924
616.63837180066866
8845.5590565651073
5775.2418848991701
12038.032131826914
12038.030265312265
10023.71257382236
7251.5681386380047
9793.6538636329642
9802.824847709915
8366.0795740744707
5770.3944744881437
9275.2632221026543
8852.1349903590999
7756.4589413603126
4774.5934077458905
8365.0170234026682
9003.4833704731063
3239.5774673667993
8718.1986284742216
5768.9206275340894
12038.032144075665
12038.030277561018
9852.8260308482313
7227.9804029074303
9504.6482788962876
9847.2965931841773
8047.4867728404388
5308.9915040918722
3057.6798710247617
9029.7556031157183
8685.3297776285599
9459.4424585791912
3806.1098793529368
8657.9191433427277
3993.0525474508127
8048.0098833032025
12038.040271556301
12038.038405042913
11268.84643417615
6845.1036866662853
9968.3073585434468
8824.1258907319589
8617.6962004929119
8080.7555233934099
7233.6233281025961
6928.3084287736447
8318.917210362275
8268.8488768582483
5772.2217934839582
8316.14869122458
5.2855760854105629
12038.037388321629
12038.035521807795
10875.854581862895
6820.7492919886827
10625.450029834197
9219.1273378481746
4130.2918337748615
9219.7510661639481
8982.4865404348275
8255.3162349061586
4274.1415321568093
8917.6758099032813
5414.3118104595505
8618.1640852171167
12038.037556230085
12038.035689716276
10940.046477724882
7242.1111519462911
10574.15144765468
9343.1277838679616
9036.1324515950018
8776.5840323243538
9579.4701604100246
2466.9809674857902
8751.7696031549785
4103.9860707374428
8081.2920543415994
12038.041477647157
12038.039611133954
10988.830645249256
6931.4200309685402
10518.820529769913
8861.5315760020294
7717.2688707202915
8053.2896632840821
9110.4724442868956
8429.5585803251379
8897.8437517868078
7234.3173798878624
12038.031133307974
12038.02926679317
10697.51291633668
5753.7295124747498
11801.207189178314
8779.7544851074399
8355.1541422738628
9075.1316186501317
4694.4262351704238
8878.8074793379801
6929.0784757461315
12038.029469194398
12038.027602679338
9549.9283588803537
6995.729605328178
9829.92824246702
9829.9365818875667
9717.1960138671839
7883.9117158418439
9189.0057652128526
8319.4546051456
12038.029166784747
12038.027300269639
10193.531202403985
7304.7316257803705
9988.0115022881091
10124.705973347234
9050.0967138912547
3132.6996489271596
8269.41293211007
12038.038333170971
12038.036466657282
10856.506784155052
7316.8113504943794
10397.80199839174
8936.1028003922293
8850.3339183616481
5770.6079957131878
12038.034252958691
12038.032386444369
10108.317886418025
7266.5858516331755
9780.537238065599
9802.2306589727687
8316.632932031629
12038.039872622321
12038.038006108871
11060.831651232616
7197.3236917573568
9944.7567486363641
8863.3309740442601
12038.030040220629
12038.028173705656
10875.849949624506
6821.5391677292419
10625.714729148012
9219.4854427238261
9614.0799507060656
12038.031371057215
12038.035267412199
12038.036628275979
12038.034717220051
10142.636659911323
12038.033400898035
11561.619985884052
12038.032850705802
10795.841418209655
9476.5355308341277
11994.232767238049
10638.049763277379
8011.477521265625
11634.437491656527
