17.164001018884679
15.621507743408522
17.264861335947167
16.029736958169895
16.596823348034622
16.805731131501862
17.742480726271474
17.307970809596963
14.521209984050657
16.380481776275019
17.565142468516026
15.380685093913026
15.588446836900124
16.572544206722828
16.083393081942791
17.686392975507335
16.53520499634363
17.206910828437476
15.780474016609517
15.76158564647602
17.587547041560164
16.177946825681129
17.546810674331912
16.308296950977315
12.779908130458464
13.255725075488403
13.437813095153107
14.454964576208521
17.103318640344856
14.639976481600955
15.497221888128822
17.381801570053405
12.983038731612609
16.111870373667276
18.51200987818121
16.444053948534751
16.50009254660241
18.396537031841294
15.221704009749427
11.66766557926355
10.90339584366308
18.52830649716574
10.473599188199614
18.124306870297691
18.195529975181707
13.532621198590364
15.28474268018695
18.223881996610199
14.838623004881622
18.198346428373739
18.181010221344174
13.649880806249117
18.144803040264076
18.065116238141275
16.277618615758811
15.731567626598233
17.115476256907534
16.38750288759184
14.853004614665123
17.146098665569617
16.144926777273135
17.526382624503405
15.116467274761021
17.756823878025358
15.879763216815606
14.0308407036006
16.817523254073979
13.29608980034183
17.338082268255313
17.62485011789602
14.529921692236924
14.621263411939205
18.728782252324947
15.779849174004816
16.391450234434775
16.116266198498657
18.738177813700862
16.110970399910723
14.330124982722831
18.631401093489391
18.734795429247313
15.757786186281876
16.260672221256467
16.997206809995344
17.243049822335085
15.511004394469941
18.691615027220912
18.376927259207644
16.988491364835937
15.710680827932615
16.21743388293616
15.943219165813519
18.700458039762914
13.334283950732546
14.824623635188143
15.635472322969104
9.5927709728853277
15.339507766993799
14.268732472369299
15.028815996413888
15.487461901923622
16.123604740150242
18.022842385284594
15.354156528814849
17.409413991844012
17.810275819231986
17.464753383911304
14.946497786009761
16.119961212336321
17.071188602829601
17.258545138479889
17.498375546573797
16.725966075181166
16.883914211468532
17.637742169480056
17.608921937277135
17.441775130415632
17.604838666698168
17.297039997917402
15.786210441475601
16.956135499555906
16.864893130955299
14.804288593166602
13.576393626660021
16.206176428547476
14.97390554892603
16.758069870349768
18.350661397004757
15.061425849295125
17.046015956830981
17.408690471072305
18.095817051587566
15.289962969003215
17.75936145964894
14.012313593983386
18.242255460164341
17.946348532751045
17.888203533662693
17.278934412064462
17.721383822828599
15.714924275735507
17.435580543397471
17.124279594775981
17.228592606863369
17.174515535892443
16.108015228602408
17.048343345128142
17.248586574408748
17.316072058983472
15.992792906304233
16.460204500564814
17.234007263770607
17.231140581307503
14.933763902551467
16.97291281506579
17.142302040303495
16.495007088443259
17.924933666347833
17.271039527148631
16.501971931317676
13.526590801618987
17.23658450858585
17.55116150563363
17.013097480717576
16.926717864816492
15.728546843788308
16.180281153844717
17.204602980653576
16.431948325949168
16.523186578092659
15.921278072479828
13.779896682952121
15.88850935287255
17.60994544209737
17.86606584039794
17.811117552212028
17.589309948354749
18.165643308273129
14.794548580798706
18.183131386554333
15.750690152300002
17.311489326476028
17.513371101984415
16.598336262478522
16.212354211346447
15.189281873702889
17.703529205728476
17.179138724810048
16.826462812600415
11.988710360810371
10.769384097325007
17.88253233801726
17.467082428657079
13.470309279837462
13.889564953709604
16.919526291791609
16.04236833485675
16.82394627777375
15.290166469379699
17.549252668606918
17.515432120561737
7.4916761142985413
16.041535915618219
18.052215974865671
17.396222341717682
14.835298826636212
15.551917600567933
16.865632593308021
15.104861330281187
15.450585572845721
17.138490672543579
14.621753699795343
14.86154278522082
14.396545947448496
14.754350912217753
14.605412235973441
16.291589773854717
17.469931681003622
16.111957314683075
17.114211290425903
15.622766673127707
15.027082885255089
14.758300136931652
14.550781299639004
16.295075608653487
18.360681171759389
16.232196010913231
15.284279551068829
15.299452957985931
16.054325805172663
16.260936473634445
15.581265901456245
14.635770133045515
16.446486961256685
17.199054975328597
15.304681445952735
15.427353795538989
15.708422955627896
13.696681677645884
15.632452052354028
14.723440641220707
14.469268177393735
13.428405144783063
16.749064124498222
14.637545766217364
16.943748504021375
14.762348270576924
14.057500920444864
15.06230385874391
14.745687967077618
14.441134061940378
14.582400163530258
18.413822081888778
15.583525191425402
18.232445545604062
17.478726376314246
14.731346481432624
18.304660632755613
17.425453034302311
12.137017941119442
17.558528613241471
17.61115969762136
13.950885183736707
18.42065361835343
11.876403293832801
15.203146837333737
15.024126310280012
16.300165338391313
15.951512656436785
15.525859953408991
14.41847159659442
16.176806888365302
15.014412424803888
16.037184538384288
17.397412105413768
15.328092177448086
17.91127677024614
16.784973290639872
16.032279927788665
17.058884373058159
16.707254543266703
15.968419030933196
15.667407936164683
15.515601299335792
17.166624067050829
14.844902785098485
15.984195089903219
14.954311082576215
14.727944888859914
17.326551262225284
16.46597240002653
16.554957950572334
15.841383725886155
16.123937575610196
17.130943687058096
14.772858269632737
15.861604157181427
12.56832380956622
16.518131222487181
15.646093454270787
16.915531562997849
18.219439442810458
15.604472870094355
18.173115362645742
16.79644479819942
18.180007607099025
17.033700393385811
8.7352487568748867
17.753884400341942
17.713095710958157
17.693008403177046
18.255465590065793
18.185317583876266
18.207589448395513
18.201210265822315
18.353197568680748
17.445542823013632
17.449745140316228
15.675969587829931
18.057639847007064
16.23667575838655
17.661306880671884
17.320382999864822
17.635313696307218
18.521090613105166
15.430709297239202
18.214570502381093
15.995620927034606
16.073285071587627
17.754343104340677
18.04145790382632
16.032730239117029
18.167049987379162
18.018831475082354
18.055827726878256
14.696140660442161
17.721568872206532
15.419527513806351
15.610040785989261
18.284356048988542
17.208308690006806
15.23682359027508
17.712135650214563
15.523356793658564
15.61505172262234
17.901992143826547
15.55729990666603
15.507307051401387
17.578822274576382
14.250410146931653
17.441250131631271
16.531409568481749
17.065000198711815
15.880349000129248
13.126019797366727
17.487107512464902
17.684362399064451
15.764199212438509
13.37442485940713
18.225246230662666
15.90722539270751
18.289722988646094
18.104146125645073
18.037327949055815
17.254612968593118
16.028269630955556
14.992069075742679
16.88461846537367
16.786631787080228
17.961129681034723
17.731287649777453
16.143219717118534
18.381043681523458
17.137875284982449
15.453103460211986
18.421985495838378
16.758045378051328
17.028439579317226
17.089385951629044
15.907073529772887
15.547107495473321
14.54658665210035
17.020248554243068
16.222460369995392
16.970068554280221
17.070209488299046
18.099272188116057
17.891337173866713
17.418203996909455
17.165121840888368
16.60067680726285
17.28790827688816
16.197211455490436
17.174287055020347
16.804282887609165
15.943101280456139
14.761451490753844
17.735023423012027
15.260213639486322
16.726295940192124
16.959212037261057
18.002929321187729
15.844811434266049
11.196390738156467
17.268492864116435
16.975540277236828
16.946549233030574
18.048014611291919
17.85383502902819
18.135868660036127
16.673069515794531
17.919738905113945
16.748886893723871
18.17271801684754
16.735222103841199
17.829918543303584
15.907403637359069
16.531196333155393
16.634493069239042
17.057595100748269
18.310445869303088
14.05115525021945
17.736452893179031
16.893191127146302
16.545840316354425
16.78867224453403
18.152081654558167
13.971791609436998
17.743930192950486
18.06280603575178
17.825850671141552
15.720870269619255
17.435050230169335
15.791244772038887
15.489713774160277
17.677127790206999
16.944343813265302
15.188809405107698
16.73741052648024
15.341765976180433
15.859810113871772
17.86444183069133
15.289983855361683
15.549469963673353
18.149584238340669
15.127874531073106
18.114471175467056
13.916799197945251
16.952771323144635
15.894987036671171
14.839417780432479
17.53945407405935
18.480356804641648
12.590614499624243
11.400670600154944
18.378548233118757
15.59513689385571
18.29793786218125
18.101832613403907
17.802977819753735
16.340022395495684
17.379924891113678
18.079828309816413
18.463212302746523
16.561536393647469
17.153709432644863
16.446383891936215
16.070205270824243
17.631443475540973
17.308451457800732
12.470561047658746
18.043981423868445
16.259121885571108
17.01485161109494
15.799949842450166
15.360167557363924
16.438221130401779
15.213798746280567
16.958638158999602
17.123347874609234
17.957996431078048
18.170336854725434
17.780694482293558
15.40418812297627
16.349738752997755
17.103328136748978
15.106674695648325
17.175410666320012
15.140272447220365
18.732991312674745
16.188476175616923
18.108052459869153
17.267955162025945
14.185959660830115
15.321150941487693
16.595060486583424
15.059758770313358
15.865307822082107
15.845741519350671
14.671433625945991
15.743078529682107
13.235877816141842
14.481987833432882
14.325015868746336
16.588362761557669
17.909016139093534
16.132851374295285
18.174545097284124
15.690668063099126
15.694707350710818
15.554197990730344
14.697823938344293
16.998399129213333
18.298701613279569
16.624228059044707
15.86248928469983
14.781376163007479
16.615734913772975
15.207856368279959
16.000526047560069
14.842850824258468
16.176583879542012
15.216355265921136
16.160884958446218
16.619859730043043
16.924193427643949
12.422869067553901
16.679645807028564
12.423826333363525
12.075576511915397
14.845157989123299
16.676890826923813
12.272335627693774
17.099963070217424
12.501318477700925
12.629812033219105
15.498896168883455
12.494701228412863
12.083488237900751
15.435590287834822
18.110415668442599
15.358533355404985
18.00803641030522
18.247097862374009
14.806548712077094
18.230077584998124
17.081344099429224
13.80420314579758
16.717203450968743
16.586932576337503
14.8504757570719
18.295778670112608
13.85406729112883
14.541741496784757
14.110811696204225
16.700619885082748
16.715449944422861
14.619316856376075
15.343039346336301
16.254241362964727
16.692680230061551
14.689236912256897
16.704932533836683
16.462530053983141
17.819613211643414
15.538038979896953
16.571079754643151
18.243564526878075
16.708985492999357
15.777625565443978
15.883003093282072
16.242367402111572
16.47699502253835
14.548182482715852
16.604200760354136
15.399453730981136
15.013746718160148
16.971585480212333
16.912652172038282
16.76366601659274
15.907119833472441
16.888064240211637
17.254777080488058
14.304858604193814
16.47699845070354
16.958038807963732
16.518047299551558
17.152513095747498
17.970102053497904
12.769272731178438
16.775208663801749
12.03263017385396
14.757728407232941
17.269666137051086
16.39582057817811
16.882921874310444
15.621822269431592
16.436187937497085
17.58392391764626
17.24084297199888
16.738907530465884
12.224089161391833
17.00474788253053
18.010561184462901
18.250125365305372
17.44107322316265
17.957642512145593
13.634748758426566
16.378191946313063
17.124120609967697
16.097825679706393
17.260003598020212
14.97771083460006
15.814763364827497
17.627569129430267
15.702554270762878
15.884701469338705
18.116909052760331
16.230938738592652
16.215971834578184
14.426470650762035
16.084429651622273
15.020959798449285
15.030283793289195
16.613984279935256
16.241940807560908
14.974944752024731
16.180057791985121
15.007663362774652
14.004554398635593
16.398498159395309
15.025766706333954
14.692493117034712
15.928156733040524
15.680030263871437
17.738480252988253
17.109837438020122
16.959654157740459
15.421106767519618
16.713931236806161
17.33039366398167
17.404406318720053
16.788978672538754
15.384319314158123
17.464437867261921
16.177916436529856
16.814028546738019
17.126139463025911
15.978817188106078
16.720807201800692
16.970844864956049
16.251901528068942
17.736450989726947
16.462081189105181
16.866214284463538
15.422278596077312
12.330621299262388
17.776058886330777
17.618603130449927
15.820112137705426
17.051400863268551
12.874857883056785
16.271224661347887
17.07174239137947
17.204244321625456
15.600529722445598
14.893716981692471
13.045962720090429
13.954295860861922
16.905976566828695
17.170017142596112
16.661303752341386
17.023311341257052
17.606629385166272
16.600977139555802
17.061549330800471
15.007829731338726
13.84141334180952
16.825615808642603
17.147792483267025
15.990599706014624
16.62050729641016
16.334638164483117
17.708048125873365
15.435154338733057
16.50791637424777
17.202987116842088
16.116035200005864
17.17391340460642
17.959445557308573
17.703592258242406
16.970408412651757
15.473962435147932
17.339412178910841
17.085541146982401
18.068628934480969
17.228642170991243
17.824858434134764
16.573262580155507
16.26703678647625
17.841132838060261
18.056406510523932
17.22027362272253
17.08331295266246
16.849480985032756
17.728694006536696
17.2598531495217
17.713754438666804
16.502405908846665
16.754122050933745
17.515715739361823
17.578867762403068
17.664577135622629
17.368544513496083
17.523124214145131
17.533826749120035
17.533471681376849
17.52004387991531
17.577023940106546
17.434091565713139
17.957122306079945
17.526905836215537
16.841826395933335
16.003464009165292
17.517259164285651
17.388882138829619
17.12753200555624
17.24529063403596
17.328434296790707
14.418068706625132
16.83954393811597
17.753275814476545
17.561177567968972
18.381237865076319
18.169920884511161
12.182458644093481
16.27529665651349
17.942941680852755
16.725981621077572
17.948633569016398
18.448738854664953
18.084257930380357
16.131585757141067
15.963449284422095
17.935537069088426
18.014508219000138
15.254757375533746
17.474336148976491
17.035328170016122
18.089161384965834
16.966059021068585
16.186876576075182
14.445006743345715
17.693523896728166
18.126238742392172
15.653732991595435
17.391846229297581
17.516609013059668
17.375445088188474
16.355263004764023
17.198012100122281
17.475337151921675
17.532292364101458
17.6338732013241
18.177307045945426
16.195359751910161
16.475687386590863
17.428661034847718
17.080975119934198
16.826538123377155
17.192820771848044
17.846259920990722
17.088842561091621
15.282334896185537
15.867145056848129
13.152208173966601
17.34185726167637
17.970645982442509
14.19045759847868
15.020434212116642
14.656641308870119
12.989932064802051
13.323919483885874
15.858745999908676
16.641916645891648
14.0720641276077
16.361983602215542
16.524643905264245
16.99486108102419
16.826503131954432
17.190094718269535
17.164197924478259
14.160386765269347
18.080701235158845
15.620011414310163
14.237304322343098
16.502618790172189
16.897919829138793
16.720967095471799
16.590189705182109
16.445681341877155
17.068858175025191
18.010642257015387
17.059805089188369
17.277837096123477
18.196195252184534
16.509195899136984
16.062058391958605
16.068271218146688
17.562222571380286
18.031789432200878
15.680149101332976
17.240083458794171
15.763971268942104
15.883248916431654
14.358426584186162
15.684448323413909
16.051240080807176
16.670630352337302
17.373440056504609
14.22137139158472
17.796531123764396
16.95895258309659
15.647339234317171
17.694773239506489
16.705428959358859
18.054492779540048
17.186069427071228
17.812637178486355
17.407557972589228
17.819695791763042
17.03569710709727
11.604357285278287
12.817719888404053
17.51911785337575
17.609365725022773
18.081434478599302
18.426170673366123
18.287514866613787
17.660162137499793
14.701884640891782
16.503099664644644
17.331679939669343
15.884162797389408
17.450867783294782
16.703401660984362
16.83480836356182
18.35232297259703
14.526852180085942
16.80511478909526
18.453150839782872
17.435069495441951
15.234471317605013
15.506690310250088
17.828377297399971
17.664400587091006
12.025079663260316
17.181484158900801
17.143269595733997
14.197559333078338
16.989813283746063
14.586183696906886
16.619714426771999
18.691495474263007
14.779671530791129
16.070969171217833
13.553284036114546
15.012540347524629
15.700066430102074
15.726191898768219
16.696765755342128
12.07349846005258
15.196519964273637
14.107865372758837
13.026452916014874
17.665474540149042
14.913051415201522
17.659022801856143
16.550808187892947
14.920003655017386
13.830437994108753
15.618843725338504
14.775337026577606
18.264555977593588
16.812611318221318
15.039411638849279
16.868031561955611
15.123236886867431
17.117049931733618
17.316092982509364
14.728562607876535
17.149354560702445
16.26469799357973
15.8154038670414
14.613300623261148
15.121795128895538
15.587248360219615
14.990340649171317
16.712881719953767
16.444736704323656
15.874592090284729
15.413739524785715
15.929897738866581
16.553372485775949
16.261937451479582
15.279070899452091
14.476263649101151
16.181296342758696
16.514814241991523
14.74136017300779
17.070765939795866
15.2986121182701
17.628734996231994
16.588815922326514
15.90276655267224
17.870442913836715
17.121644430751065
16.81160764629108
15.425199987398559
15.703890034196229
14.508090626683639
18.098112843870741
14.794120965565011
16.591819110311821
16.582529718376875
14.231963188346638
15.609615859669471
16.414983784426642
17.61964551332137
15.169845081601496
15.711584713462427
17.812211071141384
18.045690494915831
15.16222709303762
16.873742329819724
15.646505463395412
15.930643235024302
18.082495245114043
15.856770201351516
16.228854614156536
15.976434825822022
16.048304193227938
17.300941005628431
15.517979722228782
17.116972425694346
17.435223000296855
16.939793683448677
17.688472143934142
14.808569585403749
15.535801308041441
16.942742461483078
14.937614908752517
16.620171983548524
14.359399695106632
18.315966089625245
16.846032677126118
14.870705589430468
17.070933063586455
17.827690182982611
16.073800760386391
17.854514024208012
13.908604725187244
15.732920558935199
15.10145051829331
16.828420255056738
16.764296308229728
15.57067514845221
18.078297085058487
14.642720755177606
15.010164458951046
16.021667387003451
14.006362182946679
15.303570865275729
17.722248549787
16.361412757991502
16.283810992972839
16.099887321360278
14.860110472189223
17.244451257038531
15.337991688455112
14.963224234513596
18.133921986951727
13.588045250773288
17.051153858428506
16.481361005882341
16.57958358735484
17.864214001935139
16.448813934567855
16.40851795108038
16.241547691283511
16.68262035325359
17.1491658630285
15.841170196328346
17.291155229717184
15.944775836983055
15.959059642133356
15.18798286058303
15.793196149938375
16.495525671502776
16.381759553529101
18.550439788377229
16.347863240695883
15.562852665373679
17.570159511621217
16.5722901994342
18.260806564898921
16.623693051969401
16.63011006708928
15.372951615161373
15.480141946344641
15.999658694904875
16.116007687854939
15.300340769661993
15.893766259647638
16.189015685462259
15.890222335747046
16.859911385044619
18.029785693893963
16.812444537001653
17.329732037160529
16.628721137819245
15.964669774924797
17.314025520153532
16.607171627306457
15.496428790178976
14.342232777957278
14.092218592671323
18.049302321090732
17.797514482874345
16.293085401695151
17.419566994347935
17.588564051113924
17.752904620557299
17.203436613770805
16.021708566573242
17.267223322467107
16.190665932310967
16.91062873946035
14.97813897809087
15.295359077318126
16.054399969457169
15.538334124830259
16.974194011064533
16.182832951348239
18.15355602078068
16.007055658975812
10.538914884758515
16.362541376284632
17.362999919181295
15.053495300328466
16.171072281240264
15.626125056197994
16.130899375457027
15.45308977533262
15.617217831692138
14.474450348796706
14.355705648156437
17.687494983833577
17.782791186379423
15.687771488676859
17.92101283533415
17.218467354441575
14.662851317062341
16.999950980448112
15.63455405674857
16.999970025262854
16.599778731447145
16.381764635790898
15.504782238638668
16.910993342404421
15.698079664888336
16.900013038004662
15.698351564105675
16.4367770327854
16.826995787579143
16.669899494283662
16.521596434208927
16.825926631264611
16.83099038026506
16.437259945372588
16.136805436343497
16.763371133353701
16.449389331810103
16.785765187678372
16.718335794274207
15.435523881358117
16.815343423567011
16.584317710372414
15.44886835613584
16.660671163641702
17.064854977629462
17.094951272928423
17.409283564881083
16.111666676107347
17.351960839107196
17.850429606233728
17.2694951048639
17.022501967807191
15.580371304624574
16.53090715905725
16.673592207889207
16.686312347784366
16.959477888991795
16.996800128494833
16.003131939977102
17.432312870327824
18.169124111112819
17.714174646294406
14.103414513543537
16.042475927033962
16.202690902627229
15.328139923542116
16.433743364973566
16.336586100873411
15.752147381245534
16.76022655724568
15.504713011886139
14.715201770432902
17.1548008469533
17.344695244314199
16.686873238172797
15.351369822858738
15.319886443367762
15.212839184075101
17.430790791515385
17.787966173531306
16.482163364580128
16.64236355982182
16.579028041681511
16.077383239780122
17.471573628692479
15.649898864929998
15.56828316850534
17.560219679356614
14.924416578276755
17.525193581482903
14.346540049067313
16.15947733032629
8.9859629315098992
7.5701553058670994
3.3144319138725584
11.509007846740497
17.366350366262132
12.504778294552814
18.390443611757501
15.798149375927162
16.147523994395435
14.523171136494515
15.906633197217547
14.847716655173402
16.234638846092988
17.348449256588641
13.986005654100998
15.576528311160516
12.79347019301018
17.001026289122692
16.719052525411719
15.036347317698324
16.014292191206138
16.611453886292072
14.752371871950889
13.43358546102557
14.0184562062
17.408914248759285
14.155464075731278
15.12433050230751
14.996231627604823
14.666489212741615
17.710024912963391
14.616749337700737
16.17326130482191
14.695724981288331
14.432548054340213
11.218977085139972
14.572703948900164
15.147492356704328
14.310668782021493
17.963397174202616
10.670697800389197
17.97018559012438
15.914501838917413
15.304557234305152
18.30560173972713
16.598076199140984
16.327312669205231
18.105573390679453
18.044908274674604
13.732941473677823
18.148015254054719
13.484808755966423
11.368565287442589
12.426133774115694
16.583241741350996
16.349771537466335
17.713245537559615
18.2399718302098
15.682212265190836
15.225727235686913
13.931852700806729
17.587678170972197
13.869803256203394
15.989145884205012
17.620545852996301
14.842956906915655
18.447828786238677
16.02129250329282
14.392032211726232
16.13387514859069
17.970274820364498
18.189020407340386
14.16859665643946
16.273315760281889
17.255825049274936
17.052550007799617
12.614236714568962
15.956942401180797
16.807485791663279
17.554027196546382
15.95217415849892
16.323035677115314
14.404241687413137
18.391074823023889
16.154759945609825
16.662842105754141
14.754024933386075
15.905155998422732
15.75971317666867
14.982203673822479
15.154215165380672
15.698182710296207
15.906091663767103
15.504505981177884
17.209747716857095
17.328568896240061
16.283135579787462
16.718026004181109
17.398049143180653
15.822324892973816
16.189064448213585
15.561591428389866
16.807826244673208
15.026710437012515
17.024330294415137
16.312846529684354
17.419679182060868
14.974985503419468
16.641987899990536
14.434329652709255
14.356094741810251
14.773548518963027
15.929781513516907
15.075637955886101
16.885061641769425
16.778999206965096
15.316820577206103
15.621472095421673
16.704844645993393
16.00575801223782
16.707000431839781
15.922536069187686
14.783064491238715
16.708081490510253
16.534457082045797
14.069405142413485
16.729281513814783
17.043011281269063
16.835345521443745
17.204966284102102
16.435704820006716
18.422305031017196
17.727219570813212
16.384836504365857
16.314311404847714
15.898797688718588
15.602865301517635
17.41927704072824
14.543258788868298
16.759206455717258
16.983375465180394
15.940808596878812
16.948625644117914
17.591834025304074
16.851109171060589
11.476210550994224
13.971997092505077
16.385530611877993
16.361224505651645
14.364041951785344
16.640748850074917
15.893681425795705
16.754803026135086
16.436642916395659
12.149897207213819
17.543796952172031
16.732528399067718
15.747320267280722
14.485733324867034
13.739395842340439
15.719076310127583
16.696947045934969
17.031978705533138
16.931638649768704
16.623807294031582
16.347576602639194
17.653486260970634
16.71663184446771
16.408942887630829
13.233528406540195
16.203651835322244
17.770200831623864
17.777260863335023
16.709825098483595
16.912906702894603
16.935648374902311
18.410230233205564
17.813994002785037
17.844543385517444
17.431830975256965
16.749785217604405
16.43601542077306
17.968569364846754
15.606799433099933
17.62778320795152
16.216076201075541
16.851763983821787
18.45812871715901
14.28774747792419
18.135356840272561
14.077633739938527
16.097859307571508
17.283491330419597
17.964878137211961
15.893298693944903
17.962665058038873
18.098286918060666
17.945686099908162
15.375297291935869
17.556297956721359
14.724054943726282
14.506607822252002
18.068748560193111
16.38053385426463
14.317465954883764
16.672439794601921
14.428479646852812
15.197856645946981
17.700124599474169
14.447011621405334
14.530023389481189
17.051164276464387
13.525121120714207
16.834786203843244
15.581047239569854
16.367873096958142
15.391319168685513
12.528999845430254
16.83809949760834
18.650095183761444
15.549798291680933
12.883798581777651
18.583430190725242
14.968701686503376
18.485882167424528
17.356339482538392
17.10150857857051
16.685876466119105
15.618150669539705
17.158479465758656
17.85143097508772
16.812823789129968
17.686185639408869
16.463862367466739
15.909993416716549
17.8559033758856
17.991548370492648
15.441509221064418
17.757949522786628
16.598334254056322
17.282681246277466
16.955200851968936
15.510104356417209
16.474687636841196
14.687251990307594
16.754129164908239
16.122888204590353
16.179586956502231
16.300333938268249
16.656024431055162
17.42783018785148
16.640253032577981
16.480215243462496
16.423459138274261
16.623715202379817
16.21901093016945
17.337728950459621
13.368845206125522
15.287355060245078
14.950308557771613
14.293879482639236
14.37960030149998
17.27836700059661
16.89819112686104
17.435706049705956
17.296029321850334
16.210921152651601
16.886338469241895
18.183965368788293
16.838356433294152
16.610641502998714
17.113612121081591
15.516628223353626
15.135409492248014
14.400731431109485
18.260218158611078
16.446875109116757
15.94616965593276
15.819031009463542
17.111582931985431
16.522779580373626
14.866163747064446
14.788048688137499
15.967076571736538
14.111865060385369
16.308847156872289
16.152908463387256
14.346583687543761
17.848105218812204
16.426632021285076
16.211900473982599
16.356351106914257
15.964130149197008
13.848337044867048
16.418641868165402
16.089873423531412
15.980214864170923
17.043233847187164
13.342307903595573
17.42760247962606
16.8279312978304
15.610435430462028
17.292964605911163
16.353835024871373
15.768787408489858
16.449894440528947
16.389010361006765
15.331248729836416
16.405116709436726
15.57988113894115
15.124851722019143
15.827229371735084
17.022862901237151
16.943725500763261
15.462194173763823
16.732263636585301
17.087928283255341
15.710920555293125
16.851116469633872
17.354708753836487
15.459839789137007
18.215056344684896
17.141138779670023
17.28548871120579
17.612343443517037
17.101659936618535
13.036832950392496
15.405679504867459
16.702352630561034
16.864126739424165
14.573470895590994
15.517207151609625
17.625897928860546
17.495334519787146
17.081900388246105
16.327549604032669
18.110448484217372
16.184682465434111
16.097413223044409
15.277248957416917
15.035538308114109
18.722256866919206
17.304483457441169
16.269296636779814
16.173646051952993
15.891605671094085
15.969582566461415
16.262501472709811
15.986179816926878
17.58349107258271
17.388602354066737
16.506890156003596
18.344888497861209
16.669215251810265
16.290005926153427
17.236593064986099
15.108413611918028
13.770002063883425
14.905118396366067
18.171652955680219
15.952722527969312
17.220211920635517
14.344550645770434
17.043252764308765
14.860801726079904
15.222427060651876
15.631765129399442
14.905987256454805
15.161072572097561
16.160956150653977
16.196073842165994
14.672920935889291
17.784154070337031
16.511113144995207
16.160713191161683
16.308892997228625
15.792582319938196
14.7901892934605
16.420944233048679
15.771167259617439
16.100285742364022
17.791983031071823
15.863865978581426
17.670099072544922
17.322956750399989
15.541038456474762
17.522679958822081
18.004133190430746
15.187864228715961
17.022836758170676
17.26983076269897
15.535215215025445
17.154825593740426
15.396693921372067
15.277916033513185
15.641807458081516
17.797698125029388
17.107874104382159
16.235200599839246
17.162706861104855
15.611981624247621
13.932442023050442
15.730285300481702
16.215344791991747
15.023438138943185
17.59876511945853
16.947895351175529
17.716293464492175
16.08056629297187
15.812039990880233
14.719050831629202
14.932125147711714
16.080688660088299
14.435358483898566
12.411071118400979
15.994740143164796
17.113509380165571
17.597838212329094
16.685644223726612
17.300617631937794
17.507028113284541
15.551842488153154
17.375590054271235
16.541769116225055
15.394051900131245
18.586559559848471
9.82205406503682
8.6871087415599213
13.287252117503503
18.119665520857595
13.327821219935446
18.543351904439543
15.330156966949172
17.002443177913921
15.686552075117353
15.406946435905528
15.836374835533977
17.77841317418822
17.740088211510731
14.733558282976867
14.617382565523798
15.18918625920279
16.94394754360027
16.591805726370673
14.617284108454307
17.261078187875203
15.466529103527733
16.015902076349377
15.087614827236305
15.564945303382485
17.046440366598571
15.600028000007116
14.599837272677959
14.369197288311749
15.965839893689585
18.000832008055433
13.758361282811459
16.984587813476601
14.012282970687872
13.429281914918306
13.894447296875862
13.936110428469821
14.505110517298862
15.490069592803728
18.19129281328372
12.838337683557951
17.754861211853225
17.31106296080274
14.920189547174745
18.311448674248322
16.788809059512747
17.484875403184848
15.904029072995087
16.686752462896727
15.689024289872982
18.197160536059023
15.612028585477228
13.123500284803269
13.7609920899764
15.108201648464531
16.484586666332035
17.798269378713798
18.250673279266675
16.184480063888863
16.393740365979593
14.620425643008998
17.742494101130912
15.619075057162267
16.898277518406587
15.265295782180161
15.478765667768098
18.498846081790553
16.684510465319562
15.75364127592475
16.691818729367917
18.194401167468516
18.082769388096125
15.825907078019691
16.432895405622265
17.688629355794347
17.129916779428285
14.478489019629922
15.254194521819192
17.163882997935762
17.639604503260042
16.559600367286428
17.043033951017165
14.346878717512345
18.577604197463447
6.6602877392585702
13.950540829631608
17.132015669685654
11.980511050393993
17.528087867651671
14.926511632688534
16.863765890709004
16.013227798820694
16.311404118108879
15.527089218239682
15.914329101791903
17.427830054076271
13.732450201986113
15.079843593530269
15.133544408156922
15.63650410476709
16.852112876682941
15.271297800187432
15.758173499198705
16.656724685277478
16.269771598167697
15.371246228699905
15.726707253484362
17.056286551254672
15.539080728511852
14.306847650809148
14.132173869105937
15.405511376552017
17.228823181809215
13.999954518198775
16.584082119535996
13.984658144669526
13.929887606862112
12.881744520305414
13.965077850658792
14.250598068893369
14.349960151691647
17.883289641837255
10.77633892632196
18.257278064431482
16.531932764853231
14.701274591597253
17.980061665195592
16.120099085677886
17.004959619514743
18.17325432872677
17.940630476480521
15.789199928901295
18.269494776272584
15.608221050093599
10.91918780942167
12.148838999528579
16.881593996248327
16.646580612025431
17.679652851572644
18.519094714153763
16.912231995116191
16.313706170820396
12.812639908985656
16.749017536348703
15.602679780737031
15.830942175881919
17.746078216235713
15.053923674350436
17.430825573636689
16.651851333578477
14.883024003882726
16.939381946555894
17.793843481058357
17.822360827188181
14.333686024107191
16.699809455131437
16.753996160981302
16.603550461512402
11.943729454832495
16.468640357596126
17.193279529127651
16.448444934966616
16.943719343637191
15.447170973332774
15.344062004008341
18.670545089319646
12.013405536817931
17.38165198487475
12.967371105987731
18.26726995522959
15.423663746222145
16.371563283418421
15.271967837758099
15.761800745962971
15.290648751779193
15.837466899043626
17.377320622450252
14.457688382660365
15.057316137196018
13.228735191578323
16.568645332139429
16.658725459184502
15.410160472740923
15.934783234944248
16.395741521984316
15.041543847477262
13.791391014239146
14.33928110270068
16.924773960472084
14.480740275548554
14.212555053562578
13.98322275622969
15.031031041565644
17.925910745342545
13.671296087838384
16.103473748216917
13.711863564215903
13.703169250266665
11.751486660918429
13.609551963374384
14.142097089377151
14.173246939095121
18.01711814275761
10.174517693696178
17.980987334353888
16.116501716517522
14.846598362267201
18.30483559110365
16.258620976822495
16.623080786375656
18.088967248970857
17.94438704403677
14.412899955853636
18.208143191630775
13.969940148360264
10.770691125161846
11.888954048907749
16.931963265552717
16.60878788997168
17.609374644371442
18.365860507827929
15.838184557803743
15.116996424099787
12.918335968964362
17.332027336084519
14.305124926054537
16.479356445505775
17.535858378327479
15.196757825358231
18.231898243115076
16.174502534010927
14.584734733932107
16.174614112107992
17.929518222118599
18.05403187774192
13.908471689967776
16.107504332793461
17.074457037824992
16.833194387691897
11.857291895137307
16.303539181241767
17.025964168243934
17.528509678517942
16.169571574900399
16.460437876031801
14.342555775290657
18.576995290838664
16.680704181873239
14.461302832807085
18.349315176062309
17.29037847254671
16.620837408142634
13.970931143205302
18.065018717379758
14.958290328344537
16.577736400534686
17.387635251876503
12.099847857878494
17.896878586329017
13.648361581649283
18.045832711794979
17.241548731165214
15.20365875448619
15.977992377478921
18.379326721177407
14.880200076836097
14.059151252685629
14.562891124703269
17.256407183081112
14.721872814050393
17.877427358211147
17.924763374957198
15.520067535910433
16.027961204845873
17.944903982549029
16.251530430878113
18.03729517468819
17.345378890212537
12.872154705653207
17.941241337436001
17.970814553257213
15.403359313297825
17.295359183223539
13.917188022854125
18.056424499087509
15.81481220146285
17.137428736298904
18.347661595764965
16.770528554284969
15.833129704030666
17.856309347091823
17.995411171407174
11.881265341269572
18.363332046359645
12.926759736722802
15.986884815867631
15.845670652659043
14.762750632631768
16.979229188058323
17.457314276072808
17.378554743823145
15.516628440382769
13.967328185117426
17.913820084795777
18.1651976548936
13.732814990480627
17.276783418907414
17.948084866526294
15.88022839378087
18.494490919943754
15.509046221825733
16.014410992214
16.347560568142178
17.227674881449349
18.344734821864812
14.631273681936316
16.952970627694299
17.81144914722708
17.683662768705659
16.302490370120079
15.290155449745262
17.080268286235292
17.683894004718091
15.32550968149897
16.328687452826262
16.008683892893387
18.662263363594295
15.991173707737554
16.553906587530491
16.134587176250125
15.428852711776715
16.947433026133865
16.556747939956175
15.63589710129755
15.883544570636108
15.665358275207794
16.301431578045644
17.347933252490247
17.313253139308927
17.432482412237039
18.213698493661763
17.544388271973482
15.67055871562491
17.68028772760843
14.703126803094275
16.295249038951098
16.389394294388339
17.335193513337586
16.322998934857146
18.046487508372408
18.071741317341562
16.366392599508359
17.132492255862626
18.148361497212452
14.728483044365419
18.117513219478379
17.9119778030765
16.905982384429937
18.135414738503236
18.068561115568706
15.898842705775541
16.651458324242828
17.716583844607015
14.095300901231935
15.918344026638467
18.317529083453113
17.267473088919751
16.449054334118955
17.183121851846604
16.587335903260609
16.966111305962755
16.746632109257146
15.344482396297041
16.426280736015745
17.285490229415025
17.089395330953437
17.478855486231843
17.809820675556587
17.594603437265338
17.739970793653811
14.638807957144314
16.78382367632539
16.992406745494186
17.661746931939717
14.902825387484103
12.839030424035927
17.900927918939232
17.21597443148265
17.464335320414552
14.698786777178737
16.282758290711488
16.904540535739446
16.927500923057746
16.200680444088178
17.221041823532833
17.487962466240628
16.29207614501161
16.285323811156498
17.628955325405805
16.419684314203149
16.754506315794039
16.043585894625664
15.8404245571106
15.442642633958624
17.446044055778451
18.647536747523979
17.372372375898969
17.203594158638804
15.695849366509936
13.898013610917584
15.503592418115757
12.249329805985305
15.817847183734834
16.847647613317761
13.390661877415683
17.048353138610107
15.177092306863454
16.584060319095698
17.699712693366614
14.514908584861164
16.601676490501106
16.166386449862788
16.194379532694857
15.739688634778078
15.571559687584015
18.060791786820548
15.331940789577455
17.027081962878995
17.201660501798326
15.651015047914706
16.721122896251039
16.915020186580556
16.336148513142092
17.029864581395504
16.338692577975589
15.330503929718351
17.073222675225455
17.134757994564694
14.639229804369279
17.37392613664953
13.376366630063769
18.086165471610773
16.32262337368951
17.05483414504997
18.262133217328177
16.652999865888194
15.548303681729655
17.647281425058424
17.566918287554543
15.352777263977073
17.457404762843513
14.258247196318397
14.658177461785197
15.889379165327753
15.74429909333209
15.237758796729329
18.722932471004171
17.604805128149234
17.398857578924346
17.251858447812314
15.704589156838756
18.113198332903785
16.019189920717029
15.280110280547536
17.587337100253116
13.174293640043594
17.785469093705199
17.347604891865011
16.675728297769499
16.355222245156334
17.753046868059258
18.219078704117496
16.359399217126192
17.343471360640038
16.780040174135504
16.47921254770748
14.294128246801439
14.416183608312695
14.868885572783517
15.434915546578436
14.696336663854948
14.24668081766333
17.253063197147192
18.310520531977733
17.782702588786087
18.399438705576216
18.202838525772922
18.584048564781956
18.639811683642233
13.937128036159901
16.720619206734359
17.469777867512295
15.141326141767417
17.943034597147847
15.710823061449263
15.810991605696694
17.644120908219893
15.959406607898602
17.787494288822103
17.697721563532234
15.941962360712262
16.167004804931324
16.026077584882934
16.000911242545182
17.075232347312141
17.368614827026558
17.70046690017794
16.413773894729971
17.469270082903662
15.41108804438932
17.435184479960473
16.18866560998136
16.927662222940643
17.46797995798325
16.913646932047534
17.00786574635282
15.649877132804916
18.080410613824007
16.601942778142224
16.970099010356957
14.915248447204137
16.2183495230788
18.589290060939124
18.149403347070148
18.041571887244416
17.169914749753559
18.692110491350579
16.345368747502043
17.964220745239576
17.655438798289197
17.882752985767425
18.620280305933619
17.386541306488244
16.577627195811619
18.637449835887203
16.103452336106994
16.145945365128735
17.219375612546653
11.070137832613556
18.492254931911933
17.024807935674581
18.223446069771484
18.730718586043796
7.2134539411448531
16.090314356019299
16.814216792565887
16.961297004863958
16.162374573695544
15.7125318050778
13.778407532257505
13.099114269301472
18.530662110942789
18.608866114748523
17.507043641345863
18.147312321062952
18.7061731958145
15.955365004207723
16.829643016212724
15.140387681022315
14.840157574445184
18.738078976582546
15.894947476317773
16.957239042272452
15.131912930945557
17.072220690868601
18.383484461118417
16.490171917109389
17.766782775767759
15.722035889710446
16.643588595009192
16.50424992310603
16.561968582282532
15.353917661004564
17.61882061188799
16.802348044764912
17.907339826374763
15.843370253254315
16.107314861049854
16.347533124728908
16.142010070757426
15.737547512654318
15.537899810621326
17.503111304014926
17.313682082978818
15.307375244093246
16.429819035949279
15.500354399278073
14.916195468687565
16.276547899566239
15.339223929523854
15.718830747121372
15.054764048995093
18.285993612583678
15.978522892629279
16.698450078903708
18.37712364575712
17.044795702800183
17.253966583399585
14.050283551982853
18.29084991758576
17.54446864128828
17.895718952440543
17.103979103719357
16.391574958216822
16.693259045199888
15.227296380934913
15.202276927912809
17.130911876692387
17.840750435495892
16.567169365183737
18.168760576322114
17.403684731860874
17.181768191627008
15.961351979526711
15.73055365491054
17.677698536184799
14.484263107078521
18.184573556492133
16.35856757138416
16.748580735918551
17.97668225987298
17.18111342589587
18.326170069962391
16.484968509138767
17.515605752942207
17.81847826122317
16.658903097185007
15.886847161955972
13.74366244448281
16.178062547911235
16.917298138157133
16.194867312356614
15.658713072086837
16.893945953768004
18.063179069670404
16.059243439962724
17.935161502062329
14.049684049388732
10.031484929491301
12.207270539426998
17.544238245738562
15.495485242300333
16.009352939623785
17.895940468176601
15.852393314853261
16.207205963166611
18.536696028077333
15.226186985097032
17.467424464146106
17.884962425296031
15.644679946223226
14.836217656449909
14.966293635810315
17.663440362923289
14.455965067335431
17.712434972234721
17.732154182582434
14.619435716224947
15.909007030411358
17.505800104373311
16.011544012724684
17.651598432815092
17.194435695038408
14.483438037085456
17.626042027081219
17.708744289450962
14.94452358523076
16.166313704971412
16.036043422883342
17.445810645994264
16.546647642641105
18.172707707094624
15.424835967330797
15.039981663371984
15.098093269481506
17.658212953544741
16.637583572427808
15.180378916165134
16.737381578008964
14.267535640337304
16.965275466857211
16.509876851790541
14.934093159541391
14.326622494376515
17.719585385612039
15.343169777476582
17.794797407664237
16.822747810910709
17.954051424864268
17.98345419531611
15.647103071591252
16.245923420835378
18.520760935403981
13.598302105963617
18.185726442954035
17.94594028582609
15.442334633084094
13.620795984880084
17.31178263486801
18.119756074607746
17.556912248268112
16.335019380092241
13.330025874799045
12.214938496589204
17.716719197438572
14.583905222081313
12.369605639561064
13.137041199066047
11.274611720166222
13.999233377442389
17.680608594740271
14.035120921873869
14.896378970284566
13.457358258979536
18.077780071534079
14.468977644797263
14.478166419777203
18.444585626127317
14.778153023522934
16.406884144797779
17.558602893057529
15.722044492164878
16.658559808050011
18.704014589166523
14.054701136704004
13.793897699906948
13.941744020142369
18.264235167034919
13.660685010305949
18.219475190421068
18.248282326138686
14.739065242520898
14.490818250897263
18.213536739247679
15.807935841561809
18.274479887447193
18.15236125873292
14.293562585634232
18.240037240417962
18.155149403430141
15.916004463579565
17.415912657437055
16.593465187310557
18.034202942202125
16.347089955241088
17.164737223271157
17.855334773852764
16.369211679578751
14.556728795202444
18.310374866894009
17.818842896429071
12.945354991879412
17.649316241038562
13.113397926103682
16.685326633644944
17.623344161500771
15.165641648008155
16.219408370859249
18.27282722786061
16.142177022601004
16.130797369279588
15.900442032993357
18.737284077199117
17.878331363692986
13.489364370634325
17.594057114676225
18.709107534911357
15.552391723802327
18.288658884436988
16.544112097915466
17.758645329850268
16.25129749667423
18.64606228274992
18.3873862712197
16.470423106162936
17.014167144680563
16.284090088406916
16.120386606333621
18.153291614591947
15.409185237861573
15.078869287627574
15.348528583468191
13.285008355404411
15.181588700627263
16.082576945971429
17.357833106766236
13.24979672742646
17.931664299284975
15.486761781263763
17.048444435753026
16.263817885877817
16.841572078703621
15.165397292089947
18.183936950961684
15.290943950168026
18.082706730290088
15.899355269110547
16.492603292801128
15.774626675369639
15.730596787153965
18.108547895338521
15.617814321902866
16.809115498040239
16.561253725689252
15.153266904825438
16.065393902364551
16.203748514442548
16.432441848974538
16.326233127424786
16.388181825380027
15.533890378901626
16.221338434940389
16.777689982137311
14.855414967477939
16.517245354940563
16.170110701749376
16.169775317092576
17.542181078451048
17.696958888184977
15.391043277490198
16.086390379109478
15.30742566204821
16.739779792588759
15.672573300254783
15.795458762807735
15.67609669226351
14.621894785581906
16.400600805819089
16.677304509824449
15.214551928636808
14.542658557441262
18.471598165732857
15.475472641199138
18.067824940322197
17.912359258594613
15.659203216513815
17.90087180713218
16.413870308815422
15.9450296373701
17.064119493902453
14.806112309121026
18.269878257730173
18.285151013607493
16.916919069224935
14.266304654865422
18.499094365148
18.069256097688406
18.266707838515792
16.496041806260727
12.02270171635432
11.528956024200584
16.459857821611919
13.406895183370956
13.105090704066129
14.191748770272914
12.704310532169858
15.083289184688747
17.356131805254591
12.946886053229843
17.511037637476569
16.481091705039976
15.613473659888625
17.381403234649323
16.263042564944541
17.121024789807063
18.35460215192764
14.892027490760702
17.358529077938435
16.64059112969041
16.142537936855351
15.519207674950867
15.374753479952261
17.816166040364202
15.156604724127499
17.61419219158671
17.309438129215305
15.067135571456719
16.119722052137437
17.020775872733875
17.081824069676482
17.130317689725217
17.012523511715582
15.909568453971746
17.192363452589333
17.392453088889472
15.759462419120721
17.413961437928254
15.378806788211742
17.386419423672681
15.734393705350243
18.190452570434051
17.767221667432921
15.735412101422577
15.201719285002152
16.619407124021478
16.179217015017631
14.820756006210583
16.509496621857082
14.757009381186938
17.040396441600528
16.699829968063003
13.482051876130535
14.589384664337711
17.944839872701095
16.306382464666843
18.020644138641327
17.439804561940871
16.196324037164718
18.579005310341113
15.816872720182024
15.115507555806147
17.18710721405639
12.846083813895936
18.535535144401276
17.816222380755605
15.519512489390024
16.379813418233017
17.833348102666591
18.381448025054798
17.560814320831838
18.285628061972407
16.550473082764963
15.898191126131293
16.771514415099734
11.068720820317985
11.043008608672471
16.422212785284838
10.917766562955206
16.372245738244281
18.039325642834836
17.88957284533295
15.975807509910213
17.452240749986125
15.702377198029975
17.137257410893724
15.498377923722769
18.235457648815807
18.355733733166169
16.501691953362965
17.62371327415795
18.071575516475956
17.055031214067132
16.802065125711426
18.06549428756896
16.539790167413351
17.696145420076913
17.969242964268915
17.379382519901231
16.540878841724648
18.108009490060844
15.037260422812682
17.970807771136137
17.99209690929899
15.960608251270619
18.009188784751565
17.805316805028564
16.877332860263991
14.439525071768973
16.201082453778181
16.610682462534843
16.539397230642773
16.797118895143218
16.495681602502881
17.239694246848039
18.405493715405843
18.232510158620308
16.2375633366789
18.463988090505957
15.496044246780139
17.957639178063257
15.705624896848416
15.435526400423143
18.293284155601985
17.968024038844256
18.406939351233046
17.981764946107251
18.082155607597681
17.560186334747385
16.549190287505475
14.570103726550945
18.348785554217468
17.275649252739044
17.931299047797747
17.546323250221974
14.216465126879578
17.827502727144545
15.606142583809167
15.978292202908927
17.384279938094817
17.320242857899373
15.111710639863844
13.182356515336071
17.509745056713903
17.896151159786491
13.379745691933989
16.836416530774603
17.777950165198281
15.885312583664856
16.465909218180652
14.748221888469249
17.07786912437718
18.688337553661515
16.690005628099634
18.2548742453539
15.634445645155187
15.236316633482323
18.368089642097402
16.70126588814118
16.087337105307927
17.697433736540994
16.10857864555993
14.058483193026976
13.78263232955975
18.06304272912827
13.834172627456219
17.761440882808952
17.91232281597016
14.28227275138871
13.382607341380625
18.163849976522211
12.825751810885828
18.022900634751338
18.170444733709118
16.241712924055062
18.077516977921668
17.774557853797905
16.814048405835369
15.941192212095656
17.320658035894162
15.247293557751583
17.085431980196947
17.392368956023397
16.750887864771137
15.502448640417256
16.371029278934113
17.442126695953135
17.071002034579102
16.044005046309799
15.030417248505861
15.875268588601513
16.87929111337024
17.742401252056435
17.302089080688912
17.09487116189635
17.700542351883691
16.244874514605417
15.959865111055345
16.091150548175456
18.535189572188578
15.895455075504188
14.754832818571522
18.001750842758891
18.635776667313571
17.298927006580261
16.421420185901219
16.269831510638518
16.976442189375579
15.707000469508191
18.670304453503231
17.518546413562643
16.755640573159731
14.914279267531917
13.713665197372649
14.225707508063211
18.691676140391372
15.801074470117257
15.102418446185558
14.104850630321927
13.915543754607675
14.774884969342917
15.480833641570548
16.942425744900873
18.096567454271103
13.317724247328965
17.155151008387811
17.594338554842015
16.07270207051457
15.092185899160681
17.876729872726674
13.83963284274369
15.154048091329795
15.401045192370521
17.59236091982212
15.246670852065435
18.225584732842741
18.215599295636459
13.339605742345766
15.710622461068599
18.322579176840545
16.088578862685928
18.289443829697952
18.244795499047434
11.653864413700195
18.326941223840674
18.163403449630565
16.506575207632199
17.261286785969904
13.450363258050654
17.395329046681059
15.104664081066716
16.400865759319263
17.673502849293232
17.908087104145853
12.978094483202176
17.490000223183639
17.868709151283923
13.333856834774291
18.373008328504142
13.520115053026352
16.247207944961101
17.293668979503131
15.38635170640404
14.541803094912032
18.509384522358474
14.956338963947129
15.883384213331306
13.823008150045137
18.674574558422258
17.927181816961095
13.95744402080547
17.790977259977566
18.471631542413711
15.257500464615088
17.787277530906014
15.24684973291081
16.186052918410393
16.501944140275487
18.486355744569394
17.914449350502959
13.678544245615623
16.578578409187585
16.514937632205775
17.224534344893563
17.537513522680626
15.156667174842035
16.822166156544835
15.526033830034365
15.369505372775778
14.000921472432493
16.525937348704169
16.050623523168568
16.908432519900547
15.900784638174256
14.004465041688714
16.02614799538474
16.966859933670481
14.482400589043964
18.376453459127756
17.014731942363511
17.183753106716832
14.733997341219082
16.585223054168406
13.109710836151624
13.08156814735249
17.840526896618506
18.401792862465037
13.251313865116993
17.318343654203076
13.099382924091845
13.333613895443495
16.385178826352956
13.12701870941601
12.901693406559312
17.351293447713477
16.991695888425895
15.581039907733478
16.670406463682536
17.292341035476259
13.056434247549735
15.739194833326945
17.193470051516826
18.027819789486539
16.288758239628102
14.583408663025732
17.634927951785617
16.093417953974683
17.346746235288077
13.821333253227708
14.655194214873628
17.501715776870807
16.343534382044858
16.075320507723365
18.504838430588634
17.71777495113156
17.011221434160074
12.803525267401184
14.313826387012755
18.039824309254872
16.654467820019924
14.706347073986084
17.502142159393188
13.871067859408049
17.944515775807016
15.098360182177254
16.116007097019232
15.502831291064233
14.439228237217888
14.445744337334888
15.356067354456389
17.568010773372272
17.168921931506436
14.446278187977235
16.685985568340463
17.492637566656864
17.237961378127491
17.493105736496734
17.932645664367502
14.37772082556784
18.719106969794783
18.244248272299149
16.587171093208418
16.797001927383107
14.200831371923018
16.029106395046075
14.274679781064451
10.840639600956019
10.770575211663997
17.350827049052118
11.04092005143311
17.101854749833901
17.12655187391616
13.804067440873729
17.371417173221861
17.313454919605999
14.402247433097338
17.165760640988104
17.309123541696799
11.332031369019937
17.16632109795319
16.985013115645359
16.199267962224162
17.820265616872518
13.799439717214916
17.627602666704803
15.301327712818662
16.270148398520487
17.889981270563212
18.229199462043255
14.389315079105636
18.040782278991838
18.143947856935512
12.864061164350549
18.051043802907191
12.026373534253185
15.280382468486559
16.797208434673838
16.283138157913214
15.230226171602457
17.949727041193221
17.326533114841752
15.032031445520149
13.797237515014061
17.921280585158989
16.133066184347996
13.162868281559545
18.704660753178345
17.064147916814949
15.166263155240218
17.169662742165599
15.695420098148173
15.525596602961746
15.629259263616602
18.226575787245249
17.177184983099572
14.44394342770166
15.751578789366116
17.589958156440854
17.730972375009785
17.26823773853047
16.841224240758041
17.361346098050035
16.996499585886834
14.689518314954404
15.932125499737595
13.95056897830713
17.919675244353716
17.469690706705972
16.862530481986028
16.130103245081372
17.924909439904205
18.171870871818623
17.459711053286593
17.214728553777896
16.892800193029004
16.475054136755833
15.765857326400267
15.959126673917442
17.8684912501291
12.492245297796758
16.069292181481583
16.054195339257262
16.088673036457049
16.169776680711863
16.487832884731677
16.125704750589325
15.734591797377625
17.283425621524646
13.360466417326316
16.490690516930616
15.800332123596196
15.662693315985102
14.66854829508666
15.402045007036996
17.166914621683034
17.53581021986145
18.355683160437074
15.575765100282243
17.704795693353596
13.562424641490843
17.598378136565252
16.612678293994332
16.616757895581937
17.492137104949943
16.338048494495919
16.870199351098357
17.368579721434454
18.061579199734549
18.41871924434006
16.713632512355264
15.830051201856078
18.22574647083664
16.057967072571756
18.64396754021341
17.257987319297392
15.280990872183441
17.290366100685635
18.337456691463512
15.96627613799353
17.973652813543428
17.791664090840467
16.060067174898055
16.221005681092684
14.6482657342892
14.55469170153353
17.16731811836808
17.6721509795217
16.244042175357812
14.050325609043897
16.329428517366559
13.034566486938331
16.943470190729691
16.165037252390793
15.878019682204547
17.243760633898436
15.105893007153469
17.08330454647491
17.648130839515371
17.739272608265274
14.904411203075716
17.813376550495008
13.535525950584914
13.74867641087107
17.554831947158107
17.519847286066373
13.975751960012966
18.262173594543121
13.888560962324609
14.087892841173913
16.733767242254494
13.892321734598776
13.707715683820075
17.418447513386727
18.509048860255636
17.500911690204525
17.66462132450599
18.609255368775713
14.553072966902922
16.512266132919358
18.088184889238363
16.942227275198842
17.403269705410239
16.861714864977817
16.750895721432425
16.757432308923971
16.373753129068348
16.433198326223959
16.476823524336787
18.010997483083734
18.382829483893623
16.891030443097804
18.416543586758102
16.915822392903507
16.724697052847187
14.834428730552622
14.484147617855472
17.463056564671014
17.980486435268205
15.545595318753884
17.215812231836082
15.690236337046853
17.214520092780376
16.068034393158761
17.193767277502573
16.089159588836758
14.644989246111122
15.242752815137617
16.049873143901827
18.434806984680478
18.283308764591844
17.294368754457164
17.890434106166222
18.596593597201299
18.084856814717011
18.307403330700183
18.635291926715624
15.604570097187414
18.735575219225861
18.21024162800914
15.388950743853524
18.104339156251125
17.727738333885434
17.699860736094134
16.803176944435965
17.482095608550505
16.908268857489084
16.770886898686296
15.834406216050072
15.693360354970046
16.541237077116257
17.636663661041588
16.751652227828984
16.43468370314627
16.446815411339745
16.670185994497942
16.995455773825196
16.067834072830159
17.258843007136385
15.36645373828555
18.312290500086167
18.312445228538124
17.738193877856808
17.214727416933872
14.272722532507165
15.669077898356331
17.714784587094254
17.929959797620686
14.367300818744148
17.532370521004225
14.372138457285139
15.338683100948476
14.229254099960576
13.998953725339621
16.382852205283729
15.755639463971537
15.338034771580688
18.174962789609506
18.142794217868719
16.100976799878534
17.433733483998907
16.967749919388392
17.167976245892298
17.636884790750731
10.693500935381811
17.49004436373335
18.243432739086071
13.72021081852777
16.364538415785102
16.679108971152143
18.225331462506674
18.061091756419309
17.620804411192651
14.857053024382596
13.921289095207126
15.432089337750213
13.735135271463205
13.731475097798647
15.051963513685113
15.940764282868685
17.422877427059117
17.827005000411251
17.846939639955824
17.272561722065689
14.37669836036104
14.330163666021335
14.560487808972567
16.75893192100645
14.423303116823579
16.184218717852811
16.27403270293555
14.651028476971637
15.895110633116129
16.685532380050187
14.740117577523774
16.533441155133652
16.750866265697312
13.324090248907932
16.641753973215682
15.972657311400104
16.366071573869281
16.915792618117678
15.851627836161391
17.326861336920238
13.373256973626789
13.777279922412168
17.39485133709033
18.282100299519549
16.226710737908803
18.405911023411576
18.027672226261259
15.779895283973925
18.345702091632486
15.684018686100751
15.588804286106621
16.27768048492057
18.237212772343906
17.386804698431462
16.927707655585131
17.317684580064853
13.297873291921988
15.192808689282959
17.069816790419697
14.811858179010382
13.016429268799751
18.015494786463353
18.160820652195454
17.959594874778332
15.62496792645323
12.405793281766661
16.132922654717579
16.7683122026653
18.132484290837152
13.018432217155944
13.282330006619457
15.974446496457446
17.019844807322944
17.546470749418543
18.182677520269607
18.048815629413607
17.943478836225125
16.831658542203531
16.495744745875733
15.207241181151801
15.237935593522453
18.47361841468728
18.286964741045139
18.117478272800451
18.006919645812104
13.197079588340619
18.069252490224031
12.805811956889322
12.481283424491991
17.695558130752115
18.681329601757128
12.19193834217584
17.733974260327674
12.312981635479934
13.292975972270343
17.784955050658041
12.292808849539677
12.666298861244149
17.929661498533896
18.585551073352768
16.743185416672723
17.001759978978843
18.733164241684356
16.125487853670982
18.635664269269494
17.021209122044674
17.051159002924948
15.515894304283721
13.357224891238326
16.480086441641646
17.037793464468187
15.955133479803894
15.517578999169674
16.149593915194853
17.852258468744139
17.900289246803105
16.082961077494133
18.321713258612949
16.983274454254207
17.192856521050114
14.221192698891501
15.368437638517904
17.489045301952824
16.476465239881016
11.664439251581296
15.373200024325826
17.506595756829782
17.479713195948516
15.661823212510866
17.55159451443474
14.767330930380528
14.85470957136171
15.788799751381189
17.326814946483243
17.855897115636221
17.356021719528947
16.645616066285751
14.731176735949958
16.75766209447179
18.161443249440492
17.726478547936427
18.719238847218016
15.248393380508885
18.738179149298027
12.503174272441669
13.075307146332598
16.912963359556429
13.367180816065385
17.495493392332605
17.72412484469071
13.146922748151193
17.156845274562606
17.784563867539724
14.684982785478597
17.789704802826719
17.329685379983783
13.64194565541808
17.750681903654311
17.586294202015935
13.035150783440207
17.422218237757541
16.056674188602042
17.610200167519451
15.726715050400029
17.069525168408667
17.8170202768252
18.158894030416356
14.600596254934713
17.918331626644957
18.301043643918657
13.829030627910592
17.94131303784242
14.117530153009586
16.830202181075389
17.840604703733622
17.244497905988716
17.165938539913636
18.36155190813454
15.845144126375443
11.882168611972316
12.005379530397585
18.504022269560867
17.648089539968211
10.811597419734801
18.156350170065966
18.497693649991913
17.611745969494805
18.179669112389899
12.39184189745537
16.342444875752658
16.237527693678857
18.186269535738433
16.327708220353571
14.388254913770307
17.050917964410434
17.242587034583121
17.773962101132057
18.6696565824457
17.125484189804322
18.147816430266484
17.667676697095654
14.844413288117762
16.426025615985314
15.857514116752972
18.444975805883129
3.3509279557533285
17.033761561254412
4.5128331866264411
16.864464962902733
17.218027341920955
12.988829709123738
16.137615682231228
17.42674317921588
11.370025248122975
17.295290067774186
16.421252158825983
12.08508674754267
17.296921708964742
16.785004794019653
14.522017958903106
16.723274618942181
15.255650183309422
17.532234345122632
14.718178950745735
16.328066131145533
17.438512758968972
18.401986749987113
15.866572349200407
18.224288958190108
17.821701000028106
14.077965596906404
17.275428871119772
13.988149020457369
16.138537754333232
17.465607763199959
17.066533925687853
16.238796430398629
17.715305340820496
17.59192975877059
14.162264423064496
12.918026096724608
18.053366357935108
14.835302881782269
12.722195343546682
18.226583266090632
18.443687828321742
17.337846081531907
15.10062849598237
14.685139164070346
16.632232925867619
15.608456075144641
17.694206430793404
16.869085379954459
13.450197989720932
14.172244745541532
17.306524006067928
17.253846179912482
18.302803421768406
16.555957206663102
17.915646498962133
16.633770840449071
13.190873909081802
14.330371470809595
12.084521339940558
18.133522819964881
17.490661249462136
3.0897570505188927
17.296762103909067
17.56679298699024
12.900238145360548
16.037169853718762
17.794054333653655
11.238050219616888
17.648155885998296
17.067791261585995
12.778763952961748
17.672789962640024
17.197991342609605
15.114024395839168
16.502695672892084
15.504273607498469
17.08239036681822
14.446782710402402
16.58225701216406
17.04662247863412
18.401921413894819
15.68355523861538
18.088566154736078
17.504304506634398
14.27466054399604
16.761326828063943
13.956456343024895
16.465924411188102
17.769697095373431
17.133648398427308
16.403991029335899
18.176931941471818
17.62434237561499
14.737513041513971
13.6806216890933
18.357561643144972
15.147757809517744
13.164752641661076
18.468000406991024
18.540389427417903
17.083877526511614
15.220797238814205
15.089649323732697
16.846983896984234
15.36739728386557
18.085937739430751
17.333381836695199
14.280380166863566
14.758451147151112
17.163305568255907
17.09700463450358
18.420962475046771
16.439430572623685
17.923616598978388
16.533012621752714
12.710913583171944
14.01051751203566
12.293792969735842
18.269008131090089
17.518901379088671
10.148372674115578
10.04600880207755
17.950274675940769
18.413264528154265
10.526457447308074
18.11524686552076
10.607317361686766
9.8437589923200388
17.884197598016769
10.654635245954726
9.7216943541921967
16.065605481516229
18.468615870460891
16.973707553384063
18.127009148801058
18.438135235051615
14.307586312103503
18.722232391893503
16.565102654816688
16.576113962758772
17.323000096214937
15.2942462459379
15.889440622713566
18.27223176463438
15.778126686237696
15.991811721447561
15.37607030535667
18.239936236308491
17.946262472086168
10.64686023667498
17.16088401126602
16.180406860911592
15.495404350260589
14.929647416697584
15.090174315669058
17.633962860293895
16.963056730002918
14.902715512859697
17.226719025759039
16.635031727337836
16.700534479415715
15.947927716763397
17.298239262010291
10.47448583833607
13.236164742247102
12.093045469882796
17.315377211864206
17.420978850434061
16.897471695140052
17.766657842639333
17.979466510894547
17.974672019548425
18.077401168689484
18.207462725536594
18.54480558684666
14.32574514837169
18.727126078156207
17.069245695243158
17.391127094752463
13.08645123977683
15.745823775794673
17.609982897027781
11.351317922017046
17.440806411948987
16.979581617607224
12.757407898287035
17.466306109920456
17.016627797293818
15.376800255679745
15.864595117481644
15.370147592918569
17.042202591619173
14.148731449000421
16.099110136690395
16.586384942294423
18.309625357099009
15.667330973581564
17.847350344936778
17.031947202161241
14.494348229974591
16.144889837765675
14.202916701605369
16.385811950241639
17.75992726553525
16.9662283904769
15.849447894672895
18.129121007868672
17.508536469182339
15.181052976983011
13.905492874742967
18.221870366178482
14.93945899789321
13.384176943448415
18.236420686814942
18.506195651167516
17.045277769145894
15.0515274630802
15.55684756925873
16.722770796945714
15.565248332900758
18.112794311994833
17.236469102145318
14.298341629229608
14.491189722125165
17.121371842025152
17.083743816357245
18.369386747432099
16.341193643104749
17.575465311936
16.20523278837079
12.474806496066652
13.243596129858577
12.272199589456594
17.939836138142581
3.2904143661740588
17.483835727367747
18.052185569100672
4.8915940383388516
17.517367178336396
4.0018449029630636
6.9232436876851482
16.551561976597434
4.2065330714318652
2.8786383548727472
16.887932055913794
18.101008062007399
15.752691492788898
18.13288829175503
18.082058351296524
12.333337658986434
18.459319062737048
17.07560128230763
17.673699478498857
17.326759102810339
15.477452664442344
17.315040287715213
18.122396227968498
17.051126254438852
14.352660254673447
13.562212207262359
18.516896799677699
17.767214252681786
14.494170307185755
18.316471197031838
16.686961099012457
16.781995673450144
11.551467358920229
13.423883380520293
17.494517983355184
17.538452386554003
14.288311947403313
17.559867755040624
16.822360658621015
17.000403135549139
15.23296055858486
17.451691343141686
14.116680519698461
13.022104558466443
13.173743922017779
16.246403684617686
17.606747984766404
17.107081911942878
16.004246127509006
18.055425391639528
17.856352038333828
17.734573812253974
17.952988997409665
17.977533243578087
13.761554977256795
18.729000421972714
17.634923433124069
18.284450432839343
2.8538863902486935
17.736997090240205
1.8395703692166583
7.341414270787963
16.519925343178578
2.2111813116698515
2.067932637172758
16.706533612819353
18.459255376045739
15.534847674079861
18.102022995780718
18.155717132734612
12.048240867672172
18.517721071987228
16.938295062203636
17.758545397490909
17.198890062677631
15.167502576674028
17.284750000239011
18.130632463227727
16.905270615282472
14.078407387257441
13.32343342982697
18.441760429496277
17.67824929784474
14.765028577109179
18.408681027633381
16.560772172182567
16.88695876485238
11.127708399700449
13.790494244362005
17.572553219597793
17.666276453223215
13.691079702945821
17.401579639522474
17.073902660304306
16.881284746860864
15.069210043723414
17.488285302808126
14.534497052877187
13.073518075898749
13.479385667822521
16.635319422272559
17.500133516316577
16.934566185968254
15.698928425444196
17.957352388474256
17.572562720485333
17.760916848330062
17.95543860839922
18.25363272080202
13.479347940716783
18.732470003371848
16.654317348167105
17.849707354694612
13.86243211709197
17.770259842576969
17.81405769744855
12.184949466717752
17.854347426840032
17.442301442879153
15.355641225783176
17.316263173236056
13.476714318887655
17.430720399245139
15.799145336394332
17.062624858766945
17.62376028170204
18.369746178214086
12.343872089293809
18.228960006408279
18.22120241740231
13.632582303836676
17.960366605252347
13.67689967427372
16.504590027949611
16.447382107858225
15.390147968628945
15.3507804078221
18.184415931723137
14.83092012925295
15.303262414102653
14.15776770886391
18.234177417061375
17.200103166516239
10.70525763231386
18.567677331614231
18.413592898007384
15.487363540843251
17.376792069365852
15.760632222936033
13.101066134883185
14.535496066087855
18.529714867864641
17.226412627593113
15.751755118718609
14.819513953733528
15.178209580124268
15.971870309788526
18.228536065364395
13.98305696555289
16.699582717313163
15.925377530091124
14.046269596257474
15.1296408373163
15.845836169351356
15.864571138580622
18.419448684110023
14.476914735948938
18.337942864172263
18.429689976689694
16.321746326754077
18.418404964357109
18.162274431900535
17.566863113932872
12.894942083430212
17.640776821308751
16.88659666015187
17.320858513255299
17.046220117016659
16.887174083308629
16.562995779781676
15.308611567801254
17.962213897858298
16.875420399027455
15.279926503230266
15.606686881649411
16.304987502508283
17.782702691438516
18.319271093186938
16.314422433180596
17.380808136854483
18.25813758747169
15.483683306486801
16.375278363835552
16.283673323833753
18.738191734065413
16.164041183570486
16.777650953015041
17.213336254833507
18.733530659967013
16.784125187312956
16.338823030481144
15.283306003119149
17.83037463366702
15.948399476895352
18.318255862593272
17.34998010493101
16.149723798550344
16.065820991247769
15.673227808711987
15.757878116766655
18.484328649430278
16.137887899263152
14.981424186485919
14.350776449690557
15.063336734666631
13.948437883470056
16.624680836242387
17.62822176867131
17.967036222874441
1.8772453279031405
6.671116068763328
16.518981567556086
1.8625651764615976
3.810557461807162
16.624273776969698
18.442497563681822
15.377155828754377
18.065705011376402
18.174392191689975
12.255748004113567
18.480477044011245
16.908003424809106
17.890575138314514
16.955327251399048
14.88249973029143
17.387076080699309
18.132029654935849
16.967659875346392
14.060695402283461
13.178817504284986
18.393136866428208
17.734941407446414
14.884785460412067
18.447618548116022
16.311829188676779
16.985021405378507
10.977414312647312
14.162183037627782
17.60557151628084
17.231041817878829
13.58373569782025
17.204585505081354
17.261145393799993
16.747030003826314
14.886229478912112
17.590731136541773
14.793899040605908
13.398424972786087
13.907354987558389
16.859672144987574
17.522492284679764
16.85286619514379
15.397011801269366
17.745432008080904
17.288549416540558
17.660628187736492
17.872544184392346
18.318134729272852
13.392670501196378
18.73603215122273
17.807971903667926
18.004602023710827
14.321074797585498
17.905291282717158
17.489907554621706
16.599364648809676
14.711234721547269
15.92478154262632
15.797984243985766
16.069586015382342
16.933158304318621
16.254353734360116
17.858969066645653
16.895164617923452
18.160136049040805
17.497287280144622
16.395517305434559
15.768573277575735
16.442566018149609
16.800499793721993
18.272894607132816
18.007936767196036
18.153274061665478
18.358582639574955
17.901878595553161
15.692300226887205
14.784761716743633
18.156879885582704
14.144993630332531
15.183544058346694
18.08614239891163
18.440718082244807
17.821674878992262
14.360781346641129
15.877498766983242
15.376624538966517
15.046257396190056
18.282305196045442
17.209628814629745
15.615796760007539
12.790945303335668
15.779075279363905
16.151199264021987
18.568369297554938
17.308890789343852
17.810180964344315
14.660456368013193
14.507681329197499
12.490747045606518
13.881861834474298
18.625175336610258
7.0773792299312515
16.539622071381775
1.0
3.0492752673552221
16.759283034454896
18.42171637809528
15.401785350144729
18.121491294928475
18.094970234114296
12.205319893613893
18.500324018822905
17.02263957844124
17.833013149272908
17.114688993043778
15.059262527729022
17.451178398527784
18.099812699990558
17.049459677344419
14.099916670648923
13.335652891299393
18.450713510696566
17.712939551684826
15.150906014068305
18.457184565567058
16.45090863928791
16.874861482581526
10.941024340301746
14.035103971805773
17.592535170196779
17.50808142483622
13.651374405336218
17.26489020314499
17.251825100605895
16.855850074108325
14.957098446065947
17.556777481987606
14.788358425369779
13.179563876017365
13.755311039104086
16.659882214525901
17.534482621903347
16.972013664522436
15.424354989503573
17.803261365903651
17.420740997057379
17.763808642360559
17.872093292598361
18.248648816079903
13.492682640269624
18.735094760827653
16.410505667786577
6.9283410035018296
6.9940715124505992
15.325908805625565
18.445385718584724
15.560407202928372
17.906435123336376
18.131193489035947
12.898490357865684
18.529249688988095
16.760151085973767
17.883408784330374
16.872995152885935
15.609137517685499
17.274753291325187
18.123111411757211
16.746388161944065
14.470179914074802
13.404540583484172
18.356727058256148
17.572221425494835
13.216256711473356
18.51018102461838
16.483391210170026
16.325121500830512
11.871353312209486
14.301265379211547
17.606298903778427
16.569840459032928
14.660433043955749
17.228095282168447
16.470384490154078
16.917497285557008
15.532191078411863
17.676977728106227
13.597315321814543
14.023150561417554
12.687448686426931
16.69626295598545
17.519828871723711
16.721433314363018
15.61955211756592
17.782485404201001
17.289685406512934
17.601004365609516
17.804714964305177
18.283265602406182
12.991687899616561
18.738116629947459
16.527082321125707
16.371826985783962
14.818499533542047
16.968699852232348
12.611359013317221
16.994822290411694
14.638997525108937
15.304211063622322
17.064450153294235
17.750924465493398
15.875227818322658
17.70317149724151
17.786267944679341
14.105644761708341
17.815217499179052
13.812607581278465
14.901779641827112
15.635282714738983
16.430243349392637
15.94362239879819
18.01540363192688
16.750756484190816
14.272336183720968
13.842773917143472
17.165644581662004
15.900504454615502
12.811797508566654
17.832611970415506
17.949289193209925
16.053705423691113
16.705005762207534
14.520588932548678
13.949998090047329
15.125047968799185
18.428473918886333
17.305462958999641
13.460076247691754
14.659949114314204
15.849483180161435
16.265258558244881
17.074014433404869
15.800185601471822
16.785921738297958
15.222936698635136
15.079489698253441
13.399975459962024
14.056524298970354
16.3768594789335
3.5527665291320631
16.651946443591136
18.458916458442111
15.449290965349149
18.03082712715285
18.144806814621372
12.28387175144225
18.495078579212944
16.945214832489288
17.905038175345521
17.041648197617839
15.055779040884582
17.39733626094046
18.141704012105791
16.965171825461702
14.061064446485556
13.220433080619037
18.434443620332644
17.779838636985943
15.16194167409826
18.542655961105204
16.435594590275908
16.863164662968135
10.840995651089749
14.033276185722551
17.566892481493777
17.389870908607513
13.668400053564429
17.317707559355991
17.278706663857228
16.898812769914482
15.01570127205132
17.586722713467413
14.658600705367384
13.134665366982686
13.807268353729089
16.702927920783576
17.513000048100555
16.90389636998664
15.333948408470222
17.794266117619479
17.441505978114208
17.741970758455398
17.789716609817017
18.324129734653116
13.513730138082865
18.736053124155458
16.77519057767946
18.353018525647613
15.629096137200868
18.062835041112738
18.021926942208932
11.895775758494452
18.496020896234288
17.091988018942235
17.715373843153458
17.141238118115222
15.183353419173111
17.33942986470435
18.112938014844335
17.032497816358003
14.087471895103922
13.474016070886758
18.41398428428284
17.613929592777868
14.494923667033198
18.359744104671677
16.43358821958121
16.683523062374352
11.499674550688455
13.475968973024603
17.510180646603789
17.711352688994104
13.793899920195047
17.441377371233564
16.651057744950037
16.764714808555581
15.083528395024187
17.392590700661053
14.411725767125951
13.044784526977049
12.933861602004423
16.406033798381912
17.594250918167873
17.102839412699989
15.917391048810391
18.126063264116162
17.661086945733775
17.70334664435936
17.930243558068955
18.039127596820471
13.206031361990938
18.72855243612393
17.882790994966257
14.596325277159748
17.341540262744918
16.56760287975132
17.078160117070759
17.620406769115768
15.589044403007039
16.53891712894082
17.689333410159723
17.753897920516835
15.502446327844874
17.750131655992494
14.693866463834212
15.614718766533253
15.728634290597348
16.973274162241378
16.016191288911859
16.296742837199329
16.684178020322577
15.037635447907808
15.411219298684738
15.924168792147075
18.030568103350156
15.246199080860222
15.691105510924093
18.261319357493086
15.705513767834502
17.725922169157222
14.640865889670991
16.464036130095423
16.545430378004738
15.425058696990069
16.861996246622969
15.38937396204706
16.977082301493635
15.929802160210333
15.524056507209552
15.66753813258935
16.536182637058509
16.967176424121138
16.522979358893412
16.138547063553915
16.509263143069308
16.671722323676747
18.109382236521554
17.094344351030511
16.133267608096393
15.736097975337065
16.986396628693608
14.102993770861699
17.793214103868067
16.24783310691058
17.90571487809553
16.729298168970264
17.238989292038198
14.771329766815168
17.849864320763768
18.424904671206637
18.359845245455347
16.809318403119985
16.529311993098137
17.515517158236094
15.844294893251533
17.708823051100353
17.680234158878946
18.737763886998025
15.237268421882261
17.478942191686524
18.21802298499853
18.729180912453362
17.85570122053992
15.107574883831198
17.183690015577742
16.229193958826855
15.443869307641071
18.710164503143844
16.764101210533074
17.045732796573905
14.697821846414563
16.288096371125413
16.666388387142948
17.858457202838409
16.669194595793535
16.660878297905818
15.970658262959661
15.636898052171357
13.371884699597871
17.617495958658257
17.191210825389724
18.1843362793167
16.198010973319345
15.534293034938781
17.934944796979444
16.557605327558093
14.833177029710962
18.377040460705
18.043980515335569
15.236589240666378
18.181260133638901
15.365944674361348
12.566918393554577
14.73821276494666
16.964581110014905
15.18715442312055
17.300277291334275
17.474768011020473
16.949280850651746
15.471962999472478
15.699831537737047
18.256556548262981
14.895878173686683
17.327377702456797
18.188023576419301
14.92247512949479
18.351304960579156
16.951367526787344
13.560836062925373
15.820418617802574
17.961271229134351
18.01747762333228
15.004616159550467
15.423995472025865
16.68063349464601
16.421864864609162
12.74821867232415
15.984204514626692
16.952049903989785
17.058139602543619
16.778734297064855
15.756343706227986
16.902841220321815
18.015657609318424
14.477442775120382
16.968667338930274
14.300912311273979
17.132491620224648
18.43167777204717
11.554798946286931
14.139690991482412
18.182218240695882
13.110959088299534
18.145811481327989
18.340219430229535
18.510471410847074
17.808501921711791
17.029504074270918
18.251924237517507
18.443275342626727
16.694623768347345
18.245901148495268
17.729031182937053
17.268694671757476
17.965432956049785
14.476607660061429
15.851128920022246
18.472145155173539
17.074324336974371
16.80046935765991
17.520184461883932
16.466623995416235
17.859328524925644
16.898945720221228
17.757299367071358
17.192091605542338
16.863469948744729
17.072715655730708
18.402264450789612
16.634799134490077
17.821283518012734
16.149969892001657
15.719226253596169
16.306856840335115
16.496729207442261
18.102750904801692
15.45434166196439
14.970103113804198
18.491846676275195
16.724561741677913
16.769705419220756
16.958020381313695
15.993387545940459
17.595116944107772
16.165777678441053
17.900170134676188
18.086787496514603
17.309770327645548
14.041641069221305
18.720901913990204
17.920642484658508
16.578747961859346
17.145073056219857
18.731688496826322
17.194633054093199
14.932758650269163
17.960794638459301
18.487861899077703
17.673531321694373
16.569417141894185
15.786461209928804
17.416901110052176
16.826236637538575
18.634196876880875
17.340989292859582
15.753827283953143
17.440926241667739
17.747457153486874
18.053585280681158
18.373757827661912
17.176063130631555
18.421631852619953
17.466625976908176
14.860464606671547
14.700586939948046
17.217249283507659
18.576553492502985
16.692037754416081
17.983740353231564
17.253413276336211
17.569553650956099
15.006428855040499
17.085342180042442
17.15854309135943
16.509015631989094
14.50797164498468
15.328068056640349
18.24601930843232
16.677479790862339
15.602233147271466
17.564867199666249
16.151545771587635
15.927371420851385
14.913441831993532
13.91251888573893
16.827625223706704
18.280673432073623
15.958655616328123
18.227891068616501
14.079963560680413
15.834915709530144
15.86791373939373
16.770230683757969
16.085900294603285
14.323538956207356
12.406437635127787
15.047179330727035
17.583994520287938
17.637138993286626
16.917340009058069
18.63348453288598
18.025272440892085
17.440764053134235
17.459955779536894
16.704457749590453
12.664736717196137
18.738061496855583
17.63097463336171
18.409285603592199
17.159305931567403
15.932534698432839
18.463951209958772
12.98978127996296
18.384831026430128
18.223835837569048
18.396192681501713
17.666428447880875
15.019645899520519
18.738185260591745
18.460308563508846
18.637809975063156
18.584776987833543
17.789418462346756
15.376343032885364
18.251263475602371
18.050411802688334
18.269989563966128
18.377223305707915
15.231422367357393
18.48513521670213
16.482069653299011
14.294191958239098
18.699189342808044
16.365992252867748
17.767329121553029
15.790087341507533
15.227082161233012
15.63958584099619
18.097867425248268
17.761693124010634
17.49787131145732
15.462554692167641
15.958691053779363
14.784823173411565
17.821726805012837
16.689382058729784
18.368817037527712
17.081813871644023
17.403164513532147
16.530482183007848
17.150129044424354
17.098242822128043
15.083177562686187
15.197132249466376
16.175788345771441
17.855630952040666
15.601321951086598
17.030076365077722
18.632166394361015
18.611535915842349
16.278783563771853
18.32197277892287
17.965029705077995
16.257761573941213
18.536230948444643
14.080543629531464
18.598581956283585
18.574329283095683
16.083097973734649
17.217457591229437
15.584746227685816
17.714837484233556
17.832224750238282
18.51486739075272
13.957523774838579
12.749057935475163
16.012394624859546
16.296350360745279
13.572747319220602
16.035449700177306
15.782497934101544
17.858461806354939
18.556870598279403
18.631901793194764
18.501222476786214
18.37266937824494
10.835760052477642
18.591030213579021
10.547276141438511
16.675315615290064
17.366339705886134
15.63811766961593
15.238450195081695
17.419562586215218
11.143023648007281
16.686979488369218
15.088050053283235
18.219443900000805
18.248047968934817
14.482791087476821
18.594684807816538
18.176348775785534
14.90524818668508
18.159879968442453
16.350467831215756
15.698124469122622
15.61448365227297
17.915367425768675
17.630318881601294
15.653780899235654
16.899658554612742
15.338598019632528
16.026550472065125
17.816868609422254
15.523461816870956
15.93526524659975
16.341861512851423
15.517541812898934
16.957392792719897
17.495233765916147
15.458938214571095
13.21375201395853
18.660778578895986
16.059550727592885
18.377131714583694
18.531462414731784
18.669887538115766
16.609100286618226
16.627571594656537
18.411835020652358
18.310240342885656
16.536983496575136
18.490200963797886
17.622063216981925
18.466915211269082
18.393147081647257
16.379353983350001
12.233334851898572
18.458470753183736
18.616332504868055
16.865455588112987
17.941550074057108
17.969619389994744
17.26265179158155
16.449084234264284
18.184523733931666
18.135466431706806
18.373566947975998
18.278587999352851
18.282615341832567
15.885926763985976
17.313008463136608
17.266894516050311
16.366914107294402
17.993708833631771
16.889774799584352
18.427699171005667
18.207396323814081
13.421891599043102
18.089809965624781
18.442509767825005
18.435508226618531
17.134732406248816
17.466246009561246
17.801993981603221
18.282057557877401
16.119149584531471
17.455762626409911
16.663800144913054
16.519730208347312
18.185048801814411
16.207983486921425
12.785436223909723
18.528707406544871
16.415326090325912
16.097204686446382
17.885141691805945
16.265781577995885
15.145188256580528
15.114053042973431
16.743681285151371
16.710119090892839
17.766555216279478
17.669127235962399
18.255982231234331
15.282590422396295
16.566604131857723
16.676053219542435
15.521741140039364
16.938924273958772
14.811688434652808
17.804212646701608
18.656039988073502
7.8919507838490635
14.624942333615692
16.436163400897136
15.126074718026834
15.782776220186717
16.436833637880206
14.81327744681364
15.632018492697599
14.886870491761963
17.931328287092708
17.927103132950347
11.964948673922244
18.161029997947029
18.148272908498196
14.417279457680705
18.668305817778037
15.445590160753115
15.645692125115357
15.995230847960752
16.881462405862635
17.754480065872308
14.938760034959266
17.47827077975937
16.071160802449452
15.80485350323808
17.529399120573188
14.460006752924517
16.023664930769471
17.046525276283404
14.733368741211544
16.764040957381571
15.965441332999914
16.847115942249314
18.544859404467207
18.508837737024844
18.567552189525536
18.270069731907597
17.059780732306059
18.557495710011167
18.212066219546795
18.313628929797176
18.449537642177688
17.178425314251204
16.586194919168808
18.551931529050297
15.302697508567798
17.066867581852563
18.652531870746358
16.099816920917078
18.010823875765894
17.388481870696392
16.011616665797781
17.809786508394012
17.496586488910594
17.988130404138218
16.081554696463659
15.865372137987647
16.157310517868979
18.146457371768953
16.75202161578509
16.954546703073856
15.660667692141212
16.522706474451908
14.631521486458167
16.440650868207559
17.123174719038875
14.733273823104444
16.314496668783217
15.553249748961436
15.02323184931859
16.525970748862132
15.126709262991715
14.94095216119249
14.497656925506503
17.317529435707801
17.680835195900531
12.692703531025103
17.658218205907282
17.713704718531179
13.686472090725772
17.921829807957579
15.234229816593954
16.336878855381176
15.843930807075713
16.279116512826842
17.61994722009668
15.220154095986114
16.963941105467633
15.324494359696947
14.980903024047803
17.141287858190282
14.827162114733529
15.348034915364721
16.626833080272029
14.40587619060852
16.7473106013917
15.465280196818165
15.498465010604441
9.2524891404110736
18.086095970542956
17.398589987977203
16.220032335902989
17.556735459054195
17.310331191071707
17.163031872227894
13.442475255783176
16.486199979306996
16.022079502331994
16.492752585628761
17.891740910286753
15.215793022633381
17.418846851397277
17.492039248709236
14.362338804305022
15.941265978450067
17.136420052213087
16.999615805362787
15.078610654996103
16.582758116544106
16.016437187834772
15.985537188772165
10.212129331229164
17.338961783007196
16.369574118111924
15.749579213056425
17.238201127320384
17.656034384869709
15.394356596519145
18.723705996555815
16.861548115369374
17.791675488561939
15.3810556784721
16.753675602934923
18.012866879131121
18.028045510240155
12.435004548086916
16.577622107404917
17.367697917905414
16.298997020596104
17.824491807731409
14.486830710978836
18.059210395365877
18.244951539990105
12.988385624981049
15.471882043324657
16.812782209359217
17.120126529879261
15.146440657115839
17.003784929984274
15.811555404531703
15.628844315932289
11.324306239885354
16.892297051049724
15.771785519980201
15.189812073452396
17.416917586205063
18.068439930280963
16.227493563550766
18.71908140278191
14.252152565167032
17.367587306572652
15.082377265370972
18.238990705422449
18.088381170696522
18.539320240737286
18.423429288078975
16.307573707762657
17.257035528324256
15.240871735919248
13.683762905902691
18.597653903203639
18.370649363226256
15.688645648672269
16.4647287135823
18.102110125018118
18.290441089018977
18.027682736965303
17.519672443613839
16.359336269182133
16.147159108371714
18.128715318148704
12.465002214945869
12.611985197865721
16.988346272430405
13.78821007693176
16.939703847221594
17.924820915296205
16.438194182837311
17.887083148110889
16.193984592408889
18.374894973661672
18.193120558900954
18.150906438995854
17.839936410572015
16.405415764155329
18.156541898023445
17.109999781887595
14.851291973247662
17.561816533514932
17.896560307501399
17.815793477139412
16.893743370425366
18.400801766398562
17.452203969108428
16.959229797024459
16.342628033923674
15.891655445505405
15.901230070591422
17.019835969380836
14.474447696634357
15.115005385596248
16.929913965692975
14.746554852213746
15.933113750209747
17.70845116376568
13.622882257293789
15.523183407957216
18.10930074054917
17.51370034517986
16.416828767060846
16.291037792280662
18.40155015251074
15.994391594785284
17.52758196349501
17.009072338317491
17.373946184754669
18.151483566261295
15.951652778758106
18.071662987409415
13.271982344683362
16.442787575125624
14.460475870639899
17.779970180547593
16.782305885842831
16.303956401856759
18.196772442735302
18.057761346951573
17.220688710377853
18.001334834205572
18.437142714771518
18.735655523190676
15.903250079449945
18.71861644065655
17.770600231523201
15.925380527006153
18.728272431023854
18.628312751214036
16.5870457016469
18.513064804574672
18.493661617526001
14.562887282032369
18.635284323491028
17.627187792697256
16.010950596343012
16.775581314965855
17.457956499234669
17.823349465921865
17.045331996806944
17.138239658317755
14.071944799455752
14.910774162009336
18.721482502581146
15.784261555203242
15.013617550761779
16.141253305337671
16.398500144832518
17.33539618652895
18.589304733096828
15.22809045656183
12.292158014610768
18.51994547792366
17.027125686490045
11.680512071997327
17.508223878601044
16.805123032410432
18.643893906150932
17.006870307423288
5.6971541144669606
17.13788299563285
16.638944533358515
16.458720673560933
13.786125349059887
15.274668806196896
16.963323161590175
18.071845837129608
18.289332056990453
18.719338718730157
18.06638910583127
18.348544604484552
17.594445779293729
16.593166338156884
17.365188127580318
13.846775625892571
18.738070581844674
18.532573034678638
16.500919785106031
12.698058400784118
18.187458236036452
17.642464209159986
18.007034671779955
15.939219045502337
13.640720130707908
16.563899128626087
15.826141849056476
14.930194562177714
15.555625987530084
12.305263246808279
15.234768001967559
18.004530518782424
18.123560666692192
18.63000706614546
17.565563558285412
18.16922834075244
17.331519594695404
16.129357576113037
16.588231212659931
14.70560637220178
18.7252487264394
15.275421284547299
18.396648730240905
15.71863096451208
15.85571852499257
16.953296233827029
16.808209250299218
18.531162402235125
15.525474742590941
17.473101182155538
16.888787188953732
16.052005514487838
14.591818442365671
17.271220202266477
17.452025877726943
17.048537381511021
13.33976172845024
16.966256777376145
16.759216214737684
17.802465912180057
18.011600847429253
18.738190674866598
15.693075322022734
18.738189013166792
17.70875475404171
18.404661338329916
16.584403601620167
18.678815127926221
8.8611616404035463
17.014277507000433
15.701300681182973
16.975810726894682
16.816200215996687
13.430918937961277
13.154116076185318
11.839815043935786
17.985474863921826
17.83072786035104
17.641093292693199
18.13327820948216
18.472142590264244
15.874297130247147
16.182459807944216
16.150654452569988
12.461175253246617
18.736416961258705
18.428063016434301
18.078141422248503
16.762133597959636
18.352085442986095
12.65672913161683
15.757316275389089
15.745672753569364
18.179850336394786
15.847505293135166
15.094537832054671
16.917573653684808
17.020322908279404
17.460096278390218
18.228404337963322
15.583871477007353
17.66438980771699
17.313283742882838
14.668375853724067
16.275706967796403
15.69546233518928
17.562532341155151
17.251758206269862
16.846212110090036
18.066403209000047
17.687631067059932
17.295803982111632
18.003801621579246
14.871603708576911
17.706211106414681
17.952882412300092
18.295935385031584
17.080870459509075
16.537978935779275
16.49558574532503
16.507414454277367
15.753306092585955
16.912839952300907
17.496557523743128
17.360302894719723
17.926079872572597
18.316284772233363
17.775870466660336
18.098353692978275
17.163951340717336
17.138193734566215
17.616241609711178
15.679678112757859
14.776019477519998
16.503921754940961
17.450918805109275
18.686998589532987
18.587475314492334
17.905660703949092
16.52148566460378
17.317390678265404
18.628512919024953
17.978736773713845
18.728068242159736
15.139987055817208
18.73818554303093
18.720473586758356
18.671816441743637
14.71134636299958
17.048610636181429
16.818936269244116
18.113412879685605
17.953167077692836
17.690592486977824
14.68543410976166
13.903198322968668
15.153387737115771
13.40860455483269
12.29501225827544
16.194704813283415
15.25223602829548
16.873949692171607
18.698486888144718
16.81239795809082
16.764036134844396
16.916759884431798
16.80849635763909
16.526269707266476
15.022873769980185
14.325681525423763
12.237264412888837
18.341433133545138
18.270536828501083
17.682643213055474
18.191535138536576
18.609912788987899
15.775562206658671
16.447125378064225
15.777466950522843
14.284155359832113
18.738095512777207
17.465216786874819
16.89884248800244
17.174530859828085
13.807068625943224
14.701898448470741
17.206885707742071
18.056807170498445
18.271694237467823
18.697469066319208
18.384688357684585
18.42029294286672
17.522769978823504
17.051337186603703
16.762070249822067
14.334321395814426
18.738049733458862
14.384405956884667
16.510630000207701
16.206060716260438
15.619939901091763
15.356789928289977
16.111259456033682
16.578605395617931
15.858388784844013
15.324753880397749
16.263668275062816
15.701158408313823
15.603551315391821
16.1040754811659
16.46621213619682
18.72470072806772
17.297594658487672
17.175561348808138
15.300546610262415
15.795583432138361
14.191009034210161
15.11340723098191
16.954414685305721
17.175334269757862
16.740159377611995
12.321907784115941
14.567939567162973
13.429549372252437
16.586295225594586
16.877853109063388
14.13111147522285
15.056010689400436
17.393302470367136
17.22797243874717
16.49273660095534
18.025189314333282
17.562731874211089
17.597093397277131
18.081734276454156
18.280535775308003
18.593675907406716
16.421897796180513
18.738191593740581
14.346096852766916
15.54930059212429
17.197850274180677
17.41481179961119
17.865882946037893
18.350259481185873
17.934588362543
17.686642239690027
17.692651542835485
17.46910027338361
15.286268686633507
18.738170037669192
14.592534643064646
18.196917016886278
18.344378252097467
16.711688891724918
18.142963047015478
18.549922709176304
17.077955817953953
17.050910671402892
15.142507674000361
12.156638576266655
18.722288132597956
17.013474650787799
16.967807988029726
17.144966831252596
16.596927487994968
17.72001998527579
15.521289461509031
15.865014660310592
14.469114216699866
14.126520934462883
16.369034300071764
5.5072389091503275
17.388100550220219
16.569523625905884
12.799689690104831
12.97754835286915
16.098060483422859
14.741762960444481
18.350224666007882
13.179218065993291
17.048001622699442
16.012345820485333
11.719678031031819
13.07583562986154
15.930627207153204
15.340503079020801
18.227851864110075
13.627532490419762
17.277137503237647
16.881428801711348
16.316166978794708
18.392154609498881
18.608391222188789
18.056091421021545
18.734109649447138
12.705854695774818
16.601878837589467
11.911719973063038
16.799806645878675
17.962516695434513
15.691863237823226
15.400552021955622
13.747518632909541
17.159337359937432
18.268173587402888
15.427929874285184
14.376612488608826
12.008510306066936
17.152268238135925
16.597505932317734
14.296974232910241
15.753615634426261
17.231559235893769
16.346766735814459
16.898953963438579
18.738133327849429
