4.2993738715522349
4.3656428684171722
4.5373909807548918
4.2282701496649757
4.7338421519071607
4.4831329901002421
3.7301993377284521
4.7204350890594533
3.6997237805920218
4.5741643450680654
4.7370265149886528
4.7205753442857983
3.5536145332265403
4.1002816136938955
4.4567586341143679
3.9865063918823842
4.486209795318274
4.0656903558721789
3.8474809240038428
4.6726759989501572
4.7284753480264117
4.3876381154178645
3.3082868587235397
3.2052994356650713
4.2582583509728789
4.7311611115431207
4.5889018830213661
4.7328390478138989
4.7113433686978343
3.5382072336651791
4.3458728922133094
4.3053807079248614
2.3912008312196789
4.6819574003293409
2.6432866369348509
3.996847529755347
4.29405291058585
4.5979975256730254
3.8395411527579082
4.7157163417055941
4.7363810505179194
4.3716842185059264
4.391656447188601
3.9318959116486507
4.182492910667694
4.5097299711935612
4.7208929376834199
4.5386660884829153
3.6242726523867765
4.2770166880403675
4.7313865574103859
3.4617319619071347
3.6335395104197086
3.7061276279599147
4.6683812482175977
4.1269096129840914
4.3508575803694667
4.3093709822353983
2.486423880303688
4.683864907998097
2.2715631490081369
4.6795396179598434
1.0
4.4373776505987941
4.5286238956527756
3.433514354430597
4.7075208128832866
4.7310583587916453
4.4284939424677088
3.8416753804849684
4.4377806061837157
4.4947252897837622
4.4164133423225671
3.7425609152212651
4.1547989777360819
4.0411955191322591
4.663599922110329
4.536502185073525
4.6362293897341331
3.8619844806622101
4.4494409463154172
4.5851469466941754
4.5235612969948784
4.6331520953219067
4.6375849876572541
4.4125934791242134
3.9479162928314318
4.5188336263921212
2.853072713730548
4.3690277396041157
4.7374605503742444
4.3566107684853383
4.4088119494671822
2.6202883543421951
4.7103388063197773
4.5240787422140025
4.730705426690764
4.6646491508158192
4.367414836389325
3.8697971210716466
4.5230137442640412
3.3829239163265892
4.1576288540364459
4.7351678879384265
4.5647458007590842
4.0996715406059732
3.494204688879933
4.7369365811332029
3.9161412868780858
3.9421201763233631
4.6009778749488381
4.539852259082072
4.6725315080049024
4.4809504192497336
4.5357602772269248
4.6853404246116721
2.2549135890898584
4.621309424924342
2.3673505092480798
4.1885957624350478
4.4046046460385275
3.1480394853821303
4.7070272997597602
4.497101821917429
4.5412146832985743
3.8811788648039789
4.2397844416317723
4.544821742396417
4.2842421542446862
3.4453043531788272
4.3796420731275711
4.0247609700021929
4.5303917925465136
4.5014200806749329
4.5188052474430629
3.5474134238608608
4.3161979745121757
4.5240522169600235
4.2701680708081202
4.6044005878577146
4.2911875508240547
4.5395522020686112
3.8731764878565769
4.269104294664257
3.5179140620288853
4.1409250898343233
4.6110187041530359
4.2812780108167399
4.0932052267479024
2.7475721580205184
4.6860595965168166
4.2886601804845155
4.6112594475285942
4.497110051735671
4.4073079370527797
3.9343958274789368
4.2040417870723239
3.281606165128061
3.9562645943846344
4.7141801919046484
4.4846173906442024
4.20382146835186
3.4222532656531715
4.6787532540865682
3.5434214498172425
3.7326366245493245
4.4409103564691801
4.2347070362582269
4.6541342457323784
4.3426343985139413
4.57849382118716
4.7304951164026905
3.6810154579204295
4.7172462700410502
4.6482988290862561
4.2179437404343831
4.6461333841981913
2.322046090834585
3.7405306575106576
3.6989205153332341
4.2631708450349119
4.4994555730201675
3.8142066434901607
4.310617624334327
4.7071336203115735
4.169607453088866
4.1326993131988576
3.9270265001544642
3.7103410294703441
4.3314482987114573
4.6022521749866154
4.3209205780934621
4.129632891450191
4.3975222038190944
4.2889754144146233
4.2520070851003844
4.3567959081872445
4.4156405323448054
4.454375136877001
4.7349133195683724
4.4251959644098253
2.9382687168387127
4.1516637002529873
4.4826022978582056
4.7101781623615642
2.9375864278138222
4.3952267024745479
3.4348637649886697
3.7000115631778425
3.7191020355079094
4.7180720718577129
4.4901828037173832
4.7178216115274827
4.6301757056445405
3.4628188591041842
4.2445893161051185
4.3726814225771964
4.7100482520671347
3.7199652988182312
4.6451382560063275
4.5406201652805551
4.1308298657317977
4.4707464281636797
4.3016910140469413
4.2574973596605163
3.9229181673476559
4.7198985807991667
1.9930784529414423
4.3715312954478218
4.5499431668432582
3.5826744552353742
4.7304410695617554
4.7353292507267533
4.4337135314135612
4.0162657522310159
4.3434467169180939
4.5264750683821111
4.3387344848874267
3.0438162658633323
4.2598067294380257
4.4115768037295684
4.7029959871537974
4.5160186564191713
4.6529837080312522
3.7665899628617612
4.361216902027004
4.565432701055995
4.7281850368962068
4.6564312077018561
4.7023812469652855
4.59742849602313
3.7537156258173039
4.7167573567957017
2.4594634888732956
4.3875617786573846
4.7320609636952851
4.4102435901929953
4.263869823905913
1.9293141415674597
4.7288594801721828
4.3618042088195974
4.7308730494419251
4.714302597934303
4.3178052510448772
3.5816465488029698
4.4817873995208943
2.6703165583521646
4.0178886909128311
4.7344673233397261
4.6616923824202647
4.1526312629260262
2.9621122123807302
4.7357378890798181
3.7129280610528164
3.5597088230614524
4.5718322258808897
4.3840777369819905
4.7116469662157181
4.6014306781004004
4.632345625625649
4.687025733736033
4.6257489591816556
3.9163652941975107
4.6086117821444468
3.4699848891749503
2.4572209212075911
3.5086879411943599
4.3487236800362972
4.4801377048167073
3.3927290753642616
4.2013549686418328
4.6741505747960339
4.1359526753329208
4.0667461217690013
4.1206175664165485
3.1405219332382104
3.9284858299876135
4.6927362708473153
4.160744919903566
4.0449613139052021
4.0813666006984493
3.8702247964028418
3.1882342183005332
4.2972544331452713
4.6309634845955374
4.2402829034042373
4.7100172892529626
4.7201562350933255
3.4519344707117186
4.723614414759119
4.5569889180257697
4.7103904522743605
3.2710820998418488
4.497870135805246
2.4909434814736149
3.3896865572666526
3.6023818024679342
4.6759041027922645
4.1197488462198386
4.7154333265083235
4.7010395383041468
3.4467028874536805
4.0325970918561262
4.6277000579751251
4.6946987071527992
3.3671557195233932
4.7076349311780294
4.6772398559953734
4.1389641937421411
4.2822526782992645
4.4925003664442
4.4856409783778517
4.1867462115160388
4.4085173371582513
4.4136147672971875
3.4952662860995414
4.736828417444725
4.7266726498411202
4.3988870293546807
3.9578577836426039
4.4274089255655795
4.4742766800775229
4.4248186821825977
3.4414366699451389
4.2945839401516182
4.1985735699523632
4.6652261342588703
4.5025382590089498
4.6209599144647395
3.9931339246596633
4.4151780777261864
4.5706555657050121
4.4802227860547639
4.5980797644403442
4.6295415470088068
4.428237706053431
4.0373643149010663
4.480053507541748
2.6469803004715078
4.5085592366331486
4.7373894341685148
4.4694093696213013
4.4168320480604351
2.1349097082176347
4.7368285546001569
4.5313117156383695
4.7231003142332391
4.6413828231614183
4.3681042343766663
3.5633562555875264
4.535695250096091
3.2738637325528042
4.1347402331643117
4.7353089847491328
4.5062992846105354
4.222799133217439
3.3375714065440549
4.7319122806132849
4.0053493888053966
3.9061684192898194
4.692573235633704
4.5182056931486034
4.72333228756571
4.521654678477856
4.6127490684844847
4.705483468653112
3.8446723719616558
4.6806483091977347
4.7019574616282398
4.6437232652264848
4.3829982924040785
3.8226881349352255
4.6139704271277271
3.8239181349891451
3.9913669283668867
4.5013460861990842
4.1943593311487577
4.7242165386418451
4.5740695885537663
4.0864409217591398
4.0577219197980812
3.9054594345761418
4.6037009654232657
4.4130321237249435
4.6712241474083402
4.5747035248330352
4.5850810438396481
3.8604704870974036
3.8370662981048498
4.296164858412201
3.6880122235946655
4.7297337497181307
3.8419029736162247
3.8595241326725045
4.1271419784266312
4.7031058213582524
3.6890947723522465
4.672624633117537
4.721984768005381
4.4789004451800176
4.0374237776891855
3.742821242409891
3.999380120066419
4.2726883057002718
4.7312526083278179
4.6086989087222685
4.3742691858407721
3.8771474223494615
4.7007366041531524
3.9234701933233733
3.5860226085565934
4.5519629822086536
4.566705501451148
3.951113904094091
4.3480747939896398
4.3488213642270184
4.7120266921956269
4.1483455529608158
3.8429320173133288
4.4822341447473546
4.5785820643566355
4.1302237711598631
2.1874118263993969
4.4455695517795055
4.2203452345014787
3.2706347640337219
4.4333515350532835
3.5667713586470784
4.4153168253189179
4.228987229887796
4.712436377827971
4.4785378253586492
4.413419777027074
4.515592127036725
4.239949195262346
3.7618743217724684
3.829960746227123
4.4196516245133894
4.0173332641176538
4.5057935735968861
4.7124432132276262
4.1716295173067879
4.7029901784930539
4.2534634305642349
4.503530403546983
4.1376626786608437
4.1465337766820243
4.2052350898317297
3.7017813277930234
3.2175605501967315
4.1256852075009869
4.5699115320865031
4.6488801832891173
4.7374603952214942
4.4439362889192919
4.1720542801806513
4.5558067144582139
4.4963528656646474
4.4878623322157774
4.7288238649329433
4.6498932047917307
4.2450487995513413
3.4846267631784449
4.1609886472855289
4.0955957241349585
4.1530925824469449
4.70091388941273
4.6309987878361794
4.6458455406514121
3.0791603656745656
4.5369502530320087
4.6395013257778022
4.536788110615289
4.3593344709892916
4.5257627527407012
3.2404259016232184
4.5561839962338571
4.526789976473089
4.409004980040601
3.3758181077664089
4.3808603536402355
4.4501632978673742
4.2816659784048108
4.5688387436352143
4.3850844136849867
4.5527660519331263
3.5792425560042909
3.9534621971841819
4.00491513900357
3.5970315797396406
4.7357817562908036
3.9066938550924863
4.3496466901890436
3.5884389421492693
4.7139939518642633
4.5018233827418284
4.5852524498562905
4.5626805086654363
4.5922087551271042
4.5641404883736367
4.2170925838066822
3.8562325143260283
4.1051603603749216
4.677068806399947
4.4291634203336008
3.7899408528824328
4.0600152853607181
4.6131822815195758
3.4187954438285253
3.8578976646375676
4.0687864121101525
4.711407663430256
4.2636021747098454
4.229279102033539
4.6814015941924785
3.553055322304282
3.4367938054956308
4.122137811749587
4.4127395437194554
3.7496649992837479
4.2683862385467579
4.703122708721013
4.2531717119560009
3.9698029722580124
3.8778840543584221
3.3789652929795428
4.436556389595002
4.6315924043844108
4.4300523609818923
4.3304166578610337
4.2445779977609917
4.1596403650988307
4.2353264022586536
4.5852359743399251
4.5172923590987111
4.4405503721027966
4.7374270513712897
4.5866719264771136
1.6647989780706538
4.5515315035350543
4.5066745228655387
4.736570930315402
1.4923115948332244
4.320895143297526
3.1485922183233992
3.9179472968999218
3.9112541472315954
4.7237532612426421
4.5625500857280059
4.7211407057648023
4.6198622895810724
2.8886540196145734
4.3464496647518684
4.6570117269063838
4.6867802416082442
3.1719506226677221
4.6726612926098703
4.5508457757420606
3.7942073320707528
4.4062455007597121
4.3300101174538543
4.4460152883363104
3.9088134688085905
3.5469196290224101
4.492884813390944
4.6139478971866277
3.6043582926933611
4.0486039431804945
4.6877225975094321
4.1162355217934898
4.4250763327498728
3.6904150916327834
3.3127757949890206
3.5745484321251495
4.7315353372796327
3.87598761139648
3.7078916591585331
4.1076457883120776
3.4052418707019521
2.8065741342732804
4.4804226577494664
4.6244982539922344
4.3457020170237808
4.7374604063291956
4.5481008840689787
3.2720562212589654
4.6643791141089723
4.5723054143630737
4.725704648096972
3.4302652159155609
4.3145561310509759
2.0577657568187062
2.5164940727521898
3.5529999159148353
4.7371936645322847
3.705852998765585
4.7374612387989758
4.7367373002079143
3.4573448288456885
3.5197788312821996
4.6298949824208258
4.7367797028978567
3.44953429379248
4.7374521903750768
4.6631021337995628
4.0711558317471495
4.0227443445407349
4.6625892869477417
4.6180852858230255
4.4833383989769544
4.1070432158593233
4.4592519976165033
4.3540405973408651
4.029610458383944
4.7253636789588898
4.4242789686299728
3.9859893260962691
4.5520549695684043
1.7079539236565553
3.9292275579851701
4.7304023497300696
4.1815708696590974
4.1118246085880932
4.020096811911718
3.9657722512914915
3.7467007531810941
4.5723206912110816
4.6573470268681785
4.5675438317921291
4.3124639123111246
4.6599453543870801
3.5945258868326437
4.6349571528122357
4.5914211239896581
4.4315998843455997
3.3578947212005903
4.3920636004363303
2.9503565882185359
4.0283542581044003
4.3084346584695297
4.6765854076853364
4.0601250323734819
4.7319460856885271
4.7215294802367485
2.576797866942151
4.0029767476981135
4.0251177659020643
4.7357950833832074
2.5894243491437385
4.7371932374132744
4.6563581414128272
4.3599718136689241
4.5162682423655864
4.5604600799375428
4.6088666214148244
4.3895264691458138
4.6511113961284982
4.5962000147389661
4.4227952921629097
4.5476997948815105
4.1493066616146628
2.5324694422926797
4.4393246143890677
3.9061003333598472
4.6562119882841344
3.5876128996993728
4.5250283693685196
4.3991400974080044
4.0907174498178032
4.458994115458502
4.1111770273082167
4.6403539633329451
4.1360863201096931
4.3832196679232913
3.9032848043151978
3.8800916172259261
4.1613883592759242
4.0708632266568383
4.6666232232541462
3.8264370412686044
4.19012381222967
4.6122882926563991
4.1743843268639029
4.6577877058892661
4.418955977802896
4.6294699678824891
4.4902179052604163
4.1986017600518384
4.2994023397835921
4.0354684260209135
4.400677244761221
3.9579300988366617
4.3910408438884909
3.9659155776857817
3.6396086100085356
4.326780248245842
3.836654531292695
4.6687757313153959
4.5764274291181906
4.6100981857306751
4.5463428380271225
4.2746933068238855
2.8860504214952338
4.0960238086245271
4.4153069859059686
4.4428751816628669
4.405180692960716
4.4327604964363694
4.1299251454081363
3.7889500114259302
3.8637056598472737
4.7131493724893616
4.2594912809992413
4.4627279134913964
4.440950903569755
3.5982517666108937
3.7623436679240805
4.3522499145509883
4.6504782143880607
4.1186358795061713
4.5857089804118569
4.0949238527822853
2.0065686767206188
4.4197887562454667
4.4566072820022651
2.1237799857239996
4.6126965210093038
4.6713922098787197
4.4238301995185614
4.2793690496803345
3.6715523549185498
4.0552855283263449
3.6669351162444039
4.3766425230648238
4.6816738220312466
3.8984548154195791
4.0588771355993449
4.4407456943583776
3.4726944178150965
3.2829769286002684
4.6654315164590932
4.627294927352894
4.3265511064988003
4.2664701774310334
4.0210098142736195
4.2370391495828263
4.381705549475007
2.9524315791093714
4.4736917861732355
3.6685743375855075
4.2772922725945559
3.9146768098592926
4.4699027431774567
3.9939190207609943
4.1134318655155573
4.5077053345447835
4.0137494336341328
3.9366288667687188
3.9886956533976741
4.2946762094419055
3.5430100604005856
4.5155643489662705
4.3746049353208161
4.1067291281417662
4.4868829766003699
4.3215276944785259
4.5367371384936108
3.8188792255553783
4.1962619368418492
3.8160641299348614
3.5656900819567192
2.8838301376035251
4.3479931295351477
4.3385892969343205
4.5496935699035799
4.7365508478851606
4.2894785380103473
4.069456717718043
4.4577267196168142
4.5139072566248908
4.3588502110665752
4.6615544114965699
4.5247434602453005
4.393447233543486
3.7453957282778583
3.9822736411972386
3.9909148016763254
4.0883497663890811
4.1226922167973674
4.0053779409451034
4.3645581517310434
4.3337730190491124
4.0847910369284151
3.130974777728198
4.067838557223098
3.3455963682633345
4.217691728371415
3.7716881411422905
4.1618999433088097
4.1657366339015125
4.002006587697184
3.9282939086057445
3.767130158286947
4.2910757979258758
3.8961511450771442
4.4390851017493427
4.0829819700375216
3.0415101503022597
4.2468024355581777
4.1877970387787968
2.5574674679094351
4.0771665507814596
4.3091566238870209
3.6786267865233868
4.2577351935438514
2.6790878412304751
3.852974543141571
4.1322967738124339
4.0008909458476563
4.2923038970698455
3.9268679795101664
3.9608597021465246
4.0088791200017511
3.8146960531406449
3.5155608467147506
4.6175542669644773
4.4831134980194571
4.2074580814826277
3.9960184171403066
4.2569824238172851
4.5460321487544988
4.598736808176521
4.7126193026843302
4.7181090697047257
4.7128583294135513
4.2576778644074906
4.3684877192658877
4.669168757656716
4.718375026531195
4.6989843225435832
4.6978261139428925
4.5547331407792013
4.1670278371999414
4.7162629556114339
3.3352099859581528
4.6202429101701377
4.7039314096785887
4.5923073630909403
4.1569829232616833
2.7830064615129806
4.7040454167406329
4.1328123174444302
4.6976738636129145
4.6835910796774263
4.2247485864375038
1.9681940066847923
4.3853717044162863
2.4717288313706627
4.1677081870566459
4.7262008977990773
4.7009401437078697
4.7223225140360752
1.6559599000936125
4.7184841856707873
4.0658238632396371
3.5357866375808742
4.7158658138751459
4.334263993445183
4.7343536131146982
4.733702308437616
4.7349068392242568
4.1614427767879238
3.8004379684318237
4.2760953893389528
4.3566392411513597
4.4937705591641599
4.3087399252872736
4.2566008237363677
4.425682259694522
4.112549433999912
3.8735275137715788
3.9450338115564723
3.9451187712265492
4.1954948201002615
4.0489422091241591
4.3167378332085287
4.4652586822061204
4.3376818256080183
4.4580699477435717
4.2704739767698996
4.1957076447199553
4.4351170138691236
4.1946641570646532
4.0295433886037451
2.7977856210715442
4.638818124909748
4.3351892957793181
4.1380072317750569
4.6620902794619576
4.4692113841772274
3.9818299366833561
4.4534061317020841
4.297410480054884
4.3442856808487784
4.513027447783835
4.29322280724171
4.3692255106548377
3.6082844091809818
4.0400077721981038
4.0252765546445115
3.9367448178705735
4.4194618055833343
3.6510883538139267
4.5170641027520615
3.89054090180211
4.5369340305374006
4.394073836462896
3.7863102392027455
4.1395129462594262
3.8104252948236099
4.4493756024480895
4.2420922597942949
4.1260859070068694
4.5142943104620263
3.6724468560676682
4.0267715358656453
3.9086230729348257
4.3784467267715765
4.2757970523252498
3.9185341302804524
4.3661192617516988
3.8484214796654603
4.5886532087764653
4.4314919580011196
4.5996107334092535
3.9989756325747381
4.4640497961164494
4.4119323768326151
3.8230669369776797
4.2404021022718519
3.9015531379736137
4.4450412827826513
3.6987876416001813
3.7235427898498612
4.3544339880349723
3.4487415690755814
4.5436202571863342
4.3911797528097809
4.4195895569565486
4.1957973804340867
4.4871300329698594
4.3227811717338591
4.5945176284402933
4.6515640034319476
4.5977885538903038
4.5431616677050899
4.4232071921819838
4.003993320215355
3.3688244573030746
4.3565326231637149
4.3864200416940156
4.5480916922458512
4.686122384856791
3.6832677940826035
4.734906570714644
4.4350103084941894
4.6737557033938746
3.8198080551053519
4.5658444455776817
4.0753344610908933
3.677084370278946
3.4512375311721635
4.737462042325002
4.4424978755681881
4.6217124290273697
3.9788058799808863
4.469377088269896
4.4628503482005133
4.4877117582077934
4.7142857034841148
4.599570215799746
4.6331733126251189
4.6367579032624979
3.9356928789973997
3.1476976045495673
3.4135774512461325
3.3630761491357748
3.7084443360301549
3.8949351216271242
4.7281398606032923
4.1623145676182816
4.0441723128515923
3.692739077527424
3.869764667745053
3.0296518355591155
4.4551037030554221
4.648118102045987
4.3361486436327548
4.4229736457300222
4.5243770601570574
3.4193813641051127
4.6192579927928179
4.5225442045045092
4.5011784854268422
3.2741740326683422
4.3955105784767845
2.4810170651660313
3.9814330190822718
4.3108709673118586
4.6776992470465242
3.8595816114659298
4.7364579129083531
4.7283305019553969
2.6189808971594606
3.7812398079060032
4.0822934246301061
4.7373080001077552
2.3386949101710326
4.7372837084387331
4.6727836162001575
4.2154745563915039
4.4581286790608532
4.5911125836718494
4.5959291798533881
4.3021624185176606
4.4566887539702362
3.0781997617404384
3.9390099242835013
3.7998281465678208
3.84458806480264
3.6577032003940069
4.1429601587912526
4.2476762500423977
3.3370117479985737
4.6549641076553367
3.937625169252108
4.534906559675413
4.1884380284577833
3.878996231924194
4.661745617752179
4.3179790197572805
3.4790729046669724
3.6573620626270649
3.9975329359098377
3.9141869874352011
4.7184270679391878
2.5977670032807021
4.6963657160862153
4.596912091674981
3.7706811411815426
3.788151828075208
3.9276113740927094
4.705532899214508
3.7253265026414066
4.4795138688978371
4.291912465550908
4.549907753330972
4.4892835641395852
3.9750412562652286
3.9300718692040006
4.3337074183048481
3.9319114699044611
4.6381111290457353
4.6683429527242595
4.7157149986683793
4.7056832760528451
4.6887820423757072
3.1197730722505188
4.4758445898549422
4.3069034545453642
3.3709883492946382
4.7048002114087524
3.4912031477132928
3.8715243262090824
4.094624614459824
4.6553985522757175
3.9990866967005192
4.7352274264984704
4.7305434318445592
4.6409745445704376
4.4431047567297908
4.046521826628271
3.971089839057131
3.3789060597452534
4.7301677562256899
4.7374599737377201
3.9653141546192403
4.1866685012841449
4.7324614938718126
1.7818042484440328
3.2863284080314776
4.1055937965139453
4.727078882692866
4.3558233245614337
4.3323457822442055
4.2338411548758383
3.6330418334649965
4.2917093253390624
3.8816244226253342
4.0368517221642062
4.5605604204943164
3.8819391253891373
3.6977395494220278
4.5403266312975195
2.7167926599797774
4.615466736829851
3.0888230088904636
3.5417960570161742
4.4440272540151522
4.3530726238926993
3.0602517648355634
4.0017322091743175
4.2634233043897867
4.3389513304050951
4.1910076770858851
2.8395288831025969
4.3261139013451109
4.5747919600398772
4.2546627198560865
3.8287692353733638
3.8304718949180474
4.3274546190876073
4.1755496882564636
4.1278504888084102
3.6466985222649844
4.4759328159456553
4.6897706032756208
4.2810786742388283
4.2804161612131768
4.392715219044752
4.3320598135892725
3.1275000791727376
3.8960063241852043
4.7173949276381935
4.7011860456438725
4.2386998075190618
4.5418750748825634
3.9960962358517054
4.4154288901391201
3.9467735972472209
4.6567527232262069
4.6266830861822337
4.3446486883467212
4.4620967170639156
3.8860329490310881
3.528670445179968
4.1590712355999768
4.5159149344259797
4.07149477027962
4.6056495905534778
4.7357066525054883
4.2033524896513734
1.9194670331641615
4.3738923304399702
4.6594712944405501
4.0662076900756112
4.6673865911873049
4.6831973082089258
4.5884364344572477
4.6637800528407549
4.6043243444203847
4.6396327187159905
4.682786567405703
4.1656398890813824
3.4630649122911903
4.3975628284532577
4.7140049192683371
3.5234333957641506
4.7240164238180613
4.1634516178352703
4.3777695537534633
4.4273563490637713
4.2097370126446831
4.4821648191418078
4.2489203246336125
3.9912689233781489
4.0305557467454038
4.5150777355690934
4.5587257907966388
4.7284265628592337
3.8113065738117715
4.7276720521242392
4.5332062681063388
3.6757752268956239
3.9739064039972907
4.3480110177523441
4.7224509034370872
3.7153943156712295
4.7345503196501788
4.7161312073412889
4.678403985886014
4.5802654075411375
4.6626822184747843
4.4999857811704063
4.5490011304722895
3.6317131545589922
4.4596072001849016
4.6940234111358761
4.2603844539887836
4.618370770466762
4.3021321317020611
4.1176648560655442
4.4279394353534842
4.6071756282492471
4.6808543504332452
4.062945153542076
4.3577673801935193
3.410284114572784
3.6953022126631603
4.0847574236513076
4.6445996194068169
4.0021028229671716
4.7337300506621887
4.7283319879418908
3.9641439431966097
3.0189652541811807
4.267498774165368
4.7336977031955945
3.9105448474049118
4.7231079416545683
4.70719547885259
4.2322741348827897
4.0661039052073127
4.5033652882794959
4.4924221318333641
4.5162961116327063
4.2736325648652711
4.5781591860211606
3.9412028765034277
4.716563675641563
4.3556884445365203
4.046749944950311
4.5851315141919473
4.3916624989940969
4.6886290286207011
4.1627025327946843
4.2140527239975443
3.0515084353110162
3.5401972102790649
4.0683691645142179
4.6992351138509285
3.6072671230756819
4.729373725521099
4.6835687090982621
3.8544137185303669
3.3563588441328713
4.4628315885872381
4.7137829332422516
3.375386426578475
4.7330464754068826
4.6992388098103142
4.3131698928802455
4.1392825539303262
4.4787347067717915
4.3447463086532636
4.468603857971261
4.4797845695775553
4.1775326133067185
4.5709291730298851
4.6291779184902682
4.569914460705145
4.5860969049798577
3.8439554572363859
4.5217638503293047
4.5378001758268462
4.1461605795361738
4.5035453940391719
4.4999213204318487
3.4639772395527166
4.4122562081949965
4.3671736344019596
4.6617692411362492
4.1772937548538058
4.5792544719510531
4.6828288875537023
3.9682985756212554
4.555395555868162
4.6049860899243855
4.724947039662533
4.7230548967907211
4.583683838953152
3.7539157802088323
3.3846482005221254
2.9702030439357068
3.5887889754922031
4.6357777508166516
4.0450671632331083
3.4665249174248038
4.6079421026285488
3.3569385999067616
3.3446070671026251
3.9629646545711648
4.4936400864436807
3.4555536372042321
4.6469907528617851
4.6237456982451679
4.2226261015258508
4.5238081550490374
3.5714564797745756
3.7348232775435943
3.750268055982882
4.6614384989317417
4.6880098877414005
4.0441149926096038
3.9582812352402761
4.6621195103589388
2.8596496993741032
1.7739699060590632
4.3720016820605609
4.4774183738189643
4.0897698990853737
4.2175812616817083
3.9591427998698974
4.7220565969284687
3.6957780308413897
4.6452322452167145
4.2541401796550664
4.2173445347309171
4.4955733625159198
4.5029453248683113
3.9517392115724661
4.4635948191243262
4.4635279027251613
4.0282650508060405
4.6962099144406526
3.6725845806794295
4.637854262966167
4.7302117498715104
4.5879623135649705
4.147944979547197
4.1396239601667641
4.6624165063977712
4.5178084035337447
4.7110012798749175
4.6924113939581193
4.5600890672938927
4.3019016438365316
3.7382423916555103
3.8912626276064435
4.4946854681158692
4.6517578236590102
4.7366387364011375
4.6365798672098748
4.672233216204007
1.9841211581204812
4.7318207964365202
4.65124845232552
4.721816617698491
4.7180936439227592
3.9225921159391692
3.5596496128634589
4.7004698076635059
3.1820791218057063
4.3559810810868331
4.7371873129057329
4.6075877027770717
4.3216885501462556
3.3410240289025399
4.737462081096405
4.3165901738372501
4.1008322253630416
4.62197350145341
4.3464072948436323
4.7234230954726719
4.7320818983819812
4.7374603483651407
4.7339326133322981
1.7944519781634374
3.7366509476406535
4.4973932217526054
4.617986945288175
3.4795770706641229
4.5838955169334383
4.6454491400261189
4.5261449582025826
4.4969764131853172
3.2323199852938593
4.524190111481877
4.6045557358365823
4.7218861833594739
4.1763515208730331
2.931180916011161
4.5119449114981514
4.671257303149539
3.5358624022941192
3.6305242023774826
4.1310324434292438
4.7350177876133186
4.0688518957528768
4.1806100072841677
4.2999809974242513
4.692546733808225
4.6579782656204829
4.7357521284790511
1.4688446035113758
4.5722093791654892
3.1623634336647659
3.6720671350843141
4.0069297491478011
4.7272203685079868
4.6548362859714523
4.7359168454908467
4.6410760854595923
3.1511304507234041
4.4517828332967992
4.736848410142743
4.6664609229401153
3.371218413135554
4.7368924388843494
4.6646306409088769
3.2327195207104507
4.1974909995922722
4.426049588109227
4.5129132708457194
3.841817730549606
3.7940372896854999
4.4806119514552227
4.6162251816676161
3.6215350749616633
4.662732662663176
4.4860519137440944
4.5888028276498964
4.4123427800163268
3.5552857694209874
4.5589650521834741
4.5803656359283442
4.72410413797604
4.1175632621313829
3.2530279462981659
4.4822463088021873
4.7086686470781425
3.5377656310779262
3.5319668421997501
4.1972483691659885
4.7362735284712212
4.1480084647059901
4.2735153130175485
4.1020635499355098
4.3810077849196469
4.5365862127529759
1.8559093719664792
4.623960495024372
4.6858183174429611
4.4721167664326398
4.3702922256460468
3.2439492550011622
4.062138109075752
3.6361522147889254
4.5382039480073164
4.6686300257549833
3.9615987955595942
4.1349220883777189
4.5910675603435314
3.55647698555947
2.9072640306727786
4.6420505219011892
4.6898527142706863
4.2848567248214371
4.0357837182961891
3.9965730055132829
4.7326913916575766
4.4397499181708611
4.7186936874936807
4.6648229571899105
4.0789033674334174
3.2245102425125771
4.4949129356112349
2.6394086250069373
4.1440244453182142
4.7363616100917074
4.6076390516508523
4.3215499216504085
2.815896896096032
4.731550933410503
3.9786865481113818
3.729825824759303
4.6042356967592539
4.3071042127913843
4.7261842721617917
4.7097621598204338
4.7219753746230779
4.3184474738633769
3.0010936586117793
3.9161003285584317
3.9110948058212656
4.7272609336006859
4.4491483116675106
4.7310064153401967
4.6648039589350221
2.9201003287931058
4.3626499703818888
4.6668490107513199
4.6762137583660506
3.1597065520956962
4.6846680337431463
4.5237686839272211
3.4934919173247447
4.2427754300913998
4.2915868366128365
4.4183285835355912
3.7952390744909907
4.4573793068195657
4.6061347622328235
4.3885788972121356
4.2982463015964925
2.7817668957046262
4.1136220263437044
4.1732265193128972
4.3134331280521536
4.4612543568153873
3.8577151242034864
4.0964552418733957
4.3801080174907669
3.5977671165458229
2.9890741323687853
4.5597376407802752
4.6947155155518345
4.3137358661854099
4.2607635930768053
4.2746007884765129
3.2870749042873419
3.8932186631423864
4.7312985739918405
3.7812572598990131
4.7373156359975415
4.7374637341472088
2.4783506567975975
3.7247549075363309
4.5205529621119132
4.7368298792670291
2.4471654984625189
4.7369769381104438
4.649275228768146
4.1571685391173769
4.2789310626245083
4.6529906422426706
4.625030118941436
4.3009832702084951
3.6347351215898387
4.6007084487802059
4.1651784555664673
4.7265406391192988
4.6936123167369415
3.9804421910623939
3.4348342954481832
4.6486675527805685
4.699104622714632
3.9895397448755805
4.7373520734404275
4.6709979022410266
4.127123519392299
4.0008573676355654
4.5813631971861035
4.5738659010392011
4.5078592067503909
4.2505616820325063
4.1373593762638992
4.2565902893337011
4.6712467442954289
4.3290031446279089
4.2442259503519715
4.3227993907253204
4.2970772507330803
4.387842843083317
4.5908350100940165
4.5197529064028767
4.2600981090119978
3.5495709422661941
3.8270935214314203
3.6611332225440423
4.0426001441318959
4.5069441848496483
3.5210771423546734
4.4860354248369303
4.7374595707351155
4.6432323986206807
4.6979809965929
2.8456259662184529
4.7374026505677049
4.3955013610902531
3.9833287131805251
4.7225852901369718
4.6281577651720944
4.7325748096884759
4.702312818841806
4.6932278032892167
4.3438574999869095
4.2714768773030105
4.1507219751714164
3.7647787959190691
3.8153883713440049
4.334922169587772
3.9733013099255796
3.7457599794528713
3.3269820571489248
4.5255948855783412
4.6316698261674007
4.2516339977042525
4.1208211898273879
4.2538135802619061
3.8494955813795104
4.7365988225367417
4.7370122049873604
4.6693019512596203
1.5908656343168364
4.7374629135658903
3.7039623576232321
3.1736314909729089
4.6368604603138097
4.4321925377884481
4.6508471066639316
4.6748011905813858
4.7035560248301813
4.7130349119511017
4.7374629996928057
4.7202135131793979
4.1008600568970248
4.7200606849347579
3.2800703206137309
3.484617948450405
4.6329882555914272
4.6424456656592312
4.0823285928336022
4.2903899737979012
3.6412939342068649
4.1134821328705984
4.6369768392994892
4.7342978071138289
1.3108322565594031
4.7348133164974167
4.6501129544422737
4.3966997085960795
4.6332725160611616
4.6455334252842393
4.646688927903309
4.340137678997384
4.3952622306248772
4.736305299755573
3.8468099204785946
4.7374629220097457
4.6810065532401621
4.6211907800414389
4.4976129813260757
4.6926520715914739
4.6996490760155556
4.6599758234438369
4.6870002494037326
4.6399583268891647
3.8916041183047017
4.1879377178112129
4.1178741828297483
4.6064648898431297
4.1420120278646193
4.1009435074832217
4.4892339205950531
4.7359106522166305
3.9613426220177668
3.358225435311827
4.6477633188284342
4.3690652279683677
4.5894605259707903
4.6080589418128826
4.6032586519581731
4.7351189826110867
4.656649017616167
4.4244561349901979
4.6166047394426837
4.6438534540553391
4.6586079162535432
4.3997451036776072
2.6763643696918131
4.0555207126652606
4.7374630873734276
4.336876708237809
4.5386080189568485
4.2798499811683302
4.58624248616273
4.713951796951755
4.3753587489384058
4.5010264022264534
4.1677590045932149
4.0402150368715262
4.1970330828544542
4.4587191874476026
4.0633429579454763
3.5162985361643324
3.5046656129921621
3.9197057511970037
2.0819825103692162
3.6361533719912287
3.6655155648478885
