1.840087841317513
1.5637108593532261
2.162788865337677
1.5689638555997556
2.1965290015651231
2.5250245151297888
2.4274499580878008
2.0646721382859154
2.4191156340979876
2.4060027813485587
2.5503854392699052
2.5663797156322845
2.6684897574581963
2.3673288637470828
2.4087407947133834
2.4004718598351102
2.2843606555256666
2.5378707308746145
2.1228381149494329
2.4770721811178427
1.6158324580139585
2.4787956916371559
2.3956478291171308
1.9089778743364179
1.9152056168547964
2.6563308429778512
1.6094479808288999
2.368463866013109
2.1034338038803044
2.3950533871218735
1.9410072887270402
2.1050547986868517
2.5432249315380169
2.5171639368647294
2.3605037590254048
2.4807524519556337
2.3422103083172501
1.6624046781512205
2.2400264505659124
2.6948943660129352
1.2664512652496156
1.3531242635740344
2.1427253431524655
2.6141227589607983
2.6466633866458302
2.3467335683759423
2.1949642716974012
2.4635174621572844
2.3822043108210895
2.5819357957717126
2.3206096062110757
2.5516077694078954
2.5957565738691852
2.6209113789282275
2.0271607009320478
2.522062809825552
2.2069610703986569
2.4204855277641331
2.6058666680649138
1.9543065211805624
2.6471573328820539
1.9328125253671882
2.4106830905962213
1.2268663031898348
2.6224770413346121
2.1341118277774815
2.5503731347463994
2.3082943981136221
2.0696283362217769
2.1521841220006523
2.0759966486350847
2.1604412396154764
2.1797543540955702
2.5287310496089113
2.5179596875991193
2.1079815088016551
2.1139235505785607
2.2372588808646974
2.5651785889915462
1.6303411312598943
1.624018345084546
2.4686424852830315
2.6146647364489235
2.3708925033228536
2.1520722877636516
2.476206500859659
2.4124676890145227
2.620128223966363
2.3973627506591044
2.6158696691438257
2.6399594108020858
2.6608969337399673
2.2509691329775596
2.4806129615253876
2.4201854888862608
2.4303441349274144
2.6706962152802158
1.6878269792240048
2.6257362315466266
2.1718027180171311
2.2786249677733807
1.3722152012051587
2.6644136429566405
1.9187410824470323
2.5663960459396997
2.1098028614694324
2.0597824069121469
2.0713754896640379
2.1217822878653112
2.25670077702623
2.3980714182340686
2.2805377574375174
2.6519599453544833
2.2708325098714695
1.9831250228856088
2.3407590334092139
2.567923434627283
2.3003185157901296
2.6435115582281288
2.6089988096562591
2.2430353250932296
2.2161034749884645
2.3974041761217162
2.3633892330248716
2.5460129109767542
2.3648777979403288
2.6250231325137179
2.7204206591818649
2.7218517739112849
1.9852841033355457
2.6086328796502061
2.2456925299533306
2.6561399098060758
2.7135900701973328
2.2365461075944366
2.7122026341617866
1.4682817569451097
2.5613619619192347
1.1449984873337782
2.6562565776832812
2.1070535582280212
2.6806885372930176
2.2717769908878007
2.1773084315069964
2.2038945666954737
2.1003470847436225
1.8267240991861013
2.1836407784962599
2.6123377433838386
2.7112706070912256
2.1281888695711393
2.1501215687468571
2.3959906475734991
2.5000603101392853
2.2974994705918137
2.4636083081416782
2.484961687501607
1.8214493118617248
2.5133848607168963
2.5100708704595065
2.5753742870902281
2.619276185622224
2.6407899837534403
2.3263311310370569
2.3540305144052454
2.5031339603375367
2.4256705981661972
2.5761095318155975
2.4505661388583135
2.4148596890572329
1.318261651193374
2.2584841655251116
2.5336320395451781
1.7549228577022586
2.0849026816456515
2.6044125214667293
1.8721319853609659
2.136544482582829
2.2359803061659069
2.3101949098902206
2.2596001795138618
2.0384584108786519
2.464070150629134
2.5843511961929684
1.9285451366835606
2.4330978955625895
2.3603971243881747
2.1189540620283105
2.2788464176507297
2.6386710189722202
2.4853067258585826
2.3332204870820359
2.2985308546451564
2.4663406213776873
2.3645473206458432
2.1916082278539859
2.5325833406354321
2.4331535967386482
1.8532213846105992
1.7766089093491324
2.6668049801556579
1.5729075640627479
2.5869185157871475
2.3180261447783468
2.3426151291481179
2.4993967569681081
1.8433634688312963
2.6259209879798351
2.4485006993282874
2.6406898895110302
2.5760950426807447
2.3716562621841337
1.9192047854223035
2.277408414188558
2.5379787412501367
2.4175878506917128
2.4812675527111758
2.6800488421642004
2.63389500687411
2.5774721234339903
2.2857478707504013
2.6302649644250273
2.3846326662090225
2.412077885151771
2.5316952002046005
2.4914086101108639
2.4221496706486101
2.3155398667306573
2.5168086890207237
2.5596745479858529
2.7182652494729984
2.6943662789457679
2.2852424065482948
2.3854375681808335
2.6439377396630275
2.6278351399098012
2.7002278389749321
2.4782826950767829
2.452591237436724
2.5616635832560744
2.1251698431766268
2.5446224261197061
2.6170253755254107
2.661414314865584
2.017299374961957
2.515058490426294
2.3226647825983235
2.6721400415901959
2.6809165082947604
2.6745598921075158
2.4467507041124033
2.5979729156427944
2.6407507960776093
2.1467057621932586
2.0862197791935801
2.6731817502285398
2.5624785843191296
2.3919818374198818
2.6239110364639213
2.4303953734151373
2.0996694191613829
1.8481019572964172
2.5885514444324969
2.1143282047210321
2.364737690207158
2.4198573109841912
2.4056755598840542
2.3855975259152546
2.3727874603559789
2.4979426197488883
2.4639665504405732
2.4272838547505184
2.4408744787013044
2.4844481345803247
2.1727356212648394
2.5816849837098901
2.3984647652181148
2.1952083454491982
2.3732462769016629
2.4244976668404057
2.2912895369859698
2.4182092773567243
2.2666420405457068
2.2320269533643917
2.2587300224461835
2.3015589326355359
2.5690083045683747
2.5870824423070311
2.2136810978398254
2.3664807358279494
2.0983483334870505
2.5093439173730676
2.4430363383544904
2.5356553152099446
2.5751564498911992
2.4932229423080088
2.5902255190821775
2.1872919867011369
2.157577417084406
2.5012342735184081
2.3587336785318866
2.4278453182595174
2.3867881937780968
2.1684984942604464
1.6876255647471066
2.1159479097624918
2.3395159613513807
1.816515564100277
2.0957253343419664
2.5193079518366237
1.9429756209650435
2.1084320415730158
2.3508751667156416
2.3870692035621945
2.1941353556178469
2.108581752520335
2.4087743474082624
2.4154469413979558
2.0226162901639935
2.2090373161130064
2.137938926888145
2.1261784554486711
2.2837930202152426
2.4553480950515199
2.159129819368363
2.5754088400825661
2.6048860476991789
2.5711122454559812
2.4046849782427167
2.4463062403748896
2.5581193562179649
2.4893013005185436
2.7258104409957729
2.0695748875078879
2.390717527732523
2.4682602912911298
2.2928632100644761
2.3287051513324077
2.3491971356709209
2.3786281492182662
2.3927777759443156
2.1649372981820911
2.4523907253520116
2.6269890356014032
2.7129783603896658
2.4683063517620516
2.4174971997487171
2.4465133812646291
2.6470462140561253
2.4740635376579503
2.3323541278329376
2.469301027443386
2.1096474929577731
2.4944678235267022
2.5065250847053613
2.3981835918028627
2.0364542387272491
2.4664704601991239
2.4533165391733278
2.328304658983062
2.1054552236732578
2.3580965370294331
2.3437291520901988
2.5471177019131739
2.5128432604258042
2.5062502681286141
2.5673199810086333
2.2605946379450539
2.4701310013517812
2.4486961877750844
2.5120501743062387
2.5023817183538521
2.4457633129083072
2.2466509077758658
2.2429269377134031
2.1753693495870108
2.1771251582999986
2.2769334817042881
2.2008369660116527
2.5585051942050878
2.6056063989121276
2.2134197019939021
2.3913908881232686
2.2519586861407124
2.4590695366562461
2.2159848964363156
1.8813507273748991
2.3504786700893492
2.2603562599982547
2.4510033552076425
2.2767223510993779
2.4056064447859371
2.2803160395833979
2.4517183690300728
2.6558726208830055
2.4364840923561406
2.4403179085922613
2.5391551677185107
2.6516039852421445
2.7221333350980492
2.5417490504600786
2.3224260491966953
2.4349976938192106
2.5023664674062456
2.5621936202460343
2.4909916712648004
2.3118876981773218
2.3186199812256096
2.6370896187251915
2.4120732347014511
2.5782870797303468
2.4708850745417963
2.4435541812402244
2.5612348841770327
2.123469253119846
2.6407931105598483
2.6023171754844552
2.2703819064372737
2.4880478350311237
2.3135933097654515
2.442204823305957
2.5798786668214442
2.5692186719126346
2.6621814579200507
2.3187277420419177
2.5933805560273231
2.3819911444975448
2.7190442033787714
2.6200871674584381
2.6035150626946297
2.418193367744585
2.155770587633004
2.3026816401249275
2.2206513469300977
2.4014147039352518
2.3184043867481958
2.6147894357713799
2.5811176985328803
2.1473807892514678
2.3769256114666608
2.3535139649114738
2.6125267123890783
2.3130637738219617
2.2809153735929155
2.6200135062782888
2.4034049149470573
2.3673563788423837
2.4051339044105191
2.4043689404059023
2.6477290149393449
2.4245086186918297
2.5929159913089745
2.5456416744483028
2.6330347193486325
2.7230889953441104
2.6008761965094305
2.3892754484543715
2.3248860605424784
2.4761730303155529
2.6435975811977932
2.6196485876782027
2.5023667817485622
2.4187376988227114
2.6060918952598175
2.3883172508614146
2.6082210867866942
2.4502581347540584
2.3447258292887549
2.6381142070682775
1.0516851026842771
2.7231907345141231
2.1105392867651589
2.7053281950162678
2.1753103326010517
1.7387661047961851
2.4767956978070447
1.4694708618627426
2.7216912248130116
2.0674007432910657
2.7140197216306277
2.5318100291752814
2.5023168278739965
1.3790652797573912
2.5386639162825011
2.5148899017643718
2.5842002436339877
2.5391049298490329
2.7195211511382831
2.7138597020643691
2.1074895036750432
1.961878400826264
2.6750134161390831
2.4420598273698584
2.3249072003765523
2.5708897128601449
2.7220849932773583
1.74060904524205
2.6693865537006616
2.1179921342142207
1.5974619049476333
2.4891015201075488
1.5022491895673036
2.7211186529045421
2.0486364527637724
2.7101193809248936
2.5791477984790387
2.4314164494647028
1.3309364661002663
2.5624961922503706
2.5614568164502849
2.5959893395647176
2.5659459363813788
2.7266928053100576
2.7124444807828008
2.2773038713427485
1.9430269065481596
2.6846646192655821
2.3907119857323087
2.2355854465979048
2.5256340625899893
2.5829437345909052
2.0795643589139363
2.6950364964201148
2.6899476530710449
2.4669709980534051
2.7167710896290256
1.8302495794200015
2.7220819220260437
2.1508692266341596
2.6136229187557141
2.6175805472375284
2.6907622622646081
2.0299384383095402
1.980316416152369
2.039802845354822
2.0056566863356902
1.5901465627254172
2.0087533923201515
2.6663976855173934
2.7163377267218078
2.0682899740191614
2.4368572844372163
2.424413043004741
2.3953779759015874
2.6251758068185462
2.2646177896602859
1.9753766061957847
2.5971484666742692
2.2675660781332043
2.6745551666788572
2.5345368075756958
2.611316924577908
2.6684582267635872
2.3570435750946634
2.2018207012915711
2.2673146631247532
2.5756423414722676
2.3375124409031725
2.5632754328106668
2.7031653385528767
2.6932223141965217
2.6462752662401821
1.8734818636538892
2.6775131743546168
2.1539683646992946
2.5241353694453941
2.7266554958071558
2.6865041850300986
2.5980507690668304
2.4141233863051275
2.6846154206354336
2.0190922868745118
2.7045185829238574
2.2813382194754586
2.7086337038010404
2.6690094674911893
2.6680885914972703
2.0009836498038474
1.4815646268426865
2.3114629585694795
2.2263391327722775
1.8376221142236042
1.2361091423963848
2.6268707663750011
2.6371504572390392
2.0608376538848843
2.704147349862287
2.0093683169852334
2.5462956355924256
1.87614884417706
2.3737633627069719
2.2317200068552552
2.6385823099218881
2.1746540122305085
2.5063120752038319
2.5990583139121104
2.0355961658785628
2.1368666221713237
2.5861263329162436
2.7020165435810988
2.4991792279872018
2.6183902768290008
2.6978507429959895
2.6308988192871321
2.6957177168346758
2.0328551954359155
2.690550815346104
1.9384478859046097
2.2336809088329148
2.3598399060233608
2.452830506648132
2.0464127698276262
2.7156229862940449
2.0199846395974768
2.680687670284676
2.6245480981095763
2.3084020908414553
2.0281900393036079
2.5976649920284562
2.6604678393226906
2.5818351654685423
2.6040712607682384
2.7185907824890139
2.6318412876907149
2.4003377841554072
1.635372416735932
2.6639816270352759
2.2906076046312731
2.1123315561901581
2.4910062256638041
2.3919692964051449
2.5040457345059326
1.6182064469476767
1.9539037742114149
2.6321431371042929
1.8996758795555826
2.1588859639015023
2.4249110785296297
2.185636285518723
2.3454295672099219
2.069866816297417
2.3740158574771852
2.4050676121882169
1.8354996228021698
2.5154477503905852
2.2232016360924356
2.1356691970199457
2.0791545973023027
2.6253301760561478
2.7047766462479532
2.2334582565636567
2.6983235994523205
2.2490006196343808
2.5951020493222878
1.37619945938087
2.5904213060250392
2.6140501106443166
2.6325926858791631
2.4342870712914442
2.7161735663477704
2.7127003980759659
1.9017338749735639
1.8209361835370717
2.6093838607159321
2.59131208196656
2.2186956688797785
2.3701276592017355
2.6589642704724472
1.8800315507276915
2.473638559509574
2.3519324141948044
2.6767247350516361
2.3271214569463523
2.2136106212005231
2.1333422194419005
2.0083792426320528
1.5517447354888623
1.8114996501430336
2.660597069378154
2.7131642331214536
1.9431892263257762
2.3724100913169153
2.3960708603677756
2.6169215638251622
2.3902581096007163
2.6657145479674567
1.7853404799862647
1.9315373579035564
2.5610911899334825
2.5283358622076584
2.4127860335069586
2.3376531978558863
2.6859333118931912
2.6738283188720513
2.0247115685230646
2.393345266223549
2.4162310709493342
2.0457654699820838
2.2890459900006412
2.5511671929691997
2.6343194463120625
1.821219983896073
2.6379561494480224
2.335715726704604
2.2096553993362318
2.061005015433135
2.0185075197073563
2.1095635256586167
2.2627116016257927
2.5255476999358519
2.6934795767695583
2.0203359334500304
1.8536806005558055
2.4412391047131359
2.5734304571116962
2.6114799803573709
2.3930522360744009
2.7174749991711056
2.7266912288335559
2.3389835994743091
2.3005380824869013
2.5420559050635889
2.4091206842029447
2.3903821702675914
2.2370656879230917
2.1550233690993332
2.6618941994638656
2.5177684428446185
2.5558890252168234
2.4922547762885467
2.3522503666573273
2.6266560463264925
1.9859035797842437
2.2627399483047514
2.5352676234755664
2.5420864453918099
2.6107187297791814
2.4970089103452087
2.3687293407666332
1.3021616694495846
2.4248623217810494
2.5821389285126974
2.638739839920909
2.4614670517259696
2.6281396589853094
2.4650680701482948
2.6749653589647693
2.6392173064690216
1.8933996908948838
2.0676852899897318
2.5384903376639962
2.4509740623878518
2.1319593853909677
2.4212479852802695
2.1143346376635961
1.9936122947267558
2.292652254215612
2.0639311269912541
2.1125716777796995
2.6226082771215249
2.5913871180381083
2.4002881441096422
2.2796384376384951
2.3573956838276771
2.6130858494592624
2.0956634272891375
2.1180428865585581
1.9261496720075102
1.7363577511690955
2.3533841204560302
2.6561376000464718
2.0351002021982967
2.5894077398747606
2.0942980346515987
2.5686362475294633
1.4918914748791843
2.2674043630344016
2.1204136641141971
2.6158580190072147
2.5608722243193189
1.3994312827312752
1.81067367188819
2.4483456324744184
2.601352616230229
2.1479123266283757
1.9654015085710348
2.3552966738989896
2.4925882583805765
1.0
2.1729346197789723
2.2563080924718055
2.6843195853188924
1.643323486716123
2.5735548527388414
2.7243599983190729
2.0901614972035203
2.5530062738613784
2.3796922746710223
2.5279115669200976
2.6322479089464261
2.6892544467870336
1.7633692103479217
2.5704864294289314
2.0577399716662224
2.5683297395938438
2.1329782869057783
2.4645364323265846
2.6077732605597328
2.3092281256606717
2.7266909215213078
2.6324482507852243
2.3437949533210971
2.2779450879575487
2.6679692722942634
2.2412103898309694
2.3336957357843913
2.6398198396859685
2.4689491813064488
2.6957965033143587
2.4572561186860882
