8499.6527259699742
8188.3930961387996
8192.1792520768304
8469.8589595771246
8451.4300687365285
749.72748670100145
8929.2255987214321
3338.7782464650977
5968.728925989346
8334.4989099498798
9156.9486746774255
5967.6395257049389
8729.5982198128986
8174.1801494365563
8611.0161024198133
7084.51123672018
5866.6293609114045
9894.5112635020178
12589.426621156212
12589.425206222379
12589.426818761116
12589.430089093818
12589.432415420024
12589.419472706961
12589.421850266797
8271.2969658998663
12589.430259156637
2544.2270638001532
10184.779667532437
729.60018037312443
9698.6885907729156
5866.484799110639
8512.9424648679542
12589.425119767522
12589.430932144822
12589.425017364381
12589.428109652481
12589.42244959305
12589.428054785274
12589.426149819161
12589.419008031688
12589.431011879697
12589.418279950878
12589.418751076631
12589.420496377044
12589.429168217386
12589.423248401588
9848.3133024712588
8278.5579891466441
7067.4093550615044
12589.425065541474
12589.42124301402
10983.790865348721
3005.2724729193255
3923.132296857656
1293.4800585316279
2070.595149582271
8407.470146012005
8663.7627585133723
8354.3338882066382
8595.6913178336599
4245.3487539142197
10137.968893388956
8599.7580246772832
3823.3673027779796
5084.890215181279
8776.2616294462296
8919.3725100597894
8819.797599753967
11407.892697657831
12589.425334525427
12589.423919591451
12589.425532130354
12589.428802463388
12589.431128789834
12589.418186075443
12589.420563635527
9086.7877314556499
12589.428972526224
8236.5787228493973
9827.8594982691284
8533.6407507897547
10229.846187881789
8819.7215292135515
321.62075133040008
12589.423833136587
12589.429645514479
12589.423730733435
12589.426823021851
12589.42116296184
12589.426768154637
12589.424863188329
12589.417721400127
12589.429725249363
12589.416993319244
12589.417464445043
12589.419209745634
12589.427881586862
12589.421961770462
9594.6608202908246
9480.8015031015584
5198.8223945921145
12589.423778910534
12589.419956382686
9875.8850138540565
3525.3252787655256
3207.3275540327104
2027.4832310170189
8085.9716715725826
8247.6235376968198
7848.6687982777994
8217.0967158365202
4622.9933341023179
9877.4333287426325
8222.1336477920813
4781.1243887352202
4847.7611010356813
8857.1961958833563
8864.2413097215249
8649.7367204390575
11366.480373958058
12589.430764141423
12589.429349208056
12589.430961746264
12589.434232077889
12589.436558403329
12589.423615694521
12589.425993253581
9424.9891178188245
12589.434402140652
7899.4271264299814
9884.9190656712071
8170.8894539730436
9998.0659793267423
8649.6527222918703
3016.7235514556501
12589.429262753232
12589.435075128615
12589.429160350122
12589.432252637205
12589.426592579634
12589.432197770015
12589.430292804531
12589.423151019404
12589.435154863466
12589.422422938835
12589.422894064433
12589.424639364273
12589.433311201761
12589.427391387911
9610.8231690585817
10140.752415970192
3761.0597002566874
12589.429208527199
12589.425386001001
10059.12457400367
4106.2521487043441
2941.3476036091192
8106.5227950984772
8260.1080520674168
8224.0990116743124
8847.9185611203065
5177.2192213464796
8963.8781781981488
8851.0656005040564
5853.2249643347886
5337.6587736316178
8788.7594687326382
9391.4920878457633
9115.2624040830433
11485.587053693298
12589.427776118351
12589.426361184649
12589.427973723239
12589.431244055642
12589.433570381636
12589.420627669755
12589.423005229377
8531.6033953442293
12589.431414118444
7987.6703215301732
10266.076361954101
8202.4728411035667
9106.3962852880923
9115.1998928360772
3952.3320795647851
12589.426274729803
12589.432087106568
12589.426172326668
12589.429264614488
12589.423604555574
12589.429209747281
12589.427304781346
12589.420162994526
12589.432166841436
12589.419434913783
12589.419906039495
12589.421651339748
12589.430323179295
12589.424403364039
9543.3536028543294
9783.9906949111464
4843.9133814806755
12589.426220503759
12589.422397976654
10011.375171110605
2532.7038501152861
8373.8697040600091
8816.203184287755
8155.6599795458333
8342.7229986578186
4288.9867686907874
10043.075861610563
8343.6508372927656
3856.2559096411978
5133.1782862513483
8777.2633705111148
8709.4992747190117
8595.6806388529803
11337.480907089452
12589.428385571649
12589.426970638016
12589.428583176528
12589.431853508773
12589.434179834652
12589.421237123401
12589.423614682906
9131.2395787367805
12589.432023571568
8197.0575107833683
9572.9613009993063
8471.8017081920061
10139.159132041907
8595.59905946857
1583.1718011504181
12589.426884183174
12589.432696559656
12589.426781780048
12589.429874067715
12589.424214009076
12589.429819200512
12589.42791423467
12589.420772448193
12589.432776294523
12589.420044367487
12589.420515493173
12589.422260793343
12589.430932632471
12589.425012817503
9462.5278439655704
9473.331106829175
5443.1728472722198
12589.426829957132
12589.423007430212
10043.173751567721
8359.2303781350092
8084.027555511776
8313.2273192470966
8607.3663968029123
4534.5857332280011
9882.1535874007532
8612.362761099319
4674.5583625833215
4451.6971293892339
8559.8653620515888
8921.0332676452999
8828.1831263301428
11406.121797497772
12589.431724743354
12589.430309810095
12589.43192234818
12589.435192679557
12589.437519004819
12589.424576296999
12589.426953855876
8876.0669184313647
12589.435362742304
8188.1879254693422
9861.5406989376297
8486.1281908846995
9796.487683600777
8828.1083914953542
2071.3170941637868
12589.430223355275
12589.436035730216
12589.430120952175
12589.433213239023
12589.427553181884
12589.433158371836
12589.431253406497
12589.424111621915
12589.436115465061
12589.423383541403
12589.423854666966
12589.425599966671
12589.434271803497
12589.4283519901
9653.2187561195442
9704.0121260798169
4354.1774660624942
12589.430169129248
12589.426346603343
9860.0040796540743
8913.2016888763083
3048.4080355984393
5797.149454663504
8256.0136857011494
8982.7163228184145
5798.1013246654384
8650.4523044798261
8092.2095593282947
8593.7488064235713
6991.9769407797839
5755.5020507258823
9884.7430514953285
12589.427339024362
12589.42592409061
12589.427536629257
12589.430806961771
12589.433133287845
12589.420190575516
12589.422568135222
8219.8252995796629
12589.430977024582
1822.7020935079936
10165.339489910048
1063.2914834566948
9736.2911383654973
5755.2637293538028
8422.0357982221976
12589.425837635761
12589.431650012726
12589.425735232626
12589.428827520549
12589.423167461438
12589.428772653344
12589.42686768734
12589.41972590027
12589.431729747599
12589.418997819506
12589.419468945231
12589.421214245547
12589.429886085391
12589.423966269933
9811.7200236466961
8264.7455449112713
6822.1838206150633
12589.425783409715
12589.421960882477
10977.966390536229
9533.8744818797186
9806.2418041533638
8550.7171850566756
9231.2059806479192
9802.8126020279087
9005.3547899831883
7435.8643675320518
4521.9987071604592
9383.2001565939281
9555.4936255139764
10648.827290293382
12589.435320048693
12589.433905115839
12589.435517653465
12589.438787983905
12589.441114308502
12589.428171604382
12589.430549162575
7801.7780710130592
12589.438958046607
8926.8988787079506
11059.061638999619
9013.4241289191687
8970.1847136255055
9555.5237617926832
8674.8586984203266
12589.433818661042
12589.439631034325
12589.433716257974
12589.436808543936
12589.431148488415
12589.436753676766
12589.43484871197
12589.427706929428
12589.439710769147
12589.426978849126
12589.427449974552
12589.429195273759
12589.43786710811
12589.431947296402
12033.826214490371
7312.9272983386736
7763.0256779594229
12589.433764435033
12589.429941910217
10231.301882318003
4241.4014612335804
8332.9937889111661
8893.6071497185203
4243.8741593913855
8440.6690896881846
8171.9489689322008
9261.8522642538774
5582.2513633361741
4614.887884151206
9322.1114028312586
12589.424094652441
12589.422679718326
12589.424292257387
12589.427562590745
12589.429888917417
12589.416946201754
12589.419323762073
8945.505779439909
12589.427732653598
2991.279942920502
9723.1013073745635
2980.8188810887905
9535.9083335624946
4614.4999273359663
8369.9388829155214
12589.422593263453
12589.428405641918
12589.42249086029
12589.425583149012
12589.419923088442
12589.42552828179
12589.423623315297
12589.41648152639
12589.428485376808
12589.415753445435
12589.416224571281
12589.417969872045
12589.426641714128
12589.420721897142
9703.0084379156851
8392.8810465870902
7252.1008863773031
12589.422539037394
12589.41871650917
11296.482369869853
9110.6971770467808
10428.899441734537
108.8434723638111
8786.1143255137522
8990.5541340637828
8919.6592691665428
3574.1237638301773
2184.7310658150595
8707.7594247101497
12589.43057425786
12589.429159324471
12589.430771862704
12589.434042194378
12589.436368519853
12589.423425810852
12589.425803369946
10049.265715597945
12589.434212257143
5580.2101915839294
8890.8005690846257
5838.6813851283187
10682.256529671253
2184.4092833785917
8622.2105281311324
12589.429072869645
12589.434885245118
12589.428970466535
12589.432062753664
12589.426402696008
12589.432007886473
12589.43010292096
12589.422961135726
12589.43496497997
12589.422233055147
12589.422704180752
12589.424449480617
12589.433121318236
12589.427201504297
10019.618615066005
8812.5032137535254
7951.5990368801558
12589.429018643612
12589.425196117356
10753.996291736195
9836.5805301554155
9110.7637301109862
2792.2247390200732
4381.1628120087935
9253.2647586761923
9083.8081601356007
8941.7275328041069
11514.914486447369
12589.425803390439
12589.424388456515
12589.42600099536
12589.429271328272
12589.431597654631
12589.418654940724
12589.421032500719
9261.0501955051022
12589.429441391103
8176.1961460157554
10237.660458168017
8332.538762813927
10188.680701844758
8941.6695053621315
4251.2935848966654
12589.424302001655
12589.430114379331
12589.424199598507
12589.42729188681
12589.421631827008
12589.427237019596
12589.425332053361
12589.418190265422
12589.430194114211
12589.417462184567
12589.417933310351
12589.419678610877
12589.428350451781
12589.422430635601
10262.19376138824
9385.2298730201273
6700.7600159582134
12589.424247775605
12589.420425247901
10796.880039306772
10404.480721180782
10408.370212547818
9503.6549420214669
9676.1518079169309
10647.226524060885
10679.239991116878
11143.922969057063
12589.431799624112
12589.430384690864
12589.43199722894
12589.435267560295
12589.437593885543
12589.424651177802
12589.427028736663
8625.6678439849929
12589.435437623044
8724.8280524012298
12425.413047329936
9040.690778230517
6253.4541123780928
10678.994984823794
10165.909553928577
12589.430298236042
12589.436110610952
12589.430195832947
12589.433288119773
12589.427628062667
12589.433233252586
12589.431328287259
12589.42418650272
12589.436190345794
12589.423458422212
12589.423929547771
12589.425674847467
12589.434346684242
12589.42842687088
10846.288818468598
8495.8369045100335
9147.9777760932884
12589.430244010022
12589.426421484133
11534.572195923749
8788.1707165913122
8990.4607431702862
8896.5570382727583
3547.5170132768699
2164.0225326309173
8689.8683202768443
12589.428773336382
12589.427358402791
12589.428970941253
12589.432241273395
12589.434567599204
12589.421624888351
12589.424002447784
10043.033839885791
12589.432411336185
5584.6051673610236
8894.8626943415984
5835.8052539001883
10650.909556482246
2163.7090563065881
8627.256076606538
12589.42727194795
12589.433084324255
12589.427169544828
12589.4302618324
12589.424601773933
12589.430206965199
12589.428301999413
12589.421160213158
12589.433164059117
12589.420432132474
12589.420903258148
12589.422648558262
12589.43132039712
12589.425400582337
10018.285644937983
8784.3345183686924
7957.4772339160809
12589.42721772191
12589.423395195108
10756.661422006351
5437.075541326064
9326.716147637997
8721.9767995857055
8816.4153980722986
11474.59356123667
12589.422572420493
12589.421157486204
12589.42277002546
12589.426040359214
12589.428366686168
12589.41542396894
12589.417801529544
9452.5734408153749
12589.426210422089
8500.4722420961116
9969.6084877519188
8742.1490450665242
10515.886183399054
8816.3569157578131
3818.8731866859375
12589.421071031322
12589.42688341049
12589.420968628148
12589.424060917243
12589.41840085599
12589.424006050016
12589.422101083292
12589.414959293521
12589.426963145392
12589.414231212477
12589.414702338381
12589.416447639356
12589.425119482486
12589.419199664788
10086.051618012641
9357.8586817711021
6936.3936893757809
12589.421016805258
12589.41719427657
10761.263427647991
7949.4597069274223
8960.2917567669756
8817.2861616398841
11484.962791103882
12589.43425047456
12589.432835541584
12589.434448079346
12589.437718410063
12589.440044734863
12589.427102029638
12589.429479588038
9150.8610278024989
12589.437888472783
8008.1682850017751
10165.438601843656
8171.8147076681253
9584.4635360454486
8817.2268612327953
5085.5983312890621
12589.432749086784
12589.438561460558
12589.432646683705
12589.435738969929
12589.430078913927
12589.435684102753
12589.433779137798
12589.426637354651
12589.438641195384
12589.425909274283
12589.426380399751
12589.428125699103
12589.436797534192
12589.430877721983
10245.945817694803
9154.6713713548252
6240.1068179726171
12589.432694860765
12589.428872335626
10739.27634022804
8649.5258727184937
8617.8530294290722
10242.626136372621
12589.426928303978
12589.425513370181
12589.42712590888
12589.4303962415
12589.43272256765
12589.419779854898
12589.42215741468
7751.0930938399615
12589.430566304316
8615.1748569724732
10669.74175428476
8787.7715487114219
9130.1279940210552
8617.8983205049972
8830.1196177793008
12589.425426915326
12589.431239292484
12589.425324512187
12589.428416800212
12589.422756740916
12589.428361933004
12589.426456966939
12589.419315179639
12589.431319027357
12589.418587098849
12589.41905822459
12589.420803524961
12589.429475365092
12589.423555549436
11764.693871543957
6589.7291116884271
8189.4286579900281
12589.42537268928
12589.421550161916
10162.697910784704
3017.7018636497419
8228.729074626639
12589.423868841264
12589.422453907122
12589.424066446214
12589.42733677963
12589.429663106344
12589.416720390451
12589.419097950808
9811.9151369050105
12589.427506842487
6900.4788134249256
8824.2252660150752
6871.425663360762
10383.829312468137
3017.6626096002451
8933.1370611550574
12589.422367452249
12589.428179830818
12589.422265049086
12589.425357337861
12589.41969727719
12589.42530247064
12589.423397504113
12589.416255715076
12589.428259565711
12589.41552763411
12589.415998759963
12589.41774406076
12589.426415902997
12589.420496085904
10828.010392720773
8200.6616319661953
8973.0302019714309
12589.42231322619
12589.418490697897
10478.369139382583
8725.329815415862
12589.433055268504
12589.431640335395
12589.433252873308
12589.43652320434
12589.438849529357
12589.425906822906
12589.428284381531
9866.4937543065244
12589.436693267073
5681.5707147649555
8703.2823842837824
5784.1705138159068
10716.528497981388
1.0
8841.5072429562006
12589.431553880582
12589.437366254913
12589.431451477496
12589.434543764015
12589.428883707476
12589.434488896833
12589.432583931697
12589.425442147871
12589.437445989748
12589.424714067436
12589.425185192948
12589.426930492469
12589.435602328378
12589.429682515607
10318.796845823583
8527.334205924195
8397.1893600109033
12589.431499654565
12589.427677129062
10817.399687226829
12071.048576508321
12522.711391074765
12589.432519574289
12521.568009683535
12589.438116230664
12520.945327816298
12589.427551082221
10702.395584073283
12520.48348930304
9894.6083588843885
10551.255734908473
9769.1527008888916
10714.310445070676
8725.3739158612716
11408.989923837662
12589.430820581467
12589.436632956131
12589.430718178372
12521.104417771972
12103.135247346201
12589.433755597887
11839.239751604107
11833.360020449134
12518.400862157667
12589.423980767919
12273.517622738926
12106.982755876812
12182.255276700867
12407.104203961329
12322.09679920865
9539.2737028503761
11316.888636395619
12589.430766355443
12589.426943829718
11128.348091893306
9322.2867079528205
8936.7335718875383
9217.8695402503672
9149.4840854820304
9158.0068787415912
9149.7278835317557
12589.425215326724
9133.6740222237549
12589.426502481409
12562.189587563073
12589.429514738486
12589.433917152126
12589.42436255033
12589.435088371427
8757.9063342289464
4283.6106452236636
5446.7953632626068
9194.8739700338483
4271.1917383151849
9626.4247210233098
8434.9974191161364
6125.7551262759662
9389.5561724060663
9427.6758980138766
8755.4320093366696
4283.5645188520984
8265.1079340816159
7836.2186759281467
12589.424320330447
12589.423350025574
12589.425226612102
10886.280743715575
9212.8609056597088
12589.422055076353
10087.595732251881
3587.8657746010022
10122.448328422537
3575.6296775796982
10123.283754676479
12589.423800392735
3620.652925538443
12589.425087547563
12589.423715468853
12589.428099804978
12589.432502219113
12589.422947616244
12589.433673438545
8743.0996242134624
9685.0954174107665
9602.5279515109942
3633.5908534364071
9747.6822170953092
8372.604271017899
6697.3950781704234
9365.2774977361132
1718.4996263856515
8183.5929061573124
4790.1952361807816
9755.8752425784915
6001.1215858459173
8882.0198911438201
12589.422905396357
12589.421935091374
12589.423811678113
9467.280711196694
10636.782306961974
12589.420640142007
10283.738287728966
2450.7053360512937
10267.994245003876
2451.2141143330418
12589.425412931654
10219.838586860858
12589.426700086316
12589.425328007779
12589.429712343346
12589.434114756918
12589.42456015527
12589.435285976198
8828.6161028211754
8517.04105177159
7768.3004369955952
10236.110060119612
8388.9720601026529
6504.8300371991681
10425.135875338074
8714.3424914391071
10249.465363836722
5431.1480432344033
11172.020255031241
8396.9966635523106
10401.87294687203
8453.8321894418732
12589.424517935387
12589.423547630531
12589.42542421703
11738.513893714307
10551.089210488517
12589.42225268133
10426.268143971274
268.31001435202842
10427.199139123908
12589.428683264718
422.3063216268223
12589.429970419047
12589.42859834087
12589.432982675295
12589.437385087724
12589.427830488559
12589.438556306701
9727.11765245262
9416.2042321568006
9366.7035033159536
327.51204286760571
9722.0911793148662
8747.0165096178735
5681.3734409972049
9524.6926317706257
3497.8557117630039
8607.5472395552842
4393.7875902994238
9725.8080155237221
5695.8079860099724
9036.4284083759394
12589.427788268689
12589.426817964082
12589.428694550092
10022.834245841934
10125.740683707474
12589.425523015218
10392.385198399492
3.0913360879447587
12589.431009591186
10328.258002732695
12589.432296745277
12589.430924667353
12589.435309000966
12589.439711412582
12589.430156815182
12589.440882631345
8774.7094749052467
8784.1624037736001
8316.5823769418148
10363.714227977332
8709.4910340779625
6135.8896162558121
10811.981811611777
8953.543273762074
10228.456471296755
5306.0360267956285
11498.244363039044
8717.1068885606055
10577.107776361874
8798.4331987971309
12589.43011459532
12589.429144290893
12589.431020876556
11748.020377801433
10690.425963550606
12589.427849342268
10393.331472804151
12589.418066876673
331.51984267031736
12589.419354032088
12589.417981952753
12589.422366290873
12589.426768707019
12589.417214099796
12589.427939926982
9693.9266139529554
9358.4685004744315
9308.0351499154312
429.73876040621212
9676.9477700759471
8690.706074532005
5657.7370533454587
9505.8940128393333
3505.4505945453957
8551.5627911741667
4439.015877920755
9680.7869895950644
5609.3438473743327
9008.9116029534325
12589.417171879888
12589.416201574464
12589.418078162056
9989.5934057973063
10082.691891444298
12589.414906624506
12589.420444436779
10329.209974211697
12589.42173159195
12589.420359512875
12589.42474385017
12589.42914626548
12589.419591660062
12589.430317485223
8774.9554415532584
8784.2796603574534
8317.4177128076099
10364.650623752244
8709.9679311958862
6136.7146129132207
10812.386468428345
8953.7000508290948
10229.308679149444
5307.0700491163416
11498.66673432485
8717.5818802174417
10577.607131602439
8798.6479043273957
12589.419549440163
12589.418579134921
12589.420455722162
11748.371846408112
10690.600566334879
12589.417284185209
12589.428853327559
8147.7472404111377
11642.390081113024
8347.5903602995022
8180.2584085422459
9866.468704687808
9104.4766001529224
12589.423713937867
12589.429526315815
12589.423611534718
12589.426703823163
12589.421043763097
12560.649891450343
12589.424743989623
12589.417602201349
12589.429606050702
12589.416874120463
12589.417345246266
12589.419090546875
12589.427762388184
12589.421842571724
10813.341022459397
6597.674510392847
8723.541929358822
12334.419943187188
12589.419837183932
10719.969167493593
12589.430140481869
12589.42876840371
12589.433152738073
12589.437555150445
12589.42800055141
12589.438726369404
9608.0659150948577
9334.5673861248251
9284.1418476676663
271.86953162042062
9653.9791551919297
8676.4107674991628
5634.5216596371811
9484.1790952973024
3455.7023671619281
8557.6743043872575
4418.1585313709147
9657.8728305752884
5574.1138588960093
8984.6014553767473
12589.427958331537
12589.426988026946
12589.428864612932
9976.0613973020136
10068.561754647893
12589.425693078098
10157.118938276431
2681.5811465372299
9857.7384981526229
5681.177974042439
8252.7956184036339
12589.425001092706
12589.430813470059
12589.424898689564
12589.427990977694
12589.422330918209
12589.427936110484
12589.426031144356
12589.418889356812
12589.430893204937
12589.418161275999
12589.418632401754
12589.420377702183
12589.429049542608
12589.423129726754
9790.8119642078873
8301.4897199993538
6401.2162458189832
12589.424946866657
12589.421124339166
10992.504062699567
10164.71580243248
12552.479099683722
8703.3034861375454
9868.1664559286892
12589.423629013987
12589.429441391972
12589.423526610832
12589.426618899299
12562.726491366009
12589.426564032086
12558.78083482635
12546.657219698565
12589.429521126858
12589.416789196534
12579.51564523633
12562.931939366325
12574.755968880605
12578.244472200447
11112.262672618384
11505.901905303996
10215.834809893542
12589.423574787934
12589.419752260024
11207.774941216861
9550.8490563448922
5784.0191633697468
8548.0071244510382
12589.428013350143
12589.433825726106
12589.427910947024
12589.431003234415
12589.425343176283
12589.430948367219
12589.429043401544
12589.421901615709
12589.433905460963
12589.421173535071
12589.421644660713
12589.423389960726
12589.432061799076
12589.426141984637
9805.2659680871675
8287.7974469666588
7158.5393206343379
12589.427959124105
12589.424136597529
10979.372612784242
10716.542503906272
10256.648691007355
12589.43241576431
12589.438228138239
12589.432313361227
12589.435405647535
12589.429745591384
12589.435350780357
12589.433445815352
12589.426304032013
12589.438307873068
12589.425575951631
12589.426047077108
12589.427792376511
12589.436464211825
12589.43054439946
11235.507072935177
6955.58092273692
9793.6746362401409
12589.432361538293
12589.42853901305
11570.105664380206
8841.4330778242038
12589.422861161373
12589.428673539715
12589.422758758215
12589.425851046868
12589.420190986422
12589.42579617965
12589.423891213199
12589.416749424441
12589.428753274606
12589.416021343503
12589.416492469338
12589.418237770065
12589.426909611962
12589.420989795102
10318.693024104443
8527.3696585592388
8396.9132929997995
12589.422806935316
12589.418984407173
10817.412035153169
12589.433586983749
12589.439399357138
12589.433484580677
12589.436576866698
12589.430916811072
12589.436521999523
12589.434617034694
12589.427475252021
12589.43947909196
12589.426747171701
12589.427218297142
12589.42896359638
12589.43763543089
12589.431715619077
9627.2649576371787
9491.5176552455632
5216.2599350237942
12589.433532757737
12589.429710232851
9868.0093586733747
8061.4782505270132
8757.5100396761045
9643.2757301079309
8124.909254355859
8496.2442673080368
9475.9137173021227
8158.7168249546776
8658.9184725386003
8435.7739389210783
9445.7083043378971
8136.9943505276988
9306.741941629336
7574.4007004908499
12589.422818941484
12589.421848636495
12589.423725223249
9126.014657456215
10778.847484154485
12589.42055368712
4520.2332280033397
9393.4541712709324
4995.6133010925969
8946.4179209024805
9110.0618525358659
6739.0822670605576
9863.8965685726307
8746.5962767730198
9627.7757023929771
4999.5742570903349
9285.8139147975344
7247.7257338842774
12589.428631319846
12589.427661015307
12589.429537601191
10443.931441531842
8648.4484661894239
12589.426366066527
9343.994906289272
3363.077170455369
8757.9066253265173
9096.248212090497
5530.9231939516549
9788.2318784225863
8256.0530855659563
9614.79097160538
3351.8475223568698
9268.5065847902333
6050.3926115099794
12589.422716538325
12589.421746233329
12589.423622820095
10417.001052752035
8615.9910702280868
12589.420451283942
9700.1132215771086
8733.9341883561628
5657.1380951707788
9503.946409954202
3449.9720977585553
8613.9792579646182
4372.4272625248677
9703.8809783766028
5662.3175161219815
9012.5833284673263
12589.425808826991
12589.424838522233
12589.426715108539
10010.013737230171
10112.371155767965
12589.423543573163
9129.9829216458802
8768.6071565159364
4132.7392436954333
9849.6716245659791
8757.7374476700406
9485.2366760151963
48.605180591454619
9117.5306068253558
6036.8737559810543
12589.420148766523
12589.419178461329
12589.421055048479
10416.00720847394
8854.644456558075
12589.417883511678
9956.9970952422482
9501.0156036756798
8528.9090096137097
3539.4134942603246
10517.022084804601
9138.3413178089249
9781.6168811509615
9480.3395074894925
11970.213020794632
12589.424783655009
12589.426660241323
9918.3579325942173
10138.459692007722
12589.423488705934
8678.4564710016039
6851.216970654611
9742.2119325118729
4231.5338406124083
8777.2996140630676
3838.1379431478758
8449.489681336654
12589.422296742863
12589.422878688403
12589.424755275002
9738.2876456897138
9813.1015160265033
12589.421583739133
9307.6827815126871
8843.2089242614566
8914.8084682293666
4131.5883499356733
8937.6980239183777
4084.9324587868318
12589.416707204533
12589.415736899071
12589.417613486734
10204.468949113556
9383.5283138390769
12589.414441949066
8386.7967432436799
4803.7013987413138
9856.8897181572938
5967.0281234342056
8861.070862368957
12589.428711054736
12589.427740750201
12589.429617336076
9540.1290949505001
10721.182957693483
12589.426445801431
10369.282579568302
8763.9325815905158
9589.8313178313347
8661.3962960101217
12589.415979123591
12589.415008818076
12589.416885405846
10816.932104146155
10464.110700094057
12589.413713867994
9492.1187819160914
4180.030330768137
8584.6374186525791
12589.416450249428
12589.415479943949
12589.417356531651
9668.8695311316551
10243.038626566042
12589.414184993919
9126.5659842946334
6030.1697613327306
12589.418195550161
12589.417225244817
12589.419101832258
10421.791309909024
8856.7547451426872
12589.415930294965
8696.8452467330226
12589.426867392089
12589.425897087413
12589.42777367356
9563.3079320667748
9871.8405204970986
12589.424602138453
12589.420947575209
12589.419977270076
12589.421853857106
9721.5153070791184
9353.0213595035639
12589.418682320507
11778.922211666215
9500.4465705369803
10541.03391932177
12243.473167088719
9934.9304461806223
9975.5431866498693
12589.421794410435
12589.417971881983
11277.47496866968
12589.423670997194
12589.419848469313
9653.260157155486
9133.5280714290693
12090.946130379429
12472.988686101513
