9.640924120999788
11.563083045229851
10.638349095195812
11.168380394636081
11.42181131449305
10.044993429465489
9.4633864821298719
9.5015787881834957
11.237677081936047
8.6752444152665085
9.7494213655735074
11.37789881441838
9.2339675067631717
11.522376010536794
11.248978856784012
9.6059402935035259
9.3259272885153859
11.018152195749288
8.1221683427189522
10.797157397133146
10.542831699106278
10.641846024972503
9.5092730590360564
11.425847901501676
11.110412249075138
9.3380485454442645
11.363112559118719
11.377194859989073
8.8701316462801127
11.312920319848745
11.606783909530542
11.513631280937336
11.506495491738548
11.524638806345108
11.535180055419852
11.163311045847404
10.38897424498021
10.184250190269832
11.357572571680496
10.696790024892159
9.7443434613852933
11.213975462755949
11.147012687342446
10.604772468327059
10.373095051545258
9.2261068294718136
9.2737161359231077
8.9352061558458509
10.65144997953203
10.06793598691355
11.207241299066371
9.3596447673143111
11.540537500468378
9.8819969932444476
9.8123533377617704
8.7525702173334317
10.469688266389763
8.9117207257135362
8.7825869227898412
9.9070486060670895
11.58903887973694
7.4405220738633728
8.2971365952771858
9.3473753966393431
10.49356999742214
11.521067281148584
8.9746559650856454
11.243354044743628
11.423140458007378
10.886065278043917
10.222530378252344
10.551892854612086
8.0717239885942256
11.024191115383896
8.5730490462446003
11.563955569922438
11.310745102623175
11.096879369056392
11.390772787435012
11.075853889502218
11.42221111038854
11.178946177520363
9.1599469636865223
9.1481054187515287
11.313726316731053
10.94419902759536
11.359385545885127
10.647043962152809
9.8214828673973038
9.644356034262346
8.5016096758882274
11.175651122369517
10.952905033919036
11.425187784440128
10.900422366610576
11.447916146597523
10.79352658670186
11.318661287075205
9.3395771226634441
11.61167356841557
8.1911765712522975
10.282212325546745
10.438692526670726
10.217269409336508
10.219991316455159
7.3491951765344643
7.5123320031034515
9.2912337597668415
7.3500571203358716
7.3798258390756537
9.8350430307986727
7.2272040941713289
10.328218263854048
9.8755259637723114
7.4701692509513355
7.7666211732495976
8.6194018394223342
7.2719640803888863
8.8441259922265125
8.6930838497354959
9.964465573317435
9.7198071814534401
7.7143363675282073
10.997647815205173
10.327697672342262
9.590170532787246
9.9828113253161987
8.7850152601392661
10.102207695046276
10.844292422730494
10.408376767354021
10.892430785541615
11.10162413782229
9.7861239724634288
11.10172134581684
10.865688854472545
9.4288477485407292
10.338931746252104
10.916049058717002
10.124246748630899
9.8519297741641942
9.4776896251759997
10.033441711152644
8.6567276937367215
9.435260186064891
10.033010267494554
9.697786808131827
10.044999040467244
9.4543662461750504
10.868471035028284
10.00101974141543
10.144047074919989
10.765272018159711
8.8727393279295566
8.3472768784869658
10.577247066298126
9.9632364267927116
8.886034596621073
10.625245849892485
10.707687416461292
8.940050724937441
7.3852082624552393
10.175155005269247
9.276467193113346
11.451882003635047
9.8001660278114109
11.408411617374991
9.805884056741311
8.1458014946881008
9.5039635591326235
9.8895515724885179
10.151433585474512
11.415995349006643
8.7258032699679244
10.620452389573861
11.362888536951123
10.229289105672539
9.7747748750685695
9.7789078446079021
11.135469249290194
9.830948663127014
9.9027356231158752
10.405013355192375
10.378770666653205
11.296046707248713
10.898139087744438
9.5654400294035167
7.0840337533157554
8.9224191374145647
9.6756633788796425
10.072221068129874
9.9476092831117509
11.434421572235303
11.576746548209933
11.094559615722575
11.177478675989912
11.291248094856165
8.1963443297311471
10.675204374928999
8.6838827185334875
9.9017217587616706
9.2204556996025584
9.7844109222806708
11.052564656110739
11.089231094752648
7.9861489184630274
11.01771495018653
11.046673483411089
8.5578139297280327
11.046092805621086
9.4744619960162204
9.0300435684540936
11.085357984100437
11.244078328284136
7.5759246549402919
11.346548346926422
7.8878117042185547
7.8329174306920173
9.0115915101960073
11.628274428269789
7.9660029423228815
11.041026917475417
11.45276986283837
9.0230709733771945
9.7144538066261585
10.887240993405269
9.160072873501985
9.8306700813715437
9.8291145461897393
10.451545778136348
10.47334835597594
8.7287594419809
10.877414982275905
11.142859430492207
9.4930260188051285
10.100518923189775
9.9382715800545327
10.026003573436554
8.8872643776803866
8.9104745152406952
9.6082307999944998
9.8218789488367992
9.7030317645290047
10.422954175618187
9.527197705314979
10.0346600134377
10.155136920169499
10.701667146962038
9.4919119338398215
10.432431973972967
10.749431027873323
10.233360878996452
10.655310886650271
10.468006858103321
10.674381550638717
10.321646589547592
11.005980889950967
8.7661125017368953
11.633708387024853
11.619114259312726
9.2674739562416573
9.4586009980141146
11.474677137198483
11.602602690568261
11.340591768890896
8.8858255114062956
9.862347267703143
11.633836276190433
10.09181793310275
10.300742625449461
11.405767407938326
11.620422135971994
9.1218742228813703
11.268760540885955
10.833572001674819
10.546998371306826
9.337274353585217
10.241210844913045
9.5754540905472609
10.084726189254241
10.913417553211412
10.242362523894808
11.582513688000027
10.160285920251846
10.070558986916527
9.0573830988550821
10.855987902415331
11.478290316512169
10.204963984667071
10.43758572959084
11.468994613857816
11.296876110180524
11.319541141410861
11.1581480757725
10.98795952668755
8.463142588860471
9.65186190444647
11.425471499109763
9.409623485718436
11.067591928484534
11.094600949307425
11.138295513519111
10.503434830357268
10.949210825703528
11.116411084963493
9.7452473800820485
11.116732738750516
7.9940738965668183
10.736431998585033
10.800402330342552
11.023139333654383
10.038989530497075
11.276969672636678
10.35825930817839
10.630730657410416
10.808056900027738
10.25919496312031
10.121832669808468
11.415372966504043
11.01389364552327
9.7093153311202176
10.931216335160526
9.9669815692573049
11.123118425541175
7.9721439744020932
9.3671956368682405
10.628183978290641
10.201442976679658
10.327384589228652
10.734272575904226
10.725859850871563
9.7945152405101652
11.178850374514857
7.6547393703014057
11.094905222159353
11.289119443093506
11.372017669860963
11.204002243007938
10.958916358354855
10.785307081042269
9.4949677395119778
10.433391870298768
10.918797495046157
10.78292342735134
9.573632943761325
10.976670014233896
11.240667225783191
9.6815302563009418
10.578037332225994
11.241877581569993
9.3002059962601038
9.7566929541500045
10.756869310805357
10.356456168618626
9.774001949813611
10.164637706425566
11.481360393588211
10.854228717992697
9.9716829375182634
11.249211427766783
10.300871383429714
10.177568194873746
10.8444906825807
10.314855232810666
10.855670428912539
11.344906912655206
10.889549128211574
10.932504634625014
11.226535826432604
10.381630335967614
11.000911673529945
11.289635152238832
11.205205863461046
11.303355329020754
7.3184426900392898
10.763135130671957
8.3552871047664325
9.7489600438496851
11.419609363763318
10.440057306762267
9.4907668711932516
10.119462452772176
10.954806435020005
10.355286219626105
10.571708235886165
10.438545249436642
10.691532892433527
10.515116556405628
10.301623530351653
11.313218175376738
10.275912214860936
10.389053816562685
9.660383226143674
10.790514843406779
11.178861421381852
9.7407667260232564
10.373471643596405
10.396002242221808
8.1995929139554118
10.472452163122171
10.334211120847419
9.9767232282782157
10.459423594127095
11.168253423863739
9.103519580541148
10.444149223078323
10.310388267483599
9.7353097554960151
10.319176631614594
9.797142779068361
9.6540218827659121
10.133556975053084
10.24333146718442
10.185054355058455
8.0704155755985987
10.615936253990768
10.217482686854641
8.6948232799634475
10.195725924462799
8.3768992837985685
10.740239426863768
10.536783420264181
9.2744200518022435
9.2408749787852003
10.205056714144717
9.695303630149537
9.8874172236398792
11.257927572854458
7.875690629501916
11.081442660443882
9.3138825899307705
6.5974887680559018
6.6526105904802337
7.4578553787725133
9.6513239338577907
7.7331922140374827
10.929219171170528
10.696553059908249
8.0266823972871286
10.947487130420221
9.9574894248779522
9.8671850320996128
9.0932079852470657
10.960617291417293
11.004565988745298
9.592663371841871
11.072192786959073
10.878346326334686
9.7751712984040555
9.9472189153846902
10.310303717034568
10.890303599993734
10.696317435672752
10.685209022276956
11.45335776835681
8.574706077947079
11.43269871412876
10.511153116125072
10.102747054131864
11.322640314425046
9.7892797587148994
10.238964653059883
10.904868112491823
10.138934888976424
10.429438937920834
10.178149469491787
10.04179101170392
7.3941305219205962
8.3562789497943744
9.3647098433647091
11.479848692771828
9.4095737883150896
11.188432435957576
11.271755074048473
8.7963421216541882
9.7400874791558696
10.957967234488788
9.8787505365673063
9.9147703731373653
11.331706671569052
10.839802743545857
9.5967255726019385
8.8014358418379484
10.179677068963048
9.4944134723192199
8.1072812984215208
9.9970894713267366
10.069573005164077
10.695989176608675
9.6949810141607138
11.027561031798475
11.200514025404255
11.2923208410756
10.279365380252848
11.187430524421876
11.286305333036607
8.5098683738118517
11.176809118263698
6.4755715983732696
9.8885243273150092
11.224821529592822
11.302428875892574
8.9952337841102281
11.397064952781335
9.5108707000648742
9.6555419856730023
10.456365619123238
11.495606198972425
10.052873454963089
10.859373197981451
11.151639268193531
8.3748780341918856
10.98565672936112
10.748525014189473
10.983619919816347
9.2214111943582129
8.7302576025173195
10.553361325176692
10.232198318750545
9.2913873199474661
10.085699112720045
10.782935181697399
8.835046699522481
10.609405611198952
10.053545324984887
10.927905426287673
11.095190826922094
10.863765928569356
11.093736577751354
10.674932369381464
10.703559280548086
8.7871593141139019
10.17745847144182
10.821502842258376
9.6382048186723956
11.346476136094608
10.963649579124766
10.434356331957144
10.494374310842064
9.2268493216467267
11.173237256086727
9.6446819987849679
9.8650871276017664
10.514575231043732
10.093119610193673
9.6112409068687352
11.626359787505381
11.37474462498837
10.736916036280364
8.2983001788616093
10.889454233925516
11.621987231842015
11.32818966598675
10.017570901114786
8.5336157035214999
11.630477992627117
11.075863803616972
10.981524106811603
10.599504174199634
11.554261039698424
10.495758791290184
10.34718093034585
10.891804607392755
11.162339263829359
11.266441780457464
9.4407190239052543
10.96822694121604
10.157384056865677
11.207731494268163
10.817041225152487
10.929321487698964
9.466786930511784
9.241137384343487
10.536677170533492
10.683361663051974
11.622765268174145
9.9043397151487511
10.241053093639694
10.527761902750727
10.174675238623225
11.217604189185238
10.340226627607683
10.376949814633999
10.059600403236214
10.786013718792489
10.649436822601283
10.640121087334188
9.594188851382853
10.415170790258749
10.753456328458016
10.392254713836468
10.562939251653342
11.19103806520236
9.0465273021208645
10.679144836075656
10.684159108195022
9.4253704883161102
9.9946448419183511
9.225893721950662
8.9855555341821205
8.0664063484077371
11.484626968305269
9.8031205441553357
10.14815432525921
10.877499584905246
10.36076784986556
10.040605712384393
10.732100521834482
9.6953258178124688
10.381465750723793
10.430021608699333
9.6651029225324354
9.4666761202497511
10.144067870163884
10.143234993159856
10.757430239608526
10.788534067728294
9.6587396045840226
10.740605373219253
9.6488377061830466
9.9692185488999545
10.022212287803583
10.115272957241286
9.9280403344066812
9.7372436787102341
11.09642583184989
9.2286453910312289
9.9017242442332964
9.8338405325459366
10.550196993767115
9.6766248264488404
11.165082336626208
10.741590209724452
10.183992734049564
8.5603180217830737
11.487565363792131
10.892449522452978
8.9285907027859697
9.4343776057612949
9.6326123929733978
11.354950635939435
10.524347054238692
9.0965666345905465
11.021219271615459
10.006841534160118
11.449235279052951
10.283049538048433
9.1350185298381401
11.118206893481251
11.004497160258985
8.2875264652065006
9.8905272864197773
9.3045822512045433
9.976033678459709
9.0780012519662368
10.618373099535496
10.627155020948837
10.845969290447515
8.6723193984763753
11.302883249266728
8.7494689407071764
11.124639055381603
11.299853889171704
8.8198176520896716
10.389691896094316
11.428342778794676
10.504093220980305
9.1925405034663381
10.326582463325726
9.3295158252484907
10.490640972969821
10.803415880610698
10.725335783752811
10.455551846608639
10.947656148442181
9.8852888419375535
10.113690693875157
10.791318416403417
9.7927609306888961
1.2443448137889612
10.392601179738222
2.6062338896761741
1.393250712175695
11.027080338508277
1.5495217895274029
11.405273282173834
10.87780393259929
3.0839755804720235
1.9387784714281096
10.152784198651018
4.7450607416335631
10.329137613183001
9.9856968712127898
10.750685109408062
8.264836727622491
10.520178199348141
10.787860917033496
9.3588559664375701
9.8357347114995743
10.836604284785953
8.0004483083181306
11.17056074447189
11.437336588679297
11.002390657437882
10.814172130341746
10.863920759392469
11.086136480994996
10.85274276409382
9.7199501548101779
10.940358984825503
10.708444917191757
11.070226549338047
11.06664275538594
10.055585443075179
9.8627919163699467
10.164542845123506
9.5497508002698268
9.7170184655898115
9.9119465982543016
10.407472242445653
10.193089556888186
10.177795563266836
10.709843581802872
10.628289206766487
10.417999564362338
10.66276617113377
9.2587134599880976
7.3154811843357148
10.602127328148589
9.8354229508612718
9.9111706843121858
10.177579429629322
11.300166366844273
8.3350551295280422
5.80123879050441
10.612417497934333
10.576601398433265
10.928255886440571
8.8300981172757744
11.048867905726816
10.950766267584845
8.708582397671103
7.7209793836965073
10.341071751721065
10.465515288645772
11.388003044657314
8.6476361355688045
11.323807165959366
11.460355953663134
9.893579165224244
9.5904595495158684
9.9443152549254918
11.342338996547202
10.132079460641751
9.5966098151634327
9.9136706974871451
10.850942346681581
10.291197605170305
11.48481384090057
10.286706450408479
8.304237660026903
8.4009912100816262
8.1537138108595251
10.614979536217676
9.7635107297950796
11.203312689742173
11.371909507514744
10.487030093909723
10.39336874465941
10.798643866869547
9.5557585472772377
11.358228512886647
10.430660651519055
3.0377902296988886
1.0
11.163535892230797
1.9457854692661747
11.422365465587276
10.895130137666602
3.6867807910671071
1.8103949717321428
10.27655545717243
4.8346546961280676
10.357407559453215
9.9969350264775318
10.832654510014677
8.3902120299063938
10.600659005514379
10.821917930841652
9.4075780123201564
9.9050378421404126
10.832277858271594
8.0305089410058201
11.270668455306831
11.500845345128313
11.161615432627075
10.825013125721942
10.917692572216097
11.190876438846951
10.912339403036887
9.7263837009254157
10.985144784168055
10.858744822380929
11.184308292223475
11.076328273561284
10.084835361407126
9.9083784296358015
10.189591055747226
9.6362726348040493
9.7898165576259117
10.024366852849084
10.505764271227095
10.195753407581956
10.275182159910377
10.847651114913395
10.668901334233341
10.585419404339298
10.907325573367215
9.4113018897950464
7.3543819125859207
10.668677103191662
9.8489772811199554
9.9418324367121986
10.200578994677286
11.299615712577074
8.3840522104245814
5.9425064555826834
10.682189110662227
10.6795907841916
10.995212464177428
8.8832520203520531
11.040721115982324
10.972239317862089
8.9118771239256116
7.8197084327673245
10.361091981207547
10.386924318159927
11.436618912872328
8.5913038291641897
11.348118537839579
11.46540511885828
9.9234236079451197
9.6124601120297672
9.8667142821258675
11.417382649226145
9.9517814654937435
9.592605000821667
9.9514549897597178
10.820683701022153
10.269035192747364
11.529446927638093
10.443796975962176
8.442289209198437
8.4284640759723484
8.0784119660181162
10.634132062249208
9.7476910843453783
11.200166493084289
11.398254438905672
10.574700616759513
10.415069008847924
10.804993717441551
9.6166401542493034
11.374200267796454
10.369426156462071
10.418960659386432
8.3876325345041725
10.377724785495319
10.307986976745406
6.993613053430864
10.318546342935072
10.514438314459939
7.2586339473830126
10.587968142540266
7.1745654958779443
6.735496945373181
8.2824667304937183
11.176360779767366
8.6670645823146959
9.8529881365668999
10.728019876952576
10.365522486453612
7.1980392919073166
10.691354621733748
7.3259990356032825
9.1164080534300229
9.4279780902481534
10.191455200550608
9.4068055089165021
9.5830856349361415
9.004852043290807
10.219680910113469
10.36885271089411
9.3390633222298263
10.331347619615986
9.1761208007750028
7.8725617687995513
8.0850739982109232
8.7244610451009841
8.9304556726240278
8.6475079427355706
11.168928895482509
9.3666057516888301
8.9184605242226844
10.010334093747412
10.379487525379735
9.2773395151010156
9.7879489940277793
10.380479874909581
10.083006644204518
9.6100002361145709
10.74143905639586
10.984911319796872
9.3364028908858909
10.499864764228821
9.2741875787302703
11.157068479250761
11.001650050118286
9.0801576465760228
10.375973866020896
9.7187988448618921
11.299477511949705
11.346867898345581
8.8830228504431652
9.7728690359456341
10.81435481243502
9.3860369666550927
9.2544846211078085
9.7487717583113565
11.245125170300083
9.0368885153680871
10.146650541345108
9.4587674461625255
9.7313314397992379
8.4841230190539125
10.91167775840146
8.7060049141354572
11.105686177231405
11.09584325871284
9.4127465364562504
11.00837571005202
10.442860850888959
8.6225135562284869
8.648233508218933
10.923615348255465
11.251277866807623
8.9376708253976958
8.4605827867793444
10.525578321971874
9.9624120096360027
10.708293412730473
10.087377946622947
9.5530032392314084
8.4408159407107171
9.5776224046533187
3.0709108913597367
10.894346454654629
2.0610960721467535
11.369384439398811
10.838177979546597
2.5791716663816713
3.7114286971162427
9.7699143629277376
4.895164260939886
9.7832758683351368
9.4912361798992197
10.325799148399177
8.6671700396800606
10.624188108173158
10.825171020312883
9.050608876627118
10.016708122925348
10.886504554088416
8.1680092498839247
11.145656615274724
11.371680856717481
10.990392474360881
10.668489920370934
10.874715737433075
11.065591107223529
10.840744098654161
9.650424387024513
10.500113594075819
10.670964644605469
10.806411594356129
10.93477062829292
10.180593100580133
10.028411419767808
10.243910446977583
9.554974581560657
9.6972174371887778
10.162436595715185
9.8567921912016576
10.281127130688354
9.8788729200174039
10.463435674090444
10.565458811419017
10.547618285273861
10.104503964003595
9.0118041952023962
7.4610738239355889
10.685450194124495
9.9911550276492012
9.7865229015692865
10.043875200507969
11.21592631366326
8.6089629860324575
6.4276440666833219
10.204764633367583
10.183522530213164
10.950241715109932
9.1242285320972858
11.028701131922256
10.885919754556314
8.9761386810592132
8.3148206606684099
9.9912251630746898
10.048644580735138
11.268390756742876
8.0485697354202124
11.274941829769789
11.42643230645557
10.026534870595437
9.8584704932968439
10.038764296449431
11.288041414941061
10.19914716698449
9.7698767373805087
10.043572639278059
10.805775507079007
10.384127495880104
11.507348350064035
10.095504425237465
8.0551101475657543
8.4970643929773306
7.4135135244391934
10.698982816924147
9.8946643180852476
11.223390183723177
11.344870032635445
10.684754791334937
10.388209749950452
10.808909946613152
9.6984502488363891
11.313750376867274
11.138682900103312
1.8405988657403876
11.390603836025118
10.877790065898626
3.5297266892760355
2.2074348714211158
10.175450009445431
5.0108516499969538
10.28099510522348
9.9942207824026799
10.79519114197271
8.1849426883711587
10.554358198096434
10.783159635979089
9.3775515009498616
9.8729699213522437
10.828728325459707
7.9279363676762733
11.252371565819674
11.472762487120681
11.140346508179093
10.570401940892175
10.752679199096461
11.182377325484582
10.891003957252293
9.7755307766552946
10.971830515344003
10.70615429678683
11.167730539638272
11.152609432622027
9.9461145040831429
9.7751987589932767
10.056782402195081
9.6525160030662835
9.8842482223416308
10.014663498727231
10.535873003551773
10.097882848627433
10.250596756709115
10.673602631306958
10.697438077757809
10.457732539305558
10.900461053903269
9.38182932709441
7.5094249861059064
10.623335029094491
9.8419015986532106
9.9949968607715043
10.369191731688776
11.240478157683272
8.2120045488948925
5.9687572565572777
10.711484057968258
10.66086230937478
10.865384264375791
8.8450565256160765
10.937827097765753
10.93308204452242
8.8630927525681038
7.5926216790918497
10.327050269409721
10.455969160843896
11.40591087015922
8.7435343303704549
11.292529536263666
11.436668166433831
9.8739036241013363
9.4953725203428139
9.9093120626003941
11.367199145940893
9.990833342527921
9.55467164781812
9.9345926150092332
10.77360242302151
10.415381216072166
11.503652068569316
10.411167619262773
8.3649344033290749
8.375212503862878
8.2493860477533989
10.605503997184195
9.7109019338939433
11.075919147332614
11.309887392112534
10.44837167831982
10.495076136365276
10.826092230524251
9.605921629544067
11.318394151688368
10.89593354152843
8.720962410316643
8.509390982295761
10.865772969372431
11.207844823938723
8.1090758359019617
11.042125351648655
7.8471396025410298
7.4222852144239972
9.5435262248366701
11.270475163344589
9.817726590140424
10.847879301798024
11.445135773102265
10.246872762904054
9.2573979343564794
11.113523851923695
10.116501472268975
8.0652827748682761
9.3488883618941419
10.443752194092351
9.9522873754299184
9.2372520663072226
10.140877398152552
10.49409710157245
9.1850866836646219
9.7765622463653497
9.5429791215867361
10.28222722201429
9.6255603416706776
9.926653601836275
9.8763207695532937
9.5110299167195631
9.7214860423774176
10.624488549942468
9.5404602755199779
10.175896588629017
10.168236010142117
10.948278754704718
10.129216411828381
10.091777356099129
10.578441257270692
9.8168642961316692
10.773201301466033
10.137165331058425
10.574953267127155
9.9662655246214076
10.214842561662515
9.9396398332966047
11.477195137602315
11.322336970689511
9.9047388369353175
8.96059400794468
10.943997764065687
11.489480864774423
10.978473040786204
9.5906031254491904
8.9836950286927326
11.2305873610128
9.9248532093454909
10.322077058983853
11.229270641409306
11.323764715217372
10.306521859628997
11.01975510608621
10.805894003273979
10.655246738781635
10.191525852504693
9.8576446796005008
9.988419910796587
11.026018511233199
11.337967382522143
10.58155754279834
11.422466185505167
10.320957913898566
8.5391161640680107
9.0646503128588964
10.590741527907888
11.208729809449466
9.0944294170167019
9.1871629859296089
11.029502158297859
11.169497916515818
11.460248228004982
10.333197139435876
10.123452473476689
8.2134981376256491
10.914170254936126
11.411264376849376
10.790381958114823
2.4570640811341691
3.0570677216625568
9.950352017771106
4.7015377034958474
10.024712759735324
9.7307128307006003
10.598460998936329
8.3246169449491507
10.550704887135717
10.845887832049184
9.2167621226801515
9.8835990285185691
10.855764357466677
7.947281051944306
11.170338849721276
11.377034861086276
10.938232055720833
10.815051844153913
10.878655058727768
11.131138068508605
10.892569667456074
9.7414059389599679
10.676098154477794
10.744792503419022
11.071828642547064
11.076364759127776
10.095575073500136
9.9483273054794363
10.195276086871372
9.4792963253092388
9.7077868203200204
9.9852907146599001
10.146565469885916
10.266480812095676
9.8882258914634313
10.739255331848206
10.620514030792318
10.422960489428794
10.653998333632826
8.9184127703329796
7.2982677415489006
10.619580722289204
9.8412048699420982
9.9006054443402842
10.207564882948965
11.26568037307473
8.4745210614361284
5.9391487615320102
10.479526872958616
10.355354914581856
10.911832514705051
8.8780400578644905
11.056271365619242
10.921644714847289
8.7181369053082616
7.8639383081061434
10.106953490599427
10.189306197853689
11.31336933188715
8.3479944944694253
11.287184576684478
11.434359362199451
9.9350822374718799
9.6714695404428035
10.012206904232674
11.311881775796278
10.17448672433224
9.6812628663782174
9.9506461516298739
10.804039016965014
10.400471697095412
11.477366667107384
10.091036489393492
7.9561245238876941
8.2166510391235832
7.9634051090099218
10.584960709168248
9.8736709784780015
11.209644586474402
11.389849033661402
10.564609372346446
10.46026977844685
10.868870007900078
9.5678938975112438
11.32443122996288
10.12987245849369
11.31768193477102
11.419315528260672
9.4715195209169405
11.448543907175521
9.8201456853003108
9.9149928252001178
10.385004221001962
11.533002904957867
9.9974523490888263
11.102676938229228
10.5650569342701
7.6512853889181249
10.961112012570165
10.9738401346772
11.051014156148799
7.7991801010157173
9.6653080128211144
10.756341311335385
9.8538870459585386
8.9081984744031679
10.027860740830997
10.48697822154538
9.4661951709075343
11.29686286912389
9.317615468454326
10.624786255899444
11.009378614965083
11.100557333457711
11.25921897777655
10.631748491865816
10.990131875027259
9.4555966007118464
10.535179860319232
10.73510665148409
10.051683152577898
10.866477342461421
10.737865935428404
11.179893961636648
10.709025833613817
10.211268813705722
11.327866867163147
10.526078273384281
9.5388181758287605
10.357548379628794
9.6420697088769316
9.7444398873989844
11.621747596493481
11.44999633406176
10.869737928848158
9.421013369670554
11.178203467569112
11.626410829238429
9.5471812772636024
10.273962519764881
9.7956826195969935
11.633753551288644
11.155726231052578
10.908880117111172
10.837985749784833
11.314415835456614
10.437146164452912
11.08751673697093
11.289831569799302
11.061856576123208
11.311668929909223
7.7071440397143345
10.86501508672661
9.6417112074248301
11.138548912893256
11.097726098327291
10.14013165185842
9.369857772881435
9.6701382616591776
10.765359129779405
10.907289811716147
11.220250043163359
9.8888415379816195
10.372173818963107
10.567795984425556
10.931846200693746
11.453596799724137
9.9280016331764216
9.4439088817219368
10.057546061006146
11.182501926351076
10.820275736308604
10.992178557071382
7.7925749810303504
11.000475875430075
7.1601380066187961
7.1513817184944468
7.8506784537199268
11.101868630925956
9.0142440712773091
9.4805111352037912
10.79629677957071
10.096835330291569
6.8459724553386403
11.223252375833825
8.3288898257355459
9.4820757677129279
10.477814219731099
9.2784225577728066
8.3655748464472861
9.2176006813754654
8.9838160927408595
10.21623089882238
10.568781767006037
8.9727534475016331
10.302255646308833
9.1795096747138736
9.0112707585834926
9.0357906866032476
9.0773068301706914
8.8072516131421388
8.8217213578672631
11.1565018905402
9.0064919441965277
8.3729789723686974
10.033859661640767
10.39160074640537
9.1040016910469301
10.739053081130669
11.252323756789453
9.9670043579464558
9.0506074903514051
11.084762464589197
10.733761014808445
8.2865407934209703
10.581006503024859
7.9154396397298727
11.400818683610879
11.32068924555165
8.6747409602969459
10.496155758501498
9.8398733222445358
11.500104330137299
11.442426354847989
6.6228471103774771
10.182542730581009
11.21084560378422
8.1817144450867136
9.2518078743727781
9.8843515111592879
11.427363821138563
8.5239692590092631
9.4578427731383545
10.182525598708912
10.586599014632714
7.9208863615947829
10.889275885927292
8.2925311416164558
11.089986793118795
11.168562134040926
8.5872855889905875
11.237344002808232
10.40584582717622
9.2319964737822229
9.4632982661715861
10.663781540311962
11.487882232286118
9.4346269127000912
9.7543952208341516
9.6524059472271979
8.6499464588269959
11.212383753035317
9.5505164772874682
9.3204352489810329
9.3772698669791819
8.3079915705868412
4.204753183980916
10.042441746450889
5.1887832422337903
10.088031174891027
9.8553746808820772
10.560588262754713
8.5684606473871341
10.50502884349585
10.839436648472152
9.52274751732533
9.9209486618334637
10.813305910679375
8.3175035429046087
11.076973395647501
11.192996629016662
10.859840558412293
10.750447897275533
10.815910556403647
11.141146782315985
10.800339034930767
9.7340462928176077
10.619529053839704
10.740261070686399
10.707724697456758
11.154183775040146
10.134468100622705
10.02240118292654
10.293226444034339
9.5223427095240627
9.9061826782842388
10.182731095380808
10.201870623320238
10.293349966142996
10.257487863369457
10.487256552533768
10.63337330025684
10.330266636461884
10.296552549247382
9.3403130658816949
7.3662049525229492
10.787673018597058
10.141892950176562
10.021219702115605
10.189023237703806
11.233010332930935
8.8101228644344012
6.5040210805973482
10.530336382509969
10.338786634131136
10.772569467282345
9.1464696375342545
10.967974250044483
10.875030934712029
8.9894440599199026
8.0894278315269528
10.001644477318047
10.546503447439282
11.198676876385143
8.1864376792567288
11.270024063080298
11.38323001166796
9.9377739647617105
9.5745949301671569
10.056283206060897
11.154528875401956
10.237675059842953
9.9332333339696142
10.162951292845136
10.728701232495244
10.484738798210225
11.42344127123857
10.125292602905002
7.9981406424123476
8.5632652397897555
7.7553685129845906
10.463854822608443
9.9039156249524449
11.11322416871497
11.396001102387626
10.501876954938497
10.422755222192571
10.816998004229353
9.9353766448759657
11.295704962408484
10.596704825336813
4.7403862672778718
10.703748490162246
10.267840079193663
10.938464124568627
8.2434956563763322
10.747805698741319
10.785404669333463
9.4636897996587006
9.9775786199954819
10.915226047564545
8.1394995153429353
11.287964174454956
11.507300990855281
11.278610244239855
10.86261157348039
10.919453167471703
11.223579450434112
10.87857174827707
9.6847875846267506
11.237740370132098
10.850109242267944
10.95915364032315
11.016274245605915
10.143877563582379
9.9333788526985209
10.220779255401915
9.7750291559072604
9.7909094780584898
9.8697139344333351
10.564466995589196
10.144565654135384
10.559695369814877
10.800179262670932
10.577152561214996
10.549720313605281
10.625477619399273
9.7922773451729324
7.5201092183592424
10.533286323871053
9.6097581523764326
9.8198139216465616
10.111214900552934
11.442699985814807
7.9872947094006674
5.6602849586590676
10.600185929729641
10.92952942688455
10.969963259069205
8.7085626401241747
10.905469115338429
11.01273472789272
8.9931131604401653
7.5991376228633616
10.53723433318298
10.486536026609331
11.424753928912201
8.7019799222811667
11.412595154419256
11.500364195010944
9.94226067791055
9.5784163906006494
9.9298754303787771
11.511154076742942
9.9125523143143877
9.4299379246514459
9.7412873532542985
10.85435848674374
10.321122833011648
11.571117314790079
10.556366244905218
8.8787131214061397
8.5698548794819533
7.8887875870631561
10.675983936057138
9.7153199494703095
11.153350653448271
11.25360937780423
10.498517899577399
10.439285937067149
10.838485425577419
9.5162938615311177
11.45486976138716
10.844128108993003
2.8589098371314843
4.0923381691846084
7.5533026768190812
11.302745779230289
8.7189388728573896
10.513545219531572
10.804551563328133
9.4282041872723621
8.8476502664810894
10.496332863419884
9.2915123027044242
9.2299256587050404
10.069300877268585
9.1622707467191429
9.2368719246634914
8.4348321284238565
9.7101661059451416
10.060062113187165
9.4244710584999591
9.4554132662612318
9.6815223563321862
10.122184568752187
9.3920241955285046
9.142258442140724
9.9073185302736722
9.4473068893339107
9.443669288434613
11.015325356848608
9.2003361443718585
9.8106066194838419
8.8693098910301682
10.297232166876707
10.137759484330454
10.054681280428731
10.980842884672104
8.8279512361017556
9.9740710911712949
10.470383392597606
11.013587492026842
9.6837629810300783
10.872449297708
7.8220647699608703
11.38444519964178
11.238033335106692
9.5498647290799479
8.8158771254869528
10.554520486062025
11.346479957502378
11.296184933591116
8.1943676768025444
8.9499157416990247
11.188666374315748
9.0121758951270277
9.7355811686552673
11.086914600529928
11.121882539367933
9.3332169830305975
10.262921007247728
10.53817905045946
10.386465619518528
9.1412854366939023
10.31811885617301
9.4467490563859222
10.523878488997743
11.157613510992469
9.5748165231617612
11.030294729510231
10.525301390976104
8.8589143035975404
8.64258799489245
10.306227461337571
11.103289278727658
10.24407593860337
9.9212017988541525
10.575034622806555
10.225789692604772
11.358203915745031
10.345447213675738
10.229900349107634
7.9559423312171393
9.3353415811145712
10.746283554348549
10.296592395639617
10.667311020464853
8.575185452108089
10.753468594629458
11.012427808071953
9.6648209501544873
10.632962588800808
10.724795974138184
8.5768568358953772
10.996744112292879
11.490117665112049
11.370392135272878
11.312311882006759
11.380248705399651
11.341643932771641
11.08883199741129
10.41324591462311
11.037189451188341
11.349713373608742
11.081821671227488
10.507978553838592
10.786498102327741
10.730476363207398
10.944638121462019
9.436302124671947
9.0484388071602524
10.221894680535447
10.365358309838086
10.820594953705234
10.57707327930026
10.967242311253617
9.9292669963087725
10.941249141219583
10.729616618017728
9.717077218200572
6.827271341998812
10.712972210390328
9.3731599005290089
9.0543181401630015
9.6013661435529407
11.422016397847191
8.0397801130513002
4.4307114395279639
10.329214139558546
10.921226571955032
11.379379095069803
8.8960608291217032
11.010871091379
10.95313736539093
9.3497036152971038
8.677047769114747
10.082669326467418
10.170448660072552
10.56832228560911
6.9194534660612987
11.443982691936764
11.422699643223241
10.322686460951253
10.162678051831652
9.790945271054154
11.569937393753767
9.6623347143910578
9.6710479207310271
9.8823837909810894
9.9360023347867763
10.801948581651066
11.610200630880474
10.597073349455998
8.195837964271357
8.5368895669996405
7.2815441388723734
10.571876754596365
9.5796817665233949
11.459498484265829
11.377822736644742
11.203056322475362
10.749393616732611
11.110380065808217
9.6591360281482892
11.429613333227024
3.0964101541975664
7.0376668629551258
11.249291950810209
8.7021247766905283
10.555870987536423
10.518052062493608
10.217486382023321
8.1990173112831979
10.796695814776799
9.3470761573290542
9.0233864795371606
10.405116167744987
9.0543151102584449
9.1564492698497748
8.4641170558556933
9.8800631586541137
9.6732909142774872
9.4397673658579127
9.6685104070230761
9.6343491334744247
9.8548995947328635
9.3539111363950145
9.2530986718920101
9.8636950060032955
9.4159105910876555
9.6364606711037073
11.159400412754421
8.5814304952381093
9.4612345170903467
9.0296614063821394
10.120427852363758
9.9300874313988832
10.414860047804263
10.976749197926887
9.1002309037482831
9.7310836434022647
10.691006323938538
11.172458012520343
9.3985020164406556
10.788070406793267
8.0242655878403131
11.425341908242295
11.295407230877778
8.9158132314274212
8.8884410985961804
10.591905843646293
11.329207729667738
11.357797227811169
7.3494169291373233
9.0225088846239885
11.246248057024765
8.1833144302600775
9.1022834011107925
10.965633924761471
10.958222090762895
9.336813438954799
10.448599876860991
10.808302767004351
10.376077485353671
8.6434182504326973
10.603730153321703
8.9246490616887026
10.916198980170282
11.235261749909316
9.2534682354666167
11.162716647095429
10.920846944437798
8.8515535946756927
8.6329814282678097
10.082939689031615
10.942598288200271
10.193507232943299
9.8893212381989812
10.569011967338803
10.380126386970296
11.41136754428106
10.402849812155583
10.213680446737158
7.6550986190944172
9.3701852081153181
6.9933300502255324
11.18768078489347
8.8086492654991222
10.716910983903505
10.499714894175874
9.9369793814249903
8.4147818736617133
10.789472674735928
9.0339020870187277
8.9926653503681457
10.197188948402507
9.6252241559557916
9.306627632969585
8.4520980641213459
9.9839519940045491
9.5019754838194554
9.2894601572432443
9.5624373385202048
9.5216584518199756
9.8019864869038642
9.0548716943399352
8.843517270163801
9.6012805068036791
8.9157757852596706
9.384414912803587
11.249850011472988
8.7869551056800983
9.699085118173512
8.8090910802437321
10.410518116698006
9.7751353554081941
10.112004864269123
10.937413862360705
9.0582205877827722
9.5408460964483908
11.16029077803517
11.068931625087762
9.2898295261585702
10.309039947005562
8.8958476575512382
11.258536047865251
10.902537118986173
8.6598277569131543
8.7501463762618066
10.802656036706745
11.310674681116895
11.258688525706926
7.5866799865039045
8.7201225140235046
11.082818347693728
8.1166512187704623
8.8012401080630127
11.018521528534963
10.75865957737841
9.4952029221067171
10.735357764109853
10.586304796401938
10.104602568255107
8.7254206975027557
10.83144287744644
9.0370556371400568
11.023607139077077
11.170847802545079
9.3702329170585337
11.16672969663964
10.954227489928567
8.5418928209603191
8.4223115551593537
10.081168035856672
10.577956065998277
10.327164325909903
9.4712507373597763
10.930632632752337
10.554292359792008
11.390224919007974
10.379418117822054
10.079087834690178
7.9476793979366871
9.783661778494853
11.338231714003106
9.056292768327868
11.011289477747049
10.307550870337211
10.994250703906745
9.1583243359761095
11.400587590105747
8.2752808755282796
9.9182766286802195
11.055884995547295
9.938513095798843
9.8487539745237651
9.6243047587651134
10.472386490076776
10.631959848492237
10.018134221208346
10.573145718544742
9.7859443559086063
10.096470718704701
10.024103867369206
10.153545798715351
10.670340091499281
9.0342546157266774
10.049079669504293
11.403176059179858
8.7937057262626919
10.393737683562023
9.4734091416807669
10.311431663308731
10.296143995363684
11.182576018677892
10.774210814024062
10.321632488223615
9.9878903931413952
11.271150090725708
11.392714327628273
9.5495831133823952
10.618691070342393
9.4701802207459167
11.500348501545361
11.415801559690735
7.0037963193040147
10.228798034374554
11.036320848839472
11.471531270437135
10.996597341909846
7.2993441966003374
10.353425257201835
11.424026264016113
5.8478804598761966
8.1572235879290975
9.5968256732458617
11.17335626887508
10.000993850179759
11.011321250681824
11.294037017894441
10.930004217727589
8.6811304902195303
11.089160347949694
8.8701651626196369
11.068424702536953
11.105761898305378
8.6017078010733012
11.238401972662954
11.381183237324224
9.7854471613246758
8.2402865931010059
9.9493577817923171
10.52525244001551
10.52967295770401
10.336654962219962
11.120984791502801
10.519093579041304
11.562258575871276
10.875425117112329
10.540405878072612
9.3320858328995193
10.153576311105848
10.850067632600135
10.097869834393171
9.838879107947335
11.16296810454922
9.9733476968041845
9.0820922209807051
11.249053464056242
11.511772915182275
10.587738195368082
10.45469370730663
10.192578383790588
11.632857895903589
11.20510108325271
10.730354240724076
11.383596615845663
9.9500199975934489
10.470494145924803
10.55638380099519
10.063982318888277
10.068787628736079
9.2139068696502235
10.951439180225558
9.275226610860015
9.6582332937741668
10.215125167915209
9.568557858479716
10.57313009976969
8.2263677892489948
9.9577042168228243
10.144538251972651
10.34929692391076
10.327334717857257
9.363811098875841
9.8985073640801371
9.3810917910099985
10.522470633255239
10.936817021126773
11.622752040824947
6.2209295460467962
8.1168362490758863
10.597862445330717
11.140092504374591
9.7950354897408545
6.8050087030783599
10.377013046634328
11.034405444301596
10.116383756618793
7.6973917266737564
10.582487807940476
9.8462076907784031
10.878296585352478
10.102959257998876
11.533672784963004
11.207064815733345
10.602043965428193
9.7343295546366075
10.145758181226334
11.132434448811798
9.6746582691052492
8.0188552684839358
8.4948438742722949
10.611563612699927
10.917586241488435
11.585745151759129
10.770434982018051
9.8634554149926643
9.0081385202816424
9.2719999954448351
10.341501218881607
10.078907861150093
10.415704756626768
9.260475159315515
9.8865668180478323
11.198084179948328
11.319273247349658
10.144380936338536
11.352950287936251
10.726596247244654
11.391740710557592
10.230866126428747
8.4027274377191254
11.110986614674239
9.2277515127946028
10.230671235907204
10.18034537006247
10.800864432524744
10.81854065989261
9.5692619013500746
10.813230202795665
11.085428796053877
10.102565589576766
10.233616463685737
9.9396458839173594
10.348950812395586
10.068862347986553
9.7343385156575657
10.298952388640853
9.6566083083881527
10.084690782467435
10.9131688656908
9.7088852741472369
10.113347936229212
9.32662604608708
10.87175611732898
10.369271182175691
10.765476877553734
10.746451934488141
9.9236433079068949
9.9546634627915136
11.276583101128507
10.949900446811547
10.011293749621162
11.227861556465326
10.525845944541322
11.331430047347741
10.890206049681799
8.8829397571456852
9.9455599701787669
10.921052372288925
11.39373527844557
11.349755479328575
8.0005506625350886
9.707544782976921
11.368179943832267
9.819251041067325
9.7772565732194572
10.954936815082858
10.580980704477895
10.387558894852424
11.212760063935793
10.770056568134727
10.009614077998053
10.044379615923624
10.985140444847831
9.7515321854803272
11.014200411291124
11.360532314721643
10.377267185546446
11.168822190673954
10.774807751768801
10.265830530523727
8.977180639755673
9.3705179108792471
11.320589173007704
10.32712581011428
10.459459179560648
10.870036220021506
11.166008008847591
11.228647528689956
10.811568173290022
10.593395989040628
9.6597028841821917
10.56036853901387
10.303097935380558
10.841652244545706
9.4965933504054334
10.185582807359797
9.6173574981745436
11.133930699717169
10.87600869373304
8.4891036440018031
9.5000056019371222
9.7971830974073271
8.9797633142655719
9.9832176339310692
11.084956830105588
7.8414929216826232
11.206873476198409
8.1390263343521596
8.9436052935541497
8.9083377995917257
8.5144809931613317
10.979468126873092
9.221664615941501
11.021875393320306
11.0171187365753
7.7380312586957709
10.7463220642728
9.6421374826712096
9.134758901872539
10.070448781649134
11.098738055392028
10.898935708822446
9.7673611906192761
10.186504016246749
10.989367078118176
10.291996182272051
9.2118860133220739
10.167864025096206
10.761551375179629
10.677497712468119
11.187038844390244
10.952603576145092
7.2785934544281909
11.038152627294407
10.641606188104456
10.417963833240155
11.019381753103362
10.361488477024071
10.794216523811109
11.24960151218839
9.8816404136685101
9.8943747743983135
10.47968415054571
8.653288225855416
8.0123282974004795
8.799798795610748
9.3595445137734998
11.242381471892571
9.4987640724835476
11.296742519970515
11.102869566815329
9.6463290438706402
7.8687688589005669
10.342517872869074
10.758478402848697
10.890961695398156
11.363001691738843
10.626731172186185
9.3600703764115405
8.6034683144856903
8.7147486599110255
7.9636042007913055
9.0955131859972873
9.6615317018249858
9.6877512109644961
11.276469046148172
9.4111330733400145
10.727771678649452
10.339607599459825
8.8796260333761783
10.793493510371908
11.212623469629781
11.514952248586059
10.686053238300275
10.878131313222328
10.868892411073615
11.015541705400178
9.3856126648749658
10.240132707898317
10.692694339561633
10.956919324390107
10.732811973474599
10.561887086278841
10.616111707547017
10.57914036717607
10.000369932299082
10.148691735683995
10.18790091887208
9.4802026433711415
10.338659700833736
9.815401406124451
9.8770181800360408
10.659838788270251
10.29880869195658
10.318082896310138
9.4734580645089697
10.283634110824105
10.612291015384661
10.257336592739549
10.826574716994674
10.707723175148935
11.405867425157615
9.6628396260550051
9.1570901469649328
10.360550853361245
10.688365943815803
10.120110863050021
10.006028672774573
10.379111522358354
10.95944228105377
10.352198650250678
9.7618875759252735
10.901660959743138
10.191151715218442
11.291751392107541
10.361048454873449
11.192493955571338
11.252278559328749
10.648924073406882
10.369541042825466
10.097665932251365
9.8294216090728739
10.672145230140144
10.895741136848617
10.460822612837603
10.800163986356003
10.32374500535121
10.455394866678409
10.187523640533421
10.241016992644363
10.27020425565296
10.30415267656536
11.514715785262631
10.414395377653946
10.513281533174675
10.620174478900228
10.36253868264863
10.858790819133922
10.993393250378773
10.335708043064216
10.913737471578932
11.180047682694509
10.121385919586436
10.659944621165939
10.244532381445097
10.130352388424322
10.2639198859428
9.3521084810723263
8.8525560790753968
9.6148519039049916
10.343639360015377
10.015975700572351
9.9525203526324173
11.242110476729875
11.16620757632273
9.9048655651203283
9.4804458286821163
10.132835627816819
10.222989154037082
10.39009342349703
9.0548215704636448
10.94107121568902
10.1485350023645
9.9339459863883857
10.717604853111869
10.936570976752716
10.521423978160479
10.816038818385373
9.7442006966214993
9.6734086749747696
10.955005909271627
8.8567088914390197
9.2219847037601603
10.047614175849709
9.1984059752931753
11.275702222611683
10.695289892205066
11.288564965095709
9.600658926495413
10.734742165398274
11.592467620439779
9.7594753076309129
10.60339398132839
9.8720057378075623
10.745054551945676
11.27491157996216
11.176932296573961
10.733426666161177
10.611924998171881
9.6594919576234393
11.07071783319941
10.327058951968825
10.282931347734678
11.083928140076287
10.016878827012462
10.293992714688674
9.0935451708495609
11.355252330833196
11.077057100609997
10.540106299010183
9.4768103943294282
10.29753898887799
10.13224478714065
11.321554677121894
10.978292836520824
10.239966282818816
11.459559459757529
10.290228712690205
11.092486987826181
10.876678786375258
9.3843183037225888
9.3147224724832327
10.641528844115376
10.590357937036011
11.366816685048949
8.5757378979881533
10.255291281076918
10.766374213716144
10.151731972500052
10.188880283613582
9.9302885980966487
10.271020944840854
10.476123029961146
10.844382731104735
9.2886995767375442
10.877371409696192
9.4383556526191743
8.9768520083645473
9.0743305571580546
9.1412187619266625
9.5275869717855706
8.7636521380177754
11.519799571066336
9.6863274193809552
8.5956267976637832
10.857051875392731
9.4988246716402926
9.3864903936502717
10.698357488217038
11.333974614203662
10.443178661499685
9.5184312696664524
11.289293764671095
11.514425751197694
9.53031241546263
11.093275876632871
9.6095490935223928
11.37861814086396
11.158266034721841
9.6963493857094285
10.57180650512182
9.132894281038725
11.017137924649738
11.506158391633525
8.4409421866557075
10.197437940463598
11.044172742228865
9.1084118711977684
10.313407617159108
10.443914724405893
11.049649789243661
10.018055444226638
10.044682741304502
10.019892307902474
9.8210740627664403
8.0023607547847444
11.33774805992508
7.7906831631365607
11.511700595082788
11.453241759553281
8.492220354774064
11.016595284668783
11.227384146803036
9.9340794421798986
9.725639859705673
10.571254537643894
11.252450601028501
9.5504496221272781
9.2827020660316002
10.058964990870978
9.9159600631617995
10.785160417501105
10.456491477252365
10.237729691793593
9.5348318920087234
9.3623021519954257
11.442775284238948
11.457340690560805
9.8605413106957904
10.150390729087301
10.417942953477539
11.434766204063616
10.629351543135165
9.6935028161515095
9.8307444211377604
10.567000592394411
10.967736229461767
10.398482036287623
9.9681175489512182
10.000760801716686
9.7912416255375696
9.1128734422999766
9.2292118779609797
8.3831592199599232
10.307082182783857
9.8080985499952575
9.8030077946283054
10.408380918842987
10.169388117489454
9.6043780437210255
10.447279149229839
9.7047870626371928
9.0155055173314356
9.3125266036181689
8.8437509872344933
9.32759561541741
10.18633805856105
10.993585932285145
8.0817536231965867
7.7268988726892367
10.982255352901344
9.8485860744089084
10.430864411035522
8.9317485934460095
10.548393432935518
11.538070951247487
9.0738534592241855
8.4313423963334326
11.242467926803151
10.418191791328399
11.033185911193849
10.067699820399852
11.354440163413823
10.836488487775318
9.077427163997438
9.326954574074902
10.599339630569121
9.8839172979978667
11.13015615190619
9.0427545254675081
9.6810645298070153
11.335696755749947
10.514999926327375
9.4990749034674202
9.2661809346895918
10.252353984757104
9.0681801727232223
9.7068108319442814
10.365706300341195
9.534768008781592
10.469187679747515
10.362264174818963
9.1894844349122717
10.533679325024783
11.102964143463263
9.5000827484281185
11.030342019274944
9.9639753216094249
10.72494139843262
10.493125598078226
10.317452670379286
9.112068966661127
9.9696555923001853
11.049635642180782
11.069426669223056
8.1525560162762822
10.552356019546108
8.7384778046366307
9.1308509513020155
8.5045211131307479
9.2840499597231343
8.9498183250816172
9.0235522729522248
11.378276976410287
10.028983140539546
9.5171440501585742
10.61969708556366
10.488416933214346
9.7280188318998295
9.3258908034515269
10.726257679865611
10.642934633688808
9.7935332458465236
10.969111208870926
11.439761663182271
9.9660983306535194
10.821085757038814
10.077235494407086
11.579681879907204
11.560063789953153
9.9877909560007332
11.116012583207999
9.7810546832344158
11.464501003662292
11.495870749845263
9.17210760710452
11.049911876991906
11.37306111439379
8.9231088065566961
10.153250515441968
8.8643371700088682
11.493960383507746
9.7282804401610967
10.166667853977808
10.282108140261405
10.312565313544482
8.7057951799151034
11.259215989732217
8.7606277789304254
11.324971452285386
10.891222184420354
8.0064233995664669
10.793891731344099
11.042097012013508
10.068131412105155
8.2632783750454717
10.975926141442365
11.464067436930753
10.567144147940986
10.188136112441013
10.498767935243258
9.4846896770315876
10.75856152406077
10.540062561900479
10.179807773733542
10.429559174134168
8.6502007338253346
9.3677073706021776
10.32702528252215
9.2547496932555546
9.6440717581715081
10.093046231038537
10.586085740026505
9.8248954931717005
10.675231975256967
8.3461095417814501
11.311723119985116
11.212330233867423
11.095108440569634
11.447226295104556
10.476732405624483
11.101968652254383
10.595664323846771
10.888065085342925
11.160353397457087
11.002194891077622
10.321016450318975
11.085005350982431
10.768375470350135
10.457517094588265
10.44721040058011
11.072032798347747
10.944674404510984
10.656711213826329
10.669511534400943
9.4061556132129081
9.8707039000985137
11.630878084236466
11.629397229283201
11.129504056609996
10.012726659548385
10.753434909653897
11.591870505625218
11.117186513034349
9.5645054183541198
9.9457509289091188
11.633847504940038
10.249556195171728
10.809344158125606
9.7768289245768862
11.484413917326615
9.4656072650337535
10.834520102193762
11.35654057109492
10.742403350882539
10.63874223782709
8.4221492406937095
10.827099023357345
10.612304295338708
10.978750761430048
10.341367255768262
10.661489599421246
10.33839669875444
9.2226765322657762
10.611837816174898
10.685258380350522
11.599542286670919
9.7462346469340719
9.8074409463636307
10.803639811872143
10.78757918702015
11.595225417614001
9.624656623454003
8.8197456623734745
10.025036360313836
10.643119362978117
10.588616811420707
9.9864284639304373
10.574871497461599
10.400141612532568
11.205850045631369
8.295647156894896
9.7421003884709201
9.5534527106109639
10.322278602244458
9.566418285611757
9.65161766629077
9.8514042848289947
9.8139350551654108
10.331949208349243
10.049539853494331
10.034814487927349
10.151767356055052
8.484040076492855
10.477870861147903
10.551810920203119
9.3449196814997144
10.822267842393977
8.1300253785675594
11.240198255187925
10.282462380503526
10.445855538597739
11.068584998294694
11.120361291974552
10.751632018212797
10.721013271358801
11.422167954621949
11.456076133690797
8.578191903953412
10.450566607117523
11.008723601450853
10.460964899067662
11.155418031258343
8.3651290438612094
10.566075691918206
11.143753913142724
11.078097942304558
10.254336595910738
11.423795876250155
10.566115223902225
10.907478449833246
9.4139804702916834
10.309748363471632
11.110511342806937
9.3863452117432047
11.137796654446664
10.491648198490788
11.120317685031994
11.455879783575446
11.108233448962073
10.036985267302246
7.3615656791820223
9.8695982584774331
10.45322912101803
11.120157431263797
9.8708424707701408
10.011342105584349
10.831110188044736
10.262577729308438
8.7021190186548765
11.004851248470093
10.851782107248193
10.465092983728667
11.170769460236212
7.0536763961124658
9.5463823218118051
7.817943491490321
9.9534215338495926
11.556461756323692
7.7818767183726738
9.4220572441679344
9.7317095547236718
8.9937723596918762
9.1356750325320064
9.2784677865110545
11.089148535087176
10.811591161139198
10.748072153177633
10.762422727757279
8.5067443703394794
10.961597096234309
8.2867261834405994
9.469316454226556
10.223379105832976
10.3676009038369
11.004251470906675
10.028581304233942
9.9236397096801561
10.699657372484662
9.9363506295473307
10.897863614073962
8.2415140616630236
10.482207631657374
11.304742962889181
11.14428235809067
11.540335351346068
7.7885631586876416
11.054985116395123
8.7237612239065179
9.0038459127663426
11.547708321345674
9.9828232772535799
10.085012140436829
11.420977476567957
10.589855475735835
11.303045771720921
8.5957804103691711
8.174299510759738
9.5610315014175473
10.073827975321816
8.8535977481766448
10.78992778078578
9.4477956912292758
10.913250574554569
10.759682012830469
9.2788192927219058
10.201166047789426
10.923251375056184
11.26043277961741
10.956372365700787
11.30456072477079
10.935809634079645
10.424636864322252
9.8874048628730229
6.5928996917064948
7.9569964672432345
9.8826172614846559
8.9779020182371738
9.4973507991190438
11.137052700556861
8.0092047295370321
10.251417221333792
7.1596977141211493
10.285884924034296
11.440823849834194
8.7566498764941656
9.1470701076408023
10.429756780361389
9.2879427680534583
9.4495890779823455
9.4114911213569243
11.063267521876609
10.678783735761902
10.156342573603641
10.427137322599824
9.087980914380239
10.338481437005868
8.9181611621224093
10.218057427929796
10.560227649464119
10.348518339718739
10.504328006923854
9.3058547373593861
10.791066687899285
9.7610226452664719
9.0028871591135768
9.6890241313499192
7.899499985478811
10.236361674758962
11.376814552059871
10.74651965011164
11.452545635917026
8.8902659956774652
11.003019844303028
9.6092722230349583
8.9455512662860563
11.4116636205317
9.9159587173291364
10.105981581555168
10.857961435441965
9.5430258432877348
11.498460741242772
7.352776898486975
10.028651142239758
10.368983875953804
10.158321888694106
8.6638313382965801
10.09485396894236
9.468084055563855
9.7992648102162825
10.806830724566245
8.9703220457965269
10.831722547345276
9.4173196478909311
10.199397532996766
10.970784810704611
11.232807690496955
11.128105772022282
8.9861975557967675
9.9105713675543896
8.54060162736309
8.7569618488732175
9.8840102818507276
6.9574764138751428
6.5985932909333735
11.032321534375114
8.8567649767788001
9.5725671765446876
10.188214152695629
10.349166507072303
8.6514505453020725
10.388978687395406
9.1208055735568578
9.854728830958349
9.3758585887729247
9.9699618096450315
9.8484523886100455
10.255262412982265
11.116206256792582
10.246194695460884
9.1326510478212626
10.010080649733338
9.9920633293580199
9.5294397138902998
9.8935828922934927
11.182391900489892
10.32695954738465
10.134294542827897
10.670235739938356
11.09440293762249
9.8022720609483898
10.247545143743706
9.2820968506046153
11.633828913171826
11.576090538796565
10.394594801833062
9.7430796814731995
10.712575310348161
11.609566827302647
10.437608528426528
8.3448490772177983
9.7353564230540695
11.63384133894696
9.5437167765069955
10.47252681219325
10.902366779147567
11.390518893940694
10.098424509618047
10.768958247688227
10.714598282386945
9.7200876955588864
9.7734433317329295
9.875925342043379
9.5409319401676509
11.069817492338457
11.577913416876624
10.017257172657443
10.369616455102049
10.772214427332779
10.428554865710726
9.7330822274022513
11.100292422257262
11.513265643896839
10.024139265828653
10.916719847258168
9.7686264593473044
10.593569956145112
10.496026881502964
9.5938219812098762
9.5504874716748098
9.4708613463186762
9.9927994789227537
9.9325221237561134
11.368544564216354
9.6555807212760385
10.365760133889028
10.503948442294121
10.4476943973525
10.420871739036256
10.475308280064247
10.695870269497753
10.524510108650377
10.561071850935047
10.995170522491575
9.5482247416421533
10.722119759921556
9.8389891726650767
9.9738747898426094
9.7424242206940495
10.247371158037168
10.823811724707125
9.5587124849628626
9.4974645430623426
9.4745068581298622
9.0623908517836593
9.8131173856974083
7.6527948922647893
11.221136484790893
11.178444847222032
10.664445799671348
11.172604204721313
9.1572771152919898
11.563657315206354
10.142256012924809
9.9356229613325766
11.206645033263733
10.995822654985808
10.58808880741754
10.50644272716108
9.5755157903329451
11.152849372579293
7.9981044356483553
9.437157942381079
9.8688530743997926
9.7753015857928087
9.8209361030475808
10.942535037326335
9.7565862187755741
10.509936428606407
10.879743191710482
10.148606311131262
10.357778729836907
9.1065712452637477
9.848487377640641
10.813111522912999
11.290964911868002
11.001624107878266
8.3907450007107016
9.7331347639428039
8.1881713305477088
9.8382789799333015
10.163625054061189
7.4671315018496518
7.8704238073450803
11.039336082299148
9.4019821841615485
10.871919116240319
10.513733020557481
10.234597471467401
10.74947487864895
9.9068021330681901
9.6876547854132369
9.8726047500553555
9.6677292459229118
9.8238136731260877
10.871870534084247
10.374737141655185
9.5965647746931122
10.648738526347627
10.576609844520188
10.319305427138451
10.363068358608269
11.316094862761981
9.987253678841375
9.9178663993628842
11.236153394192632
11.165662497409597
10.430034768741693
9.7653559589905683
10.906643276914972
10.641856262475201
10.147277078443423
10.448401690910275
10.023316146958376
9.9383029258563411
11.462416758826922
9.2008472623134647
10.445850910665232
9.7254201730164258
10.055317066886014
10.706968382950452
10.347547321970447
11.264790305479107
10.339784114597334
11.372514731851487
10.678090638204154
9.9369384210737355
9.5784994078659249
10.250121357605973
10.251501919894601
10.944013769701417
11.453253751273722
11.409202273426661
11.087723310184934
8.9245246418632416
10.926312769394086
10.04765646464317
11.059608518539854
11.20605545772117
10.530232064602062
11.349349020417101
10.04933396265367
9.9562347574004999
10.595145556463704
10.119545318029067
9.1528389259434881
10.190140026795451
10.034776491188946
11.299902953734135
11.005718412035716
10.452582219113738
11.243472422772012
10.824683304754137
10.821227372332499
11.123791488367482
9.9261554236094902
10.78746457700209
10.203550817368743
10.053921659755289
11.139935773477042
8.2563461997518335
11.250711796036549
11.029541508695971
10.538597039195825
11.241361385224371
8.3774038525251946
11.323542112122214
10.483137519444794
10.527042161169414
10.602119526111922
11.131205828434936
10.840788666796209
10.976998820123214
10.971273567924005
10.753798757950255
4.1175519300722394
11.553926362373351
11.465627012851749
11.32979020098715
11.094557609886486
6.6254394432456909
11.16223503642966
10.06898151063853
10.243777719478528
11.331180307372255
10.599095192733762
11.154419658836366
11.533312616057522
11.103286551550781
10.849586121238971
11.295218425371882
10.276631493818913
11.429318774450161
10.571120840850735
11.400640912758909
11.406497654830718
11.334012360998667
9.5935115915099729
7.5381995425833388
9.3043679522310914
9.6453329027103809
10.387826750248315
10.683778888176331
10.378501812530006
11.542191654821075
11.474586617859176
10.866381783280108
11.474937273249628
11.497017875477825
9.8343710037314338
11.377183832031868
10.134118086168822
8.4835551896413737
7.1795914940744883
6.4041132250854576
6.4586674649023843
9.9390450778546526
9.0002484261978193
11.00387725034823
10.253300197023639
7.0292585598745294
10.097878135556652
8.67169118822701
9.0275903908827928
8.2750139867515404
10.653620968867664
10.368892205843485
9.9135162652738487
10.550872000976888
11.131272693578836
9.9790740884769882
11.075687970778302
10.227757734883017
10.247733659371166
11.090039158147166
10.901462650876793
10.854148551895353
8.320482825193853
10.855852471975521
9.8448440139337166
9.6447359970196818
10.932841007438697
9.5242740009934401
10.098666662465524
10.937034824036777
10.985963778971849
11.594992825360581
10.174080888120674
9.8002100228132196
9.4906722946713433
9.5012741934072888
9.4024913111554724
10.544177799685675
9.798452771508483
11.045834781850411
10.769610328956047
9.9281473182824005
10.293640602553761
11.18803066264184
10.719155574736204
9.5290201058085486
10.857412721439914
11.121932028690258
10.19643880396519
10.44973370435565
9.0710334694866024
8.6616411897342473
8.6972481968657203
10.213583290888456
10.354127376541944
10.597201737231767
9.2966349465318494
11.059440690566012
10.701426718051762
10.611491871464647
11.072753429159709
11.032946600503166
11.329006537575063
10.921136150332948
10.07796834310845
11.058673592498035
10.072171762894436
9.9150207162091046
11.09064485598291
10.382299464815599
9.7714546213979929
10.689523600500518
11.335477634032582
10.106471793024474
11.04092657248605
11.202082990591579
10.583686769635245
10.715042379628699
10.40051277432371
11.453293727735215
10.224781157210428
10.616257232738622
10.703779769394172
10.853026680888728
9.1277227598675221
9.2419539177702781
10.653752182194198
10.631104335895897
10.51965330808347
10.289765167825534
11.228872777548178
11.066204023988282
10.463546234488891
10.593866175388953
11.326218487838704
10.689823004103882
10.417252573680623
8.0269718800870784
10.914319579754023
10.296437484740746
10.142486330136883
10.818545574397813
11.06458916813907
10.962873404870948
10.492256903649498
10.984596296082421
10.145173757567601
10.458894910676618
10.520373895511586
10.086617372566376
10.334995460937771
10.000614838883321
10.818006914584338
10.128867966119833
10.144633833861425
10.326411172682528
10.754284463186455
8.1874102482602069
8.1840617694234457
6.9056779987092769
10.171272373460033
7.9077455741646485
10.276515655089044
9.1987686545791068
6.1666336957879331
10.269837338586441
10.252412946048587
5.9636533525553999
10.956268632686047
11.277835450152454
10.705795696095418
9.326549169857536
11.24270877643767
10.282090131737531
8.7097451410343751
10.427118602642944
10.284034841889586
10.152817361886527
10.580498772489864
9.9929633705250627
11.337260859479384
9.6892408232375313
10.264301731295248
10.49917088370265
9.8294790980176927
11.134463980971216
10.623462538891079
10.003314087693592
9.7669273336030109
10.579432264817443
10.879149563960237
10.87346001965358
9.571690420026318
9.3676682964455171
10.780417522087086
9.1500983639232043
11.107431044852296
9.2212098557687963
10.430114261841444
10.799855665760282
10.018422252284834
9.8489267907024534
11.084338692482632
10.610553069937474
9.9247323916185977
10.976492713322628
10.7327467024794
10.101201085832106
10.362410545728062
10.269205291757981
8.9642362466335541
9.9396134011950501
10.902929424914374
11.103167011508662
9.5219123641427572
9.7603650237654644
2.5237051976333102
4.1520128730322252
9.0990673123024788
7.7732648667549951
10.654643327200615
9.480302935670478
6.1510471959501949
10.364995986706131
9.5352811150211156
8.6435242141240245
8.6332231157415951
11.165488584116579
10.323997324055952
9.7746858386610675
11.229812617569774
11.213995155950951
9.770097345899174
11.023983032713776
10.318624088305922
10.263753974180998
10.774074245058761
10.210011706036378
11.073223011413976
9.0185549782963346
10.998585535819533
9.2013038240198401
10.06805206846434
10.775536498231711
8.6267763098671377
10.31249779093547
10.588128262584064
11.367861167625602
11.36081094647219
10.666352752976652
10.549615602140371
8.2199470225411844
8.4273774355899747
8.9974446171030404
10.780677390146167
9.5802503988483902
11.242400849742394
11.116211442126346
10.121173945411677
10.194363051960083
11.296734149497912
10.243593491284527
9.4665881933192235
11.221991819908341
11.242156925424256
10.020911672848055
9.5656861196655658
10.179053915457734
9.9364728752333171
7.6194567570880203
10.467156547866214
10.43114865418147
9.5458951084828936
10.13185392113248
4.1179093485189826
8.8853715169733238
7.6791998045406942
10.666126768590651
9.6962382641518126
5.9966728810730237
10.164398877884691
9.711751822503178
8.828269316862416
8.1554879688072326
11.26528543037413
10.101660528359899
9.6210388820542381
11.322744734649014
11.226052138198613
9.6222451714181947
10.909481270007122
10.549116620641326
10.221109372429423
10.702168226183778
10.434516928890369
10.854233934471534
8.9413208044045529
11.059935641386296
9.5470159677189042
9.9349734348503453
10.549714977388772
8.4938877939238147
10.329086363815449
10.593143873889703
11.450643545971706
11.323192417283805
10.821901867855431
10.583933590679518
8.150084817918783
8.0480227598393554
9.3514879619901574
10.847248434680214
9.7611041406931029
11.211411723141341
11.109493659537867
10.267212818490545
10.125678068318686
11.3419347309537
10.424768352518065
9.3842053989046992
11.185808245763322
11.259958631142648
10.30758140572688
9.7397444687532424
10.182352317057271
10.012034441309627
7.5317166599216367
10.456168185639104
10.478615127606618
9.6097607416505912
10.267639554477924
9.6037888472923569
7.0187994040755992
10.15416516885475
9.2211205013784703
4.7238722693538051
10.33005317647017
9.0345067823010794
7.7175118401116611
8.8831994012072428
11.192680247409081
10.362655666041551
9.3610892485711794
11.25206674007125
10.693482758735618
9.1246943181241793
10.910328858356781
10.70352352060117
9.4004607743543502
10.787010110343383
10.175909051198193
11.259393133934031
8.8176975148464667
10.111370053063817
9.6194916839701996
10.363301363471432
11.02680936839228
8.6796725951844973
10.453176319424323
10.142341689037744
10.970191377549956
11.449477714844161
10.849692874591073
10.085342548174889
8.5776962126732066
9.0425994218104773
9.5486768683455008
10.988432787403301
9.757947578077534
10.543358224527161
10.666605826082407
10.521880945553782
10.137395583740783
11.367714353251547
10.325344088225352
9.7687646517347755
11.117354607791185
11.224952221397123
10.075845272109826
10.173110315284282
10.067877606681002
9.5440527155770862
8.2127955492334266
10.637072845467824
10.797322951768965
9.60300053864019
10.293537360400196
8.2422438326588203
11.10870483465143
10.098164100670598
10.096017766867416
9.6056694754931513
11.09451380969263
9.9749607524534945
8.348266678191651
11.203627038916382
10.237751375980814
9.4118748719869529
10.916761569225196
11.047291811574155
9.4136133931466688
10.49262818418604
10.760718736560548
10.456293634507473
9.8198104884877484
9.7879422277846082
10.067585458205278
11.154147056054441
11.074684766798674
10.942197646205322
9.149724203277998
9.4467117491460257
10.182142133784748
8.9298251700495186
10.028677852883265
10.594178041731769
10.220117100452022
11.018362516565984
11.37505881721548
9.8313852877294572
9.3093726895394475
9.6064637063573137
10.512016692867091
9.7150726748525997
11.385708557738726
11.199159569533796
9.9220944488998839
10.659703918142645
10.687252518464142
9.2443228940766797
8.0181962622737526
9.7438875604890782
10.718615879756628
10.401010372789814
9.4834138828331067
11.27876228640463
11.307921731862292
9.7918808602456906
10.990683332037657
11.084057335395684
9.744783591092343
11.127477262548711
10.369604025284989
9.6408313116937041
7.9539471745861441
10.889529785946067
9.9714863538026073
7.2239709133131562
9.2835126529138616
11.341274831822906
10.388538770992334
8.1119738813746931
10.930688979859504
10.011968383219155
7.7780509352031553
10.012208243553305
10.093876051737485
9.3550860992146578
9.3340939677631791
9.7965323362880365
11.098611705145455
10.20540196871135
9.728227866894315
11.146712494732656
10.259338982166764
10.660358900023965
9.8951980336132195
10.316538651528019
9.8231864108581277
10.242188975822968
9.9174585616995632
11.055756585959863
10.399869699921501
9.2255813922349326
9.4292792023528396
9.1142666251401465
11.149891344520274
9.3125524943952893
9.6204573923654451
9.9984848255968366
9.7365109164667309
9.8802277003258627
10.979134458894418
9.7412148871034177
9.8741470813477648
10.615345272608769
10.202733675353629
10.231788424046675
9.2993648062858547
11.019369875933469
9.7965702322716517
10.145706566694656
10.677067618974638
11.066476855004987
8.8959392812383644
10.482782912502627
9.5438244759104975
9.9004480155498058
10.008486807644857
11.132547078524182
10.071736816079541
11.093561082452931
9.4811058922678058
9.469101226811043
10.032967836223465
8.772968019697295
5.671373234688863
9.5735322827631002
9.9518684135810975
10.269201385494707
9.2939416945631343
9.4228002532426647
10.545297859703197
10.209685095696727
10.741297782284992
9.2200117425028463
11.064454577712537
11.115837442419858
9.7678578497042352
9.404071309511183
11.250227886391382
9.9046169024405426
11.159081212140507
11.319384411164236
10.059610373283725
10.529987225611546
10.039697838815659
11.018928401182553
11.524157877201375
10.365579082111953
11.29232083266248
7.6474914627986843
9.2927903828460767
11.53655819116708
10.761848702123363
7.7510344349041613
10.270600180896881
10.727820266772982
9.1249872415291282
10.972061532064876
9.7061770952525706
10.748297667045026
10.706277484563385
10.649930416710665
10.489204162337753
10.449167545317849
10.423518926631679
9.5942864024281516
10.302507410556069
9.1745151322510328
7.1743399797821041
10.659890090821683
9.0765324406692205
10.802029157066452
9.7628690892289907
7.702096394738474
9.7906703922478329
10.454751904127372
10.210505457821435
9.1908789785614342
10.727797196008567
10.163150276813074
9.9052402786597558
10.50300586578215
6.3292169747144076
10.013641095202763
10.346331551719446
9.9102400138408289
10.735705297281832
9.2110870040542583
10.066638001810228
10.18048022876636
8.946929389204124
6.9033425959007495
10.665648670477218
10.767897116876556
10.607106102721707
10.684025736748787
10.558468514468551
10.843993924709569
9.076787653099295
10.986112838427555
9.5522112780288175
10.008459693811504
10.08056618199933
10.143172804630098
10.907988316272103
11.384719996920751
9.648302800934033
8.724802119402538
8.5213439387103698
9.9458093238089198
10.272340845920256
10.790443698922742
10.241120260719981
10.283554049494398
10.723107763304728
10.544257819391037
10.361247475706531
8.0818128298727832
10.161202475773917
10.437465789171405
8.9333033949987897
7.221595933403246
10.03426809380278
11.32379392007754
10.399886409107234
8.6809757906895797
10.906699354467833
10.302376563478006
8.3722580432051554
10.843117031645654
9.6356458847587838
9.6907133263420544
10.676166457151382
10.074266712704354
11.183292941143385
8.1832307290717647
10.520833519415692
9.9566296758496229
9.5954098118340152
10.737852027568938
8.8065208702069349
10.197476572331558
9.9989059685313908
10.617894693070738
11.410246268631221
10.387271149103263
9.7815403372078116
8.221227813698528
9.2452006012717671
9.2615950910721274
10.938780743616144
8.95355631897122
10.565393401759694
10.924689336123924
10.151638576599517
9.9910979332095344
10.953711653758189
10.250864242437071
10.133620763741002
10.908900495475031
11.312422671144907
9.7699311470604808
10.260638719857283
9.4243587401201623
9.1276942536078192
8.3296054909091612
10.287536978171049
10.510833020149299
9.150774626309147
9.7109246767010475
10.954848198279443
10.801276562629928
10.454776943840907
10.761416802634221
6.4697412781261363
11.053523456156988
10.700375235071505
10.113249241134586
10.40495212396641
10.618961997515747
11.038290701686863
10.441198525435221
10.504728506512713
8.7947400717822788
7.8007556771478281
10.676756270694396
10.503668867263809
10.658134345733313
9.7715672275250256
8.0947069601010604
9.9915752670634923
9.5794512085705197
8.182653329468712
11.091683159838016
10.868294835581077
10.800545578999822
11.161851088909705
10.326121201707073
10.814854981156891
11.063812649059766
10.435975886684082
11.190945245186713
10.028903137983894
10.520878534324375
11.339402728412477
10.686760110056087
9.9893310104263602
8.4108458420140408
8.7035758648453179
8.0351251050265429
10.361747509433995
10.687164029124924
10.788283024955746
10.600238536684346
10.676183610012075
10.01704054106971
10.68832759434064
10.589701182722548
9.9530618078174928
10.942489938364753
9.7179497818034299
9.7888592053767844
10.260472133095135
11.246138702547617
10.17965103222183
10.689568228202637
11.068705898358349
10.261724361719336
10.639798501104032
10.403361820839221
9.6470891047952776
10.949182211848893
11.04315630864436
11.31008810755743
8.9085032979449394
9.3750601411081984
9.5833501184802152
9.8003105175009306
11.43695724629494
9.2955169886608946
10.265418158819442
11.207356105369705
9.9503120917163628
11.451484098539874
9.948756828334572
10.402102074331829
10.619974031019556
10.162035629593694
9.6354748811155435
10.285999617450646
9.1055668180293967
9.9893768029199883
10.187892348855657
9.9766854729246042
10.534356089781957
11.522569076113367
10.545231718813911
10.971923719435848
10.744403508910729
10.626992901206297
10.832784061825684
10.498844749294454
8.9635215286873375
9.4103997257007705
10.133366300636418
9.9277948910420566
10.134855764123261
11.08143185062298
9.7755831892490281
10.57997005879332
10.737847766237598
10.772511790182248
8.6136717065752997
10.57790436132958
9.5281959024665905
8.2794040839924676
10.30394706807869
9.5532625097475883
9.5353005636018651
9.8128718549936718
9.5257688772413509
11.161196443891694
10.419048613871691
9.3074145653397178
10.680078972191563
9.7611487784925632
11.083951274024583
10.223154451696711
9.9722448516784858
9.5939773062473552
10.876234656539149
10.809172101626674
10.130132516689013
9.3367770354477138
9.7089385320412127
10.726385108483022
8.8382076142425099
11.199342271465218
9.1310211154941019
9.824501241207626
9.4527289398289156
10.044864892730352
10.365186556702934
10.91304930053119
10.817980757265426
10.133096638671219
10.426274483870973
10.108602731742565
9.7348193592477656
10.231073261667987
10.15395932655716
9.5796755234813364
10.849874607632328
10.76703695042093
10.939454163454599
9.2415481879905421
9.5114915805533542
10.554659759908864
10.304743953805346
10.943492751651922
9.0447134581056066
11.293010265657985
11.197019264411962
11.196364903795264
10.653496544325574
10.264720671486451
10.570267509007527
11.416089686592839
10.667015942888598
9.8921191206471271
10.971590153015981
10.34815608559949
10.832759286563803
10.243365084856331
8.5957337860264662
10.921351575527996
11.188215068660655
11.103898871788763
11.325818767454466
11.035823078774904
10.927542242719873
9.5055695848998614
7.0853528399621153
10.271025340662121
10.953801391246786
10.99197734129578
11.152863929483939
10.844387572818233
10.97654596506132
10.647610290161557
10.855731319241269
9.6856169126216205
9.6154459753306547
10.873635146921636
11.519451125900424
10.583104349473906
9.3531016665972526
10.380521664901924
10.588954741507205
7.8220304948996073
10.966686982910936
11.016325569644122
10.198556634921385
11.120906047789624
10.647617287297493
11.320760937750945
8.7557159510734088
9.7502097100065868
10.913002510844564
10.605692255744492
10.991433882536787
9.9703075125641476
10.940915660223407
9.7022388274058464
11.208252534647096
10.74114271860282
9.1026934368658221
10.743319620091798
10.989639848208189
11.124941419536572
10.726920262522336
11.056451370210276
10.170121938823542
10.727138411151117
11.1477274274836
9.6234976567034565
9.5093873475141262
11.178531943132821
11.446291936802929
11.226218813589137
10.632305119113411
11.34231649490968
9.2699895968625583
7.4405709049210795
11.383451249008012
11.479502019965265
10.613666336055182
10.645276446453927
10.691698470099185
10.398604747323986
10.45160682065179
10.420930976559605
10.826844121765731
10.390023205135458
9.9464374609949378
11.270788759524178
10.62182508215626
10.469164815979022
10.528709977983754
9.8504341021378714
9.9239793174802973
10.446566567508844
9.6280294081193425
10.335621862806704
10.599178269823204
10.227643833988095
10.240210146084047
9.4261903799149813
10.052972955053939
7.569394032900469
10.476079859213158
10.386899943999635
11.053984602448057
10.73742399329978
7.2040723245535503
9.99748110987594
10.403385703992502
9.5329028779589056
11.129896065713366
10.206628839693417
10.662785721440502
10.540526990053984
10.234358135053528
10.58262696855809
10.260224961853604
10.229416008698911
10.747241292076181
10.114500716411566
10.391455789171127
10.689041618725751
10.486584762610319
9.8021841457936496
8.0505901636944976
8.5215028839515465
9.1800024848597754
10.515778594828076
10.782146789902393
10.674469495041206
10.794472930787858
10.455191917245054
10.395493151480874
10.382787359859147
10.382112410795427
8.9943164287944235
10.542858048868858
11.474087462719348
9.9033670797006135
6.1738655877947082
9.4786281861557011
9.7692713955620132
9.0047650302061122
7.445410710109595
9.8894718576011655
11.099127786149488
10.27601914490468
9.731431649746499
11.14427531248781
9.4491267749772181
10.225483900775295
9.5870274750823654
9.8704844767069844
9.7406750129027984
9.249063081551741
8.5927441248754945
9.917625754098264
10.685370779988752
9.7421713192085448
9.5849284065400351
8.0167547764347589
11.546051046236169
8.0925832393870571
10.21411083037801
10.331258607560621
8.3897533013870813
10.38425432650229
11.353568958563784
10.377205680917925
9.0342547491418976
9.9445341976400972
9.3468060823103141
9.6141629244100919
9.8099411391739828
10.337996245840836
10.45382513092814
10.832462929010715
9.2859072041439568
9.6206571265992356
9.2596083271383467
9.9978339530964551
9.2797082840913117
11.504706225278852
11.174695462255713
9.2933967876642427
9.4796954560029434
10.632245459932223
11.042543536217897
10.383885788332652
10.760206180882317
9.651550714244145
10.901832035818591
11.443612348864422
10.242565024159463
9.9737852638169908
11.250733402285841
10.605700827336477
11.236667697374175
11.474032208138389
10.429666844063972
9.7167853833263091
10.194767752136176
10.50525409428176
11.189939411849657
10.46768592534147
11.299391182149233
8.8925619054640652
8.9933063086564395
11.451737185844339
10.775803129473678
9.4523100105195628
10.527686348004222
10.35517287857272
10.444867345010866
10.947382313333454
9.9753496150682412
10.203187923544389
9.8981559609244449
9.373230962857086
10.538871205104778
11.278500832189579
11.338472176496317
9.5174889257533497
10.038687057494757
8.9274241565100532
9.6931583207623397
9.4413322086121756
9.0645154274501287
8.4986653567970922
10.325206171652908
10.609453876380721
11.480854980833824
8.7782045138780145
10.700414741162778
11.300433303473332
10.021446685178013
9.8677561607173647
11.243190396176477
9.5798766365949604
11.039903277072145
10.505149022119619
9.2962117331909386
10.581070263862332
10.895265678163288
11.274641789352168
11.491612952714767
10.185780045055512
10.661901665837219
6.9292100708135642
8.7840932469849609
11.448255405134157
11.316292439525252
6.7080487631267953
10.237124631414423
10.775724386475614
9.1385471059991925
10.078370128613725
9.6306813779721274
10.939588278889294
10.717637355101012
10.921689600452657
11.275475561920812
10.107017273202716
9.9802575653280137
9.5863291303709914
10.397444564594144
9.4824819830469504
9.2896902533240358
9.4549259275710575
9.2125668264472793
9.3011350372175983
10.790030659512659
10.717105500318286
10.191128547840835
10.623484612045191
9.0659203667325254
10.440749082307279
10.3770081506498
9.4018781237292561
9.0975113263936223
9.4041872315564579
9.9528804984561976
9.5423366434582846
10.760717363720046
10.345890984689376
10.426803409550086
9.0172224565433901
11.242471546423348
8.6449734321653757
9.4524551978214486
10.210324414527118
9.5439190579612667
11.108449515422292
10.648612469418307
9.4583171839379023
10.117803011357934
10.38306486677952
9.9863977502795152
9.4981696063121568
10.472497343040942
10.238854847863387
10.541505775078335
11.177118401667597
9.3509311007029741
9.5688140961450063
8.7323124750066761
10.092507266557325
10.838924800756372
11.046602049998322
9.6992936428267083
10.433575422113892
10.787351044408794
10.256923087061518
11.090175456524507
10.728063513484917
10.759240611824472
10.589496851790928
10.625095825092794
10.652585718436173
10.524496723789717
9.9654211285369989
9.2422698490470072
10.262567616430195
11.045499915701955
9.6352121792505248
10.031068734993303
10.575750599104218
9.9744524961772871
10.467873226960897
10.250791448164007
10.921317571301344
10.297666262016214
8.4666780969230651
9.5006372302929982
10.612825633644597
10.724617428864306
10.566762051099513
9.4561110534610844
9.2298823387911124
8.7398727499666133
10.398681865770811
11.25213647438407
11.147337541484367
7.944983291170824
7.8805857181655732
11.07268018512595
11.350220947918952
11.633151533526304
11.633853425153054
10.089103275023541
10.832959496900926
10.303232854615546
11.629314765457247
11.298574609033512
8.5777829061066555
10.885538263064102
11.633846571345735
9.7692758244464262
10.430170320245011
10.151912488779752
11.62292523650985
7.5118178673895102
9.5511787342580856
10.952939669850476
11.120668127769918
8.3123442097090301
10.531790777359284
8.8661188220854878
9.3055512048944973
10.978103717022858
8.9212026332439684
11.057921226360088
8.7813767351479246
10.115480853321202
10.753050460247202
11.314247207524584
11.576413143142586
9.9424253098509858
10.877999858658038
9.5614469606692651
9.3973006348733286
11.626639123234495
9.2042949744660785
9.098317468140122
9.3927539655504972
8.2068785117244367
7.2199468548884775
10.433561517457481
11.126750652746873
11.002242036480096
6.8560405265270843
10.247106656268185
11.463686013419419
10.067498326180139
7.8096461713153538
10.991809959362062
9.4113348503224064
11.010962632818831
9.8285331519314525
11.599050092861861
11.242701133127122
10.694246891234881
10.164645904382578
10.601034973279402
11.063690000891725
10.918558664875144
7.7636661864482006
8.1350274186360085
11.26194575148868
11.460034075873189
11.633575637025322
10.304148714673511
9.5757940302352047
9.3318954157416929
9.3368319050622617
10.694592414019137
10.118019826917962
10.65301876805929
9.4831138728370394
10.408558350940023
11.270023504710061
11.451058397693457
8.7305608232582426
11.619415858194623
10.613245912270811
10.779632022263636
11.235115321214559
8.3706278683789375
10.843923907465651
11.289788403293223
8.9187442013956737
7.989846881784473
10.917647172463873
10.312153182322122
11.404262879436734
8.0097384328255785
11.574314663812094
11.547376437006461
10.271261037018659
9.8491034608116816
10.065492371072555
11.053640900875457
10.089123575645162
9.4407230076585371
9.4964493328903679
10.856363508176667
10.717380649268833
10.748451719644814
10.527379555250288
9.0274339296364445
8.2100609577717396
8.270936591589507
10.665808586784536
9.5148206805670537
11.35392930514643
11.201442265618056
10.809007662647703
10.926282497344188
11.311845851730835
9.3994796761501718
11.580501760818288
10.645008921707884
11.443711644901862
10.515649615936885
11.213539976518335
8.0500117757241529
10.555497660049111
10.977558561929609
7.8159245032999145
5.6901782333755397
10.542794392106277
11.084672783932287
10.61567261024134
11.354802833303751
11.295806341801168
11.019788500931641
9.4965715790855132
11.446551162001885
9.8828697849356892
10.133910105483787
10.212556501707491
10.049510849968568
11.479711535199524
11.295042455812776
10.196429910331728
9.4946561783454992
8.5832959798231574
10.394401430869431
10.309590981851128
10.599117763754041
11.075906986537698
10.726545154010038
11.622978874782438
10.887061360901049
10.651651469818306
8.3232734549462712
10.977997717472677
11.620785315368352
11.412909603076404
11.480510502145066
10.955580929268235
4.832111066920751
11.123073245514073
10.108523551471626
10.276637150030046
11.52827667708471
10.730794609677952
11.351115080540458
11.52223288903676
11.043453498424705
10.646583514784998
11.237930191155293
10.157327207333699
11.389702457750394
10.555083651562098
11.448116885710833
11.319545737529083
11.166050560986166
9.5055960238872625
7.6656060368518215
9.3317553612511688
9.7220574219433775
10.59383121586893
10.696694207885944
10.387462547901574
11.492590094067205
11.491305134176509
10.886208590551721
11.289977700453901
11.430506639448893
9.4967676042556111
11.430203520288488
11.235835180988316
9.7885291975644666
10.359579423014056
11.562698197074944
9.5839386542426759
10.974339135904634
11.361815104439405
9.7349582730262956
10.431918922914083
10.03054311724093
8.6396139697970789
8.3660694780798757
9.0059376761517864
9.0542821449743496
11.429789546257021
9.2549005557541939
11.453529512927718
11.41832114456699
9.6968698071684329
9.1115183613826076
11.349400001194461
10.872441050076873
11.070613818531788
11.299085810203529
10.570831954896676
10.516714231430015
8.8626447985787049
7.2295275596826327
8.2045313063203071
8.5941960002645086
8.6912115872194668
9.1668319631927453
11.619260166931729
9.1001152093568418
11.276733353242147
11.35681857607838
10.413296151341395
8.743452423414908
10.842338515863203
9.7668155974207185
10.966473454694642
10.94900073125244
11.089781687908495
9.8097859361998996
11.368393482727296
11.178041654666874
10.87064877338395
10.6855311848737
10.912105451193939
7.5788712387338544
6.2993669718196239
11.196153262043625
11.541213839422538
11.36991450871639
10.635043978605836
10.234518280359385
8.5815377450454431
9.8018622980612768
10.656071284037091
10.777097535937493
10.725994079577633
9.9951047949106275
11.170077115342998
11.595535146239365
11.618923801010645
9.5297140609326103
10.594928405148027
11.365267622066181
11.490666480666871
9.9560783650210603
11.173929113350288
11.224626952325083
11.289638418427097
10.506948805623646
11.259123237164397
10.460357726807063
10.507222705634565
10.346174679028833
10.723429497549869
8.7639173140155435
10.525253802975373
10.737026044710678
11.052241463995715
11.423900842456947
10.578220189105283
11.279060414039851
11.380541519057667
10.956373540231054
11.101241946425661
9.7321770165331749
10.884610865558336
10.470533369698982
9.2998875892938848
10.354068991455794
9.8672257086025557
9.8135306324488916
10.240204923300571
11.422174025514598
11.528961669646979
10.638219108734368
11.406601682597163
7.3026206162220211
8.7958496563454496
10.505512903245448
11.248425067856491
9.2057598345642102
10.471106409850245
11.171025577439275
10.649532367102925
7.8854116818231539
11.102516192991414
8.2324265330327968
11.366118285913315
11.517244416215535
8.5655370196061611
11.129201872820682
11.237231614208458
10.519655396078868
9.6620272399044946
9.7874601703000756
11.402054941306119
10.030008671352599
10.222647081313212
10.624701924429047
9.7182546481050167
11.477841145600081
10.127659056151241
9.9399157617597886
9.7589184320786622
9.2837739731763875
9.9914053992461334
10.254562655152943
10.219259685336784
11.388079631106327
10.624990014259874
11.243676570767919
11.465151164633699
10.613271423913826
9.9699101785751587
10.603747128202858
10.204623984791606
10.926112567404509
10.455773153348112
10.947876398933895
11.078714125229823
11.151888095584134
9.6926186025592038
7.2635075928738431
8.8948953733960021
9.1581939045371907
10.769154154365056
10.274450425921543
9.6827154046180475
11.454992301099773
11.447411592491031
10.6820220801365
11.257035599196202
11.334330748004236
8.1736180898518338
11.415099126596626
11.074583940492547
10.642634909865629
11.598080734964213
11.012588072429262
11.555604564695228
11.47608030741714
9.3955234414645918
8.1047441829304425
10.464528409570718
11.269473200705685
10.659796413384896
9.3690692359784382
9.383050592253694
11.186671463332534
10.26333072662089
11.527796066105049
10.803457359657367
9.9425943684927951
9.1411913533035261
10.262066793620653
11.061632800706549
10.077166107435552
10.303467816641104
10.555550105049905
8.2168702997567529
10.680611632347293
10.884928585105865
9.7170351404607338
11.561931781696613
8.0317246977459398
9.5418471558882061
10.748970895568384
10.292678165783881
10.979288622391875
11.308451123578095
11.064560244577947
8.7068509054958181
11.47243838378856
9.0624453838319265
10.813654526574572
11.210135043110041
8.7294278281377284
11.423915712619118
11.610774620532563
9.9613845737492497
7.8982595376984834
9.3924840476478106
9.5656610908491917
10.528618979478972
10.463361815237285
11.172048236134646
10.304482251720472
11.598249914725551
11.009573282285805
10.900084781521374
10.2399729207843
10.319683753477348
10.223896230688791
10.824391201178669
10.634095506029196
11.286617917126431
11.18247300749052
11.032631323770875
10.05845743191469
11.430761014289196
10.247237358193567
9.3614574223127338
9.6188221764498838
10.702799339462414
11.419519613852152
11.112192868185748
9.7651687046130036
9.318985096862912
8.9022193067461473
9.99829912163481
10.223389102310454
10.649337016410671
10.996340394461333
10.520048206721153
11.532763884505654
10.822426706249399
10.623210162911519
8.1202958484536403
11.22197757293287
10.713739075222144
9.5627357939868034
10.180674327001208
10.528246204360348
10.939246153360553
9.8022491264567435
11.345451112082248
9.4039277379323494
10.591445348801852
11.19272288772885
7.1739439839805126
11.160445690961637
11.284937101686376
9.4446989960287038
10.157450971906441
11.207330397014015
11.087997224844946
9.8538942868176438
10.338946602441895
10.02398051903446
9.8211890555414243
11.498238006576093
9.7694686807619568
9.1714981630073744
11.478453980394193
10.15764326733883
11.578603353558613
10.919484323376794
10.413130624532066
10.180361869992883
10.201571775307643
11.484122796993494
9.7955017528854675
11.260438531093873
11.427977720745529
10.645538791646226
9.078033504964969
11.603442333776133
10.930368182490138
9.1088779929388046
10.301939624090913
7.16513388084838
10.847533182633317
9.438266851604558
10.759754161529305
11.318306988524951
11.463796415065524
9.9766698195771326
10.480899397880689
11.249011749684339
11.607259265735895
9.2790569817510047
11.072438563865873
11.377922208437436
9.1036252727893991
11.052355339440322
9.5139580789185256
10.471225262747637
10.40044751465599
9.2223575396061701
11.402236473423061
8.9679254110160347
10.077153006007856
10.932395190322289
11.424002626612943
11.541118592624851
9.6474051400382788
10.778648545953851
9.3019154597008438
9.9342298823239599
11.549489619936624
8.8381518043577501
8.3262028052143595
11.18067842656844
5.7464797659064253
9.3585913800785221
11.302053733867769
10.050024454928792
11.16735600583292
10.275655831525372
10.897540903984314
9.6467017405203865
10.042068102542974
10.394808405821319
10.649132530320065
10.764622278307947
11.174388886720498
11.444530591936477
11.323840248620206
10.024347407895432
9.99387870401576
8.5761341544900649
7.6857824884870496
11.276149508089624
10.379250395047677
10.618831925771495
11.452288720119919
7.6133274305039551
7.9566407267947463
10.536459486327177
11.51190056042641
10.116891291589933
11.275385774662242
11.461932570083492
10.522140684632831
9.364586544300856
10.461546369117439
10.32350012770763
10.427804739015144
11.281710776500498
10.680598722160534
8.9160715866035698
7.9218522517403995
9.7112575117089754
9.169065534920966
8.0189002432993348
10.42345861300684
10.452960132306512
10.910531228845478
10.319659323487782
9.6072133702583784
11.234864844994091
9.8121107620920647
11.513585184570129
11.435559743863102
10.295400910418252
9.7142167076888963
11.274907909014884
10.48979436125755
10.253551750372367
10.888273816666651
10.604820687638449
9.8408424773364072
8.3188754297275018
9.8171875007283749
10.796119244934664
7.040744814239809
9.7865090429508648
9.6065070147148646
9.891648802406996
11.420420852766613
11.399036063145385
6.047861209034556
11.33749084201841
11.285390046974813
6.1962589750544348
10.547131961142982
11.459549761699348
10.434847572563575
9.1951597955064504
10.978632222098009
10.194309378543918
9.8511406426929611
9.1507717789992054
9.7203890153302304
9.0282094786283
10.74589446125789
9.3185526474689215
9.3034421193109402
9.4323849541944167
8.4207729813895984
11.464528260787132
10.127630716446301
10.202987760806337
11.582341026625857
10.970151660665513
9.1880813792146121
10.138313662586745
11.347069902998038
10.473163096690936
11.094083223847816
10.607805656703647
10.693960034306981
10.986359042254401
10.928219115008165
10.916775919660456
10.431445706580408
10.33247687592895
10.571558431893045
11.289306313904417
10.961464420429953
11.191468537271341
7.2975582090065325
10.52903609774226
11.336711735673136
10.69031712466205
9.1536580324891847
10.519248672268374
9.4328234512734799
9.7060504385846009
9.597009028794627
9.9953116313047161
9.7610187357156626
11.158929624784728
10.003077214889011
9.8937487760941512
9.8960389953758714
9.1288399229097923
7.2245749346484773
11.477645734698394
11.446630353513761
9.4055203506073468
10.22004509106392
10.562835731206741
8.8699880950282868
9.648530971243968
10.142748563336314
11.141179167407056
10.822106811403097
9.9758285413473136
11.457405661534724
10.572342665086648
10.564196229681649
9.0789111722398648
10.996286316193645
11.455431105319191
11.172067214730703
11.174319687016714
10.858128512366546
10.908230951230674
9.0922860827334215
10.115117101792274
10.913842455769762
11.155938041198358
10.746003751237238
9.9707999781791283
11.326605021854144
11.287064479926375
11.28302170885355
9.8621873140271319
10.005654686435612
11.203186592157133
11.498795021902001
10.609841918190853
9.4695128716309025
11.017609028489584
11.017849862539393
9.7321198265850093
9.8882279773251476
10.050431237681249
9.4567382755002747
11.156828084908252
9.7788453529549813
9.2964478006172104
10.726236514379771
8.6165707452333322
11.081370380868872
11.288345272008211
11.036672789751748
11.138161017751283
10.313374532871997
11.272011488639345
9.776485659843468
9.4169163753898637
10.213942515956292
10.128198606764732
8.8995217242638969
9.3795409593176835
11.614831494942225
10.835228895647099
9.8531475963337662
11.333457600445952
10.645254242209321
11.633845114430825
9.3808951879630396
10.180450925225411
10.759563542588204
10.968939374569503
11.085159204738893
9.7252806163602781
9.6115062300469685
10.859268578180956
10.097798382517242
9.3339641850318174
9.8676222841146419
11.064200151753079
10.313424407674585
9.8771870357312643
10.909163196131843
10.418466117338353
10.587884195722211
10.763645030254002
10.628747814515169
8.8404945075644061
10.670128583603383
8.8849969521432914
9.3967282365409304
9.4518551599683889
10.042901862078384
11.411979765415209
11.259113132836129
10.955251954979506
11.270416800902114
11.244221176500783
9.0591013865732108
10.97771682299561
9.1694591441838877
10.509411420934899
10.367013569229108
11.108292835738999
11.379467800408271
11.079219135276665
11.02183537931576
10.937241509289013
9.7504047067035415
11.284112056584526
10.718550606337613
9.8313071641035599
10.900000968067245
10.83311613035721
11.42863366471193
10.43054886586186
10.897216735582584
11.302911331734679
11.556748302723406
8.5908562416742988
10.558690108955677
10.54085366344126
10.316308290116154
9.5834106087391469
8.9511074183509614
10.124531882943655
10.558897135282271
10.076904153222037
9.6356232247781719
10.141408816423123
9.7418066144318001
9.5045934488596764
10.032518480773298
10.813304904660599
7.9626803021126475
10.144033767151331
7.2102802797847172
7.97158804882962
11.38960622652967
8.2589777053662417
10.445997460943422
10.265784241757078
10.365573101917246
11.136339482995384
7.9216207511904271
10.636203426736827
10.843488312741613
11.284037837053081
11.303449629289407
3.4493025085649021
11.433104153227591
9.8098419718629284
11.331036882785639
9.6618979156838396
11.248125427503602
