15.414027071249803
12.615989930286894
15.67619063279988
11.521255540791334
14.87039192780284
10.697197986022607
10.555811993008465
14.205975778833819
10.890780404139621
14.996337718708368
11.106420648568829
11.132245201973147
14.264186241192979
10.669961498548478
14.366997781608061
15.389498923277069
13.914436031290071
14.538637442036807
15.613906316371036
12.317625272111849
14.049613463817892
13.190616818647541
15.802436094166019
13.816776707753945
14.638683625979924
13.022941261019291
11.09845560321569
15.481711618493138
11.673289927367136
14.734503483411331
13.300555416765937
15.435983391692535
12.722362894694148
15.10988133286677
14.257112302320408
13.615769277570244
14.770312903822786
13.999069975683781
15.016203979058199
12.02300612435455
14.626234469778122
12.656240804698221
15.410128506656202
12.616882434396487
13.759709844888377
13.593618981340626
13.606194490992527
14.674960848841579
14.158130655479605
14.478319121335918
11.066620535841302
12.23602100102941
15.078130746386519
13.639541131107059
13.110492979977822
14.769470260656473
12.480454605757267
13.598662195465415
15.796013161640781
13.924109879760728
15.848314552284416
14.192305386370229
10.253470475629173
15.517645346634197
14.319072028195983
14.180725104790298
11.888413913842967
15.884531762614166
14.021345247001683
14.364684031394139
15.169791651231723
13.646690040940664
14.607251540685329
12.193820048989547
13.26115094021884
13.286346261464715
13.860335770817217
13.055084776396646
15.181362056971441
14.384802072400742
14.116370900578724
13.713222924203446
12.911921357250279
14.532023606917734
13.665932583013474
15.66589834069053
16.009689543390206
14.399218200944325
13.731240036233526
13.644508835307205
12.402468372843909
12.532969610460128
14.951648994354985
13.27384880852847
15.949462687677512
14.509938441212777
10.988376896764978
9.7586345687113116
12.500703922418387
11.889984298298199
13.902014210039084
14.213374000880176
14.93343146156468
12.329096848953274
14.928615813004827
10.225856341420707
14.785147858328255
14.871977165826014
13.750274519056596
14.792033358886419
10.169270710995123
14.908453171051233
14.804415600026461
10.31341610221128
14.954864376452548
9.7799934981470038
9.3900351988585342
14.665850199118678
15.151679080022463
13.970182067756761
13.414357886339404
15.125202222515028
15.07570371472467
11.536646390586769
14.610707054953469
12.220807316349685
15.561519280397906
15.872637063140209
14.623678388237394
15.792791617800207
13.894521051780471
12.191969262012019
14.78747317624938
13.324017954966457
12.890932164553229
14.526506811238974
14.492477058602711
14.1924291333277
14.238958017179929
14.221830020294476
15.360225136239105
13.309214985742273
13.996232564805586
13.101942334867665
14.899299510288797
12.976370830360889
12.937615989048213
14.680843912658744
13.651901781045575
13.057012046939104
14.276413373939178
14.02299495264775
14.505295944985923
11.722676037693505
14.768327234956956
14.821869027461791
14.782683860506356
15.976137623404105
15.247086775606199
12.208743165287659
13.752236014026732
13.096030290682219
15.307403696802403
15.50583933873882
12.325324359631892
15.811529890787856
14.973970728546634
15.29697365076375
12.212063145872163
15.765888938813875
12.767411811720439
14.696943085505186
15.562040442148264
14.907078054111603
15.073048524404113
15.689764828724083
15.517760553430337
15.247834640410643
14.955743985661051
10.86161659536897
14.986970576871665
15.772037147148531
14.974908125658954
15.393109874601384
12.624258250813007
14.949126550384253
11.484077113933365
11.967354124962595
15.458642909011278
12.813019496325662
14.63497305307629
15.242653524311498
15.050997813261198
13.183004454569136
14.589376609464956
14.41726215288031
13.391317005581264
14.540038788430401
14.657296894063213
15.373488702418841
15.571082615806679
15.175906670921265
14.38753092813079
14.52777500336034
6.1913119988330676
13.886408626230626
6.247937036168608
5.8123766708218305
13.552418286194536
6.2892900177488933
14.557553634213976
6.1209383488165994
6.0053906256986744
14.676498309375528
6.0793057591259805
14.530424784014919
15.207492420657974
15.45718309577555
14.462322435953539
14.396018924438826
10.492045852915838
15.481259261829283
9.9438698543067936
15.529122997648026
14.001832881255778
15.790865807481175
12.626444356665216
9.5635055661080219
15.821706121720073
13.345136496790301
14.438393125040042
13.994440799359854
15.101709324793822
12.848955632571959
14.830170962222866
15.447058877629955
13.630385684490562
15.33669985147791
13.750682395371159
15.300128098463674
14.32305108129858
12.874043687913748
14.965521008696145
15.265763193709079
13.549364558797251
14.668769916180208
14.368327987711108
13.847472969574985
14.763064084323773
11.290861902611148
15.440377350297023
13.834658621134981
12.79986528203702
14.440432886386033
14.594675920053332
11.675339456675882
15.506488371374068
13.992785940002014
15.243867437586928
15.695925474784985
13.717806836637239
15.473010868940282
8.7077675925780422
12.137950642400172
13.986652236023573
14.864991522136073
9.6962095065890477
5.2517883442603388
15.728414607940739
14.613399662317798
14.757370190303673
15.815124763151559
14.421449660015988
12.890056132978026
13.23216615174166
13.407604370671681
14.804314868223585
15.710025676024635
14.888588375480857
12.884590916023397
15.928743926875077
14.844773420681278
14.222419929182502
13.242019560680001
14.626960416542959
10.295237134154874
15.019875240535116
15.709117243399692
9.8103184985020917
11.107903919345338
13.424361589294557
14.703161893585524
12.552113851839996
15.531626999986855
12.739187901831954
15.930590748352095
12.898943789391803
11.039487547669488
10.615116641463425
11.823798760873276
12.921900145102041
15.447219425584052
15.964650217352485
14.80140428601533
10.858467367603561
14.746945050445394
14.817833039020234
12.406743765940041
14.80816706887318
11.662607119430987
14.540372642613942
14.773079302903588
11.725670802839195
14.880137860784382
11.247292788113985
10.613972283784705
14.365066715366819
14.911191545272869
12.010234353369665
13.783767379431533
14.935253052234589
14.893313685479027
11.529557293264828
15.447088084687223
13.484495472654976
15.541670179852034
15.392076226955268
14.346593294935904
15.713438201383152
13.01629214924246
13.116286264022913
13.142892153446176
12.848248506966209
14.766208536719081
13.645055787420333
14.878580189244536
13.489124197269977
13.766021591766386
13.6075330705066
14.901397084883193
13.026104191587766
15.270917929460218
12.434419490586226
14.423623486978853
13.288043576016635
14.702324541104733
15.277023750754626
13.501218095124035
13.440448943881997
13.828192465322404
15.402080007783207
14.088408976896313
12.767774122599052
13.116669414697894
15.311036346891591
14.859410921258322
14.595312031228952
15.58648714959465
12.098691781333375
14.350679768614523
13.527555515383947
15.341682616626432
15.704062652749071
10.33554336100031
15.488144530915431
14.86758136334204
15.42504335672221
12.075530216585364
15.646960792285046
15.2287152887631
14.229720313981266
15.037615251243176
12.203874979184166
15.309800948163346
15.511434908117108
15.502239090444546
14.831319487041844
14.269066925717679
12.653313513793551
14.883623644222878
15.355380000885946
13.837696018993359
15.421628349343859
14.892161192807528
14.293961659319836
10.509886335756336
11.175236700534143
15.070001466078313
12.77043062805425
14.882419739823314
14.880053400646501
14.340906767411585
14.984296611226076
14.357453438800674
13.309639632709816
12.247740720037815
14.964947850037941
15.072093059838343
13.559171748423587
14.843518044194916
15.301960712046499
15.928264907228538
13.869563101734277
3.9915629288100245
3.6741430721619377
14.240099282136491
2.8622516750594489
14.728681151426148
4.8226623466503842
2.5581951886181002
14.586388054072902
3.2482412180408509
14.241721801324594
15.138447477385133
14.706152119363407
14.079712173804866
14.67379181053168
10.899361212852826
15.245125022423133
10.340372225325011
15.675626460265361
14.852058206958489
15.644370508283748
12.510006154040989
9.76986325678787
15.527502725181678
12.033008526344259
13.837537178186198
14.052860702402223
15.060394843815835
13.636220823379221
14.683705645473482
14.702992419771823
13.413683397025466
14.865928026715261
13.530823166794093
14.924455640521645
14.267896029697297
13.625945319365782
14.305393963558302
14.959033734457428
13.430077008231875
14.403804086656661
14.114661026802722
13.715311797451742
14.923170402189072
12.366585958007583
14.537836238638002
13.48291263653776
12.797105285535872
14.292572595347966
14.471539231000822
12.251780563519203
15.312073515697081
14.116607625824191
14.817925285714781
15.693277034665025
13.0451431017409
15.397905541652211
11.094699048657588
10.704332507107274
14.519377128996126
14.905537237067383
11.100490458702605
6.6841156443063836
15.822378340890856
14.301464956931694
14.612287706866674
15.371073264821391
14.220376549206607
13.469113793061169
12.967526282453216
13.284498179663899
14.496315682625786
15.442719912212828
14.972101486211164
13.529455872513816
15.718943935238361
14.465620891173021
13.776052348468477
13.242042057398519
14.479774165066329
11.78742290938917
15.079055326837851
15.805141368355303
11.07220143054955
11.943055690404785
12.695477605195906
13.711850889364751
11.66274986822267
15.552608370310441
13.199492234620116
15.776896004285655
13.268243801948065
10.57238450289214
10.059529997327649
12.371941787620475
12.437979194357899
14.893493423980512
15.700056873099642
13.780735523536729
13.927350968947774
11.240465255389836
13.831756772588198
4.430740092088425
13.499325401980622
13.679459849363877
5.2987587473088587
14.075487568310582
10.106032748873695
9.5155378192184799
13.540861553624611
15.074821638683062
12.622810795643275
12.458438223852225
14.502094864161846
13.385795074725433
12.618165187165772
15.52797305985008
11.05897236519389
14.792222710571364
14.561862503773073
13.259610700019941
15.351914939096629
12.405421596371591
12.143550249408364
13.379699312080117
12.421974991337398
13.405318895619013
14.211246934783926
14.724713817956665
12.665517999731915
13.721007480361903
12.777962013293845
14.653659888323466
12.252146231127112
14.07992452389926
11.844304407761909
14.486259607326103
11.873733073431678
13.422570718766172
13.965066379396374
12.869349189616489
12.946718264497804
12.856154969469236
14.238410182653242
14.331631334618345
12.061630844638943
13.574757202321877
14.571454365562314
13.887915360165602
15.210549591772146
15.308590929345465
10.805893480433754
12.125142777341331
11.901534613141331
14.616930582752984
15.059864441674915
11.409561691102715
15.532254482644406
14.711380074565628
14.646701925444725
10.911926456169423
15.072176461273381
14.861990876551451
12.906113705829029
15.410852122003353
13.461263744638579
14.55744625580645
15.414944984518785
15.17991964341471
13.892229191952024
13.095131282775284
11.646823914551694
13.610825214939215
14.74204224862982
13.183256822823743
15.34419309824356
14.46985534679594
15.034370186202736
11.408487497787595
11.685515642737572
14.239889050463701
12.069936471246551
14.62428292741804
14.086755034596253
14.274636490968456
14.560549232866077
12.494478007139643
12.775054992698223
11.960432449962267
13.76532676036196
14.411311562178188
13.525231798229608
14.720916202578691
14.471826088925052
15.010691415977394
2.2421503826484313
14.277839931575356
1.8149294136802003
14.278220281354486
3.9521017672533301
2.1062646725684799
14.213699187991287
2.5491781756062752
14.061297573111771
14.873961735273976
14.575248014163535
14.504767995526644
15.143818369137422
10.391598089844265
15.488922647974553
10.188507311549044
15.570192327899537
15.105118389536614
15.337239292738811
12.445373094901379
11.137060106000009
15.573184050779062
12.390932495912118
14.454087960316157
14.145513409559632
15.472978882305521
13.490230614646622
14.808111564914393
15.390787153629425
13.700137417340185
15.428658435550124
13.735099522734593
15.393881206281188
14.597650015255313
13.664593441621191
14.081602939243622
15.519040163821353
13.675333739995676
14.624348114886898
13.847618592143361
13.338016197110015
15.125457454669379
11.935485401277498
15.324446007512011
13.239370484121945
12.715488855418309
13.936479176849074
14.72898093939688
12.407549689709141
15.201844445727373
14.528145015304158
14.550042666534113
15.636920393447211
13.097314953119151
15.179290400666684
11.109656729221605
10.691926910180722
14.197952206845311
14.789999860490436
11.177529588970815
7.6418661715825795
15.660312058931929
14.483189968705322
14.538980214354897
15.599096620910464
14.756939296264328
13.577304944529487
13.412733970049135
13.69646880129314
15.059494020473322
15.404393700193973
14.637023852183425
13.811294392719711
15.615176768381289
14.53908662354371
14.003915359141347
13.382208973985193
14.283301420281601
11.813968720157078
14.913344671000413
15.667054115347062
11.648075816407886
11.151753157483896
12.750893096169762
13.994094553898057
11.72987815875927
15.35671388206922
12.805973063832669
15.757801271984484
13.393328057496632
10.086018981791073
9.4690251692763709
12.799847605046212
12.497837793732081
14.953609894602586
15.610268015821218
14.087062464744999
2.6637210856411562
14.580866808418776
3.6954355413174351
2.8470528432223454
14.437955664452485
1.7111249815012075
13.984142076813185
14.848253905943729
14.524073877583962
14.525821934056063
14.89657555557538
10.238727096861037
15.445966039222327
10.277224365074836
15.605122119789323
14.908110698029835
15.438841278816941
12.172632419378365
10.2758144536012
15.583471134857408
12.110954307683114
14.465289926589531
13.981613539980488
15.418302278918615
13.413245201180375
14.788682484736642
15.401864386549668
13.681871257367085
15.407568835030428
13.753346669073157
15.361687367133998
14.408845027736833
13.64285123273384
13.872295878046351
15.445155327765422
13.576646755298512
14.605135508306967
13.808552730588801
13.093811693891741
15.171461001251057
12.161881547477376
15.38300035685886
13.340265854155177
12.545749274451969
14.158541339888767
14.701273572573257
12.298774233587405
15.296089568420109
14.413042216124511
14.31667125990845
15.649985779026053
12.95073155548066
15.329957370475096
10.718911403665254
10.530386615655397
14.315617638504632
14.393219886083576
10.984646682573121
6.6159488509166646
15.731234101207741
14.2124361327909
14.761171339789076
15.603713769069262
14.582736586532489
13.360320734241997
13.225195804003924
13.499893640467729
14.854086270728816
15.436097614263291
14.778759062052096
13.513508729748594
15.701631247666189
14.311352021636651
13.950337900988954
13.20635641700879
14.563742309711362
11.566965465716354
14.934964424510335
15.682772231512814
11.239487624007191
11.384864976065511
12.55409092676646
13.960712666370332
11.7878116640613
15.258784405736078
12.918981778876196
15.831581415691423
13.023914453809711
10.255580978561627
9.7550885381599173
12.382392436538424
12.595478483318308
14.921869364115469
15.652727500831352
14.462395778466512
11.131949700857001
13.935647864017147
14.305203743075426
11.406318872494136
14.206022644475922
13.742904370540122
13.763170766732397
15.791914524368133
14.629037330493377
13.821917496720863
12.429271015447281
14.533447282234414
10.115996221269667
13.661740039234397
14.91224982651411
14.429886856272134
14.866264395448972
13.181361376145837
13.766213871633971
15.009470003647285
11.027401574559363
13.863896922317352
13.748643062632949
12.543901562569358
14.810539344111413
13.507493451765916
14.036603242347422
13.106580270894238
14.613662400506758
13.426286857896395
13.29879984457828
15.060132878549263
13.989531734311489
13.266800253970688
13.837529422483065
12.052966189032048
15.312928325173711
15.455479384340022
14.054646318571544
14.899625173274917
13.015966459440801
14.257052069068662
13.724836316903536
13.947584026656653
11.295381816752709
14.508007161161082
14.367854236407025
12.54482152635252
15.925004505559997
13.449396117546694
14.490916945303638
13.483086003275616
14.788754493572723
15.295807187126984
10.81364622059696
15.694934826266389
15.195316526892702
13.957659907194264
13.981427342690697
15.832807421518421
15.658161328704903
13.107976911548173
14.035391199559113
10.20153067197009
13.06607412765962
13.540305460919946
13.561986466659375
14.518723290036142
13.044451750071014
14.153214513875881
14.63377679971371
15.764066167932299
11.079151989574648
13.952052880664105
15.689978460298764
12.444165903094731
13.168821481718043
14.079767865348927
13.687669914112119
11.077787795685696
15.45376161949725
13.074396493255161
14.375728863631984
15.737859399438344
9.6400876903431882
14.02790570804556
8.1615847826247307
13.60203735977273
14.062133598920681
10.100918569218763
13.748561041408344
15.62359093795695
14.714030913563079
14.471122806050932
4.5869356585366132
1.0
14.298078843007
2.7360928668926405
14.167166728968747
14.978140768178349
14.725587269604665
14.459921397376023
14.917888935710998
10.480692490763348
15.504577826784461
10.456441691541716
15.602467229138233
15.124460724325825
15.364272267131051
12.547960700402056
10.653956821356605
15.584636383913207
12.499204516706655
14.39991358491341
14.041815322648558
15.460971166583469
13.51897621855893
14.864006965910917
15.292285105688768
13.67405179072502
15.4043728501488
13.616424077550862
15.394407854983843
14.516587128526792
13.613979737549959
14.214366183263888
15.494545811417201
13.567720855112706
14.55556199951199
14.065217981831726
13.5861275896442
15.30976625609973
12.01543167989389
15.198678321473338
13.204679313363274
12.983360199318037
13.994219634688044
14.772099354264721
12.204907903020958
15.234043845288548
14.515511161923939
14.752966602108947
15.622296623207117
13.30845223159438
15.253353043404264
11.273572764401747
10.745184606561569
14.330183312983907
15.046776517183776
11.22942124578007
7.1854184106234511
15.687211614374981
14.487398895475712
14.599185703660263
15.639596839587774
14.642511286284723
13.742057395455317
13.282648893590684
13.558459106709014
14.997471411013862
15.412481128808988
14.816956910122737
13.626300829819794
15.649308552190476
14.607180219499527
14.001567061340353
13.31149510760762
14.354407704989699
11.921307359853952
14.901410436632991
15.677066951583082
11.648837238802372
11.534239402178171
12.904825502140319
13.986675404080957
11.784534839494064
15.513379882496311
12.987152137846357
15.781854551541795
13.43413201137921
10.164758606781987
9.5402487679232717
12.908585831698574
12.421979505298536
15.019772923990223
15.652129772628463
14.084002148866221
14.371908515671194
3.7360998682519289
14.67622928219591
10.802018410498178
9.7172018353109326
13.393706390836638
14.571177902895407
13.236366849775317
12.52410306004357
14.286722119329289
13.035927986427348
12.776083527358573
15.746839324274985
10.176388489207802
15.324912794456598
15.209348056853758
12.695073219292244
15.416107222304539
12.331539761722867
12.434263436359682
13.308434784880156
12.767580857405324
13.302629525078231
14.543578343412037
14.791579549355847
12.754044236782114
13.664125734670256
12.823863389067908
14.775651562818702
12.572864350944565
14.196765643920244
12.098515944295677
14.393171109853768
12.556384426572128
13.253827024913585
13.881377920958975
12.690061410896183
12.522628707934667
12.763481859855126
14.084580647900562
14.500715867991579
12.126983283744433
13.529043342149606
14.566703610190762
13.621806993439465
15.501490315806011
15.26323465652205
10.662922972589449
12.686443776014094
11.592899239161691
15.100926685668139
15.483826248498211
11.780867318712323
15.675726187259174
15.212479704368588
15.355950693354979
10.422718363616136
15.33497869020283
14.381610488926968
12.709473969262703
15.362336918834693
13.912046710974929
14.663951389400843
15.554108808141081
15.260042539503294
13.71837788044701
12.870581026975721
12.09859085517823
13.334228893402702
14.952069299967796
13.003962643861472
15.568550824424376
13.941437301750808
15.049468125428948
11.438302395419313
11.884147942522992
14.971289865324399
12.101564631729367
14.956263677014729
14.120508617878585
14.591968858711418
14.144715458890017
12.380158922142501
12.669107420481943
12.355602100030163
13.838516730593039
14.56519943131946
14.060424573796857
15.005581822250337
14.245128552204259
15.087011783646942
4.37655999650854
14.114830868591344
3.6042309862378739
13.957066863474871
14.855911906337406
14.532137877205406
14.244772204988951
14.635224715045423
10.241553452134976
15.308480952981466
9.8641075703483772
15.558712686403013
14.719027625466133
15.414089122992062
12.080297487968396
10.387840553249713
15.58542882938986
12.083109838929445
14.284787047534232
13.964014418577635
15.223109992776859
13.195749308565217
14.66658234927138
15.133460672972531
13.665633176216241
15.191801085176357
13.916986204595267
15.190505622623949
14.568603197169713
13.540361326850199
13.974692671193297
15.27540929086738
13.901514742266569
14.503276893253084
14.064002756000999
13.409169285010632
14.788937493123699
11.990383795808029
15.156042645481861
13.564467199725749
12.16732026843448
14.208468295739502
14.500446312142891
12.230367490641937
15.336610628907628
14.331033304042235
14.302722806649887
15.588451133272164
11.9337583421931
15.362187102591925
10.436218792845816
11.231658688459147
14.251499647939999
14.33907167677596
10.934651869667082
7.651382639430282
15.701113034846061
14.099184561293306
14.80167763661545
15.525188307294806
14.763522356661673
13.414176068636097
13.699529925208358
13.964241512400719
14.926358034860986
15.448027949293401
14.64478041497309
13.392942185179402
15.694969288507115
14.100092880650617
13.771447984586164
13.587137858356401
14.319622464603144
11.910750064667514
14.957726182281281
15.686550986085505
10.800844795443021
11.226468858266857
12.07440140062765
13.797467901679491
11.88216685896127
15.326949491251558
13.008947167725045
15.844108043031513
13.303554893471931
10.975240276459189
10.320228715417487
11.902164119506844
12.486569579657196
14.832485841606077
15.649869855687324
14.24401256096564
2.6111759039828373
14.139753075851718
14.957889935757114
14.743625417060048
14.442519465032095
14.841632509156733
10.627940214778841
15.526468713980272
10.258452190903164
15.625204864901351
15.097812614033151
15.387481131068874
12.461035139625741
10.514958652257558
15.611113391764421
12.488472026171289
14.332419792204238
13.970520564610007
15.435167407767054
13.415030608533327
14.855271286884982
15.254555776303956
13.658336594524574
15.387330782643474
13.640848483392626
15.408767923899656
14.544974976482807
13.557936732716518
14.19985277899741
15.476473595141762
13.6076836224529
14.455195413712689
14.120885810234336
13.662733082249851
15.209300762204444
11.935285654067576
15.157758786341413
13.313210715338073
12.795126481088589
14.144131369810973
14.740774229352978
12.166263877918633
15.231139446796565
14.489588730801541
14.77602050135172
15.599079071012884
13.090805193503298
15.315674575058415
11.180481228410301
10.757935787627867
14.267416719110438
15.035020455090676
11.175973671870963
7.1662753225031377
15.708733824875683
14.403165565086038
14.628050241683143
15.633494196679624
14.632244078378683
13.670937426816861
13.332323398015314
13.580345381692307
15.025151112524894
15.452542885832029
14.794688459853392
13.599833628997335
15.672494168235616
14.518913486476087
13.975480561004289
13.364156751508832
14.411291543273471
11.943441490376289
14.906330225771892
15.693232195089481
11.455631060431394
11.475905176400952
12.806452299441371
13.986717645536514
11.878128741179848
15.538119598734413
12.887447081132347
15.757009856498321
13.413449794598179
10.295336773743774
9.7371351410302047
12.805118343857897
12.416327219735875
14.976638516348654
15.663128320775551
14.586625193564254
10.962983900819344
10.488734269125064
13.732591028873561
14.155670499882973
13.515498666607799
12.43161713441747
14.04919733946171
13.334409615407306
12.884962434922837
15.725039029097115
9.8702926593620806
15.333043185177841
15.212578913374305
12.628695835937751
15.423100359058134
12.573042253664793
11.481118243375944
13.551280577163547
12.408292333195106
13.578665222718914
14.490080829036948
14.714732826609815
13.086227490396059
13.851569228163505
13.172475021294874
14.629904847984168
13.167918144891846
13.823322197763073
12.271343326827381
14.287936140185005
12.023446279694319
13.476790051129893
14.157418662102334
13.123368081425173
12.626051097552143
12.93968363938531
13.921075987392216
14.760322753181756
12.485938559907369
13.492889232817614
14.259822579792706
13.631606800887644
15.584700827203569
14.779929549436547
10.729746182889702
12.817990366621803
11.687193036435801
15.189633863913942
15.29680550890874
12.109501413240748
15.611971338330074
15.18849376568142
15.292466803305672
10.136903546250528
14.97806263490615
14.588805364179791
12.947358455356442
15.211384835288838
14.107120848281584
14.420538927813517
15.473644681299376
15.016197082824064
13.798993089492191
13.200216949994308
12.031355197397536
13.442278232508187
14.922047034055629
13.32107230184919
15.48626572601132
14.118303162695511
15.180083130008553
11.660525228074787
12.115745715630988
15.109596801609523
12.174865137979003
14.62810475416082
13.86104737776984
14.489715448490493
14.370957990519576
12.707807220396949
13.086356470545853
12.216283075305695
13.817369349928518
14.583434929334679
14.136625554495321
14.863343758553631
14.496400545848907
14.781080505946655
13.997809973373492
14.938461650588566
14.397442574222573
14.35760253051761
14.942230806386068
10.539708841663041
15.397337060738076
10.210850662643679
15.616413278129112
14.750007204277727
15.53359098305668
12.034614508611559
10.203894229521515
15.614837945765412
11.723327838100715
14.483107526000248
13.968169124419077
15.338918831456096
13.571666210584345
14.701168800521581
15.317314065147212
13.602567921752023
15.356312733344321
13.679533790481621
15.366504770089554
14.320613327460682
13.687662167291865
13.822026971420881
15.442113546951603
13.502083551279465
14.516072531348758
13.719268631300334
13.081939409410904
15.220075123238519
12.29573007094365
15.310688948708508
13.396481876576624
12.394533905307085
14.212971631273094
14.72824072664228
12.260274888380071
15.267855785150575
14.395853235407875
14.214490859914168
15.663394988259359
12.653463904274645
15.465880911038225
11.213211435509828
10.278962761607071
14.462322837804351
14.331889594566995
11.342776502545311
6.9636084118159722
15.776985060356676
14.028570108152055
14.710344975194422
15.708321210833152
14.44035267471333
13.524207029640374
13.197055242382849
13.412171848552804
14.800382898803118
15.463685577309802
14.809258741655178
13.745157352952345
15.735673624971804
14.120773364837651
13.825731170348039
13.122104669099492
14.525782963486584
11.56607940265318
15.02106889609399
15.765357998753947
11.481635243667112
11.572761519622434
12.19430941173767
13.961455150711794
11.909669188632794
15.256250802337904
12.959975037671056
15.873938298755267
13.247659329610716
10.398868651305502
9.8457118142232911
12.565488606032213
12.498276097332958
14.752365004880089
15.722527145072052
7.956328073680754
13.205842692168675
15.63323133568694
13.228609644556522
12.867385510826406
14.794619912333285
15.131896469799161
9.9391537849830573
15.38253196003739
12.304751786806992
14.647937632834088
14.531847226410871
14.197538651955762
14.3633830782359
14.432582414524118
11.020928898212357
14.45231984317917
12.010787057408653
14.097955928550027
15.104440673648236
14.133645399620995
14.496403395211489
14.080728120841266
14.452000735810234
14.947773725102673
12.802832935191274
12.159622541467135
13.372121025557307
14.817971310803911
12.825261146465673
13.607330020102268
14.111497445104646
14.120845665450879
13.088736732646874
14.676550904571313
14.145369029736171
13.798394843236233
11.624647734187549
15.207638915977187
14.409023516223227
14.078908899001844
15.824783034533812
14.622542987595651
11.494446249550759
13.668446406975926
13.591998836392646
14.974149418729004
14.528953362217671
12.374837376138021
15.374405871800363
14.74551958283624
14.879506396266748
12.152353070498181
14.978379952446705
14.622861528054806
14.620626092033435
15.139188418819492
14.120261149036549
15.226076301836246
15.457539748093861
15.171394839571258
14.879673787699971
14.192281303933878
11.567786546607547
14.928148617164251
14.445211454308106
14.789692171193538
15.324264723810989
14.351363505710387
15.236616664540895
11.888660250930103
11.575458493162754
15.620405587881914
11.711460559424731
14.459897626725764
15.035688726453806
13.75425038381074
14.056092775968736
14.676893447113255
14.747263302849875
13.678294349420797
14.057548682562505
14.317548183807075
15.039093334202692
15.090060748362795
14.182355239880131
13.053122013991043
12.316006304478426
15.722951297079135
12.680680933384682
13.853687611451528
15.062871974942807
15.261565901773402
10.497217940650536
15.563980622319489
10.806058707603887
15.33052839130503
15.340561540359699
14.552297392457257
15.309014509629542
14.545617605318091
11.94599181222266
14.112344133090593
12.587043077294025
13.291242478225506
14.933280400286867
14.280067864604572
14.301542067208693
13.369844530561105
14.298911200223435
15.125624318148445
12.297304889097605
13.818612016695228
13.417761416172793
14.719096321326031
13.347187523969806
13.027141546052118
13.966121761429163
12.613811153580745
12.632336258000789
14.632762890655099
14.738223931155439
14.420294874547828
12.125447945161927
15.273816941022876
15.209269201829242
14.494968186266167
15.864532502138042
14.877097620143681
10.779495110938553
13.885214620280898
13.031508245190617
15.597556750616643
15.441359297662697
12.03458162043342
15.548783889950148
15.355931907871678
15.59391335650389
11.272932390361998
15.301690665363013
14.170192579729047
14.732770051258607
15.218668625054226
13.963445011875972
15.174920445562503
15.519421821748091
15.34097937171491
14.889758725692628
14.64668831137485
10.769078092351585
14.811689494115017
14.71204786857872
15.024816505833545
15.634109311185506
13.789367006663964
15.327892345763617
9.5844989155777487
8.4903775674242574
15.768757489900867
13.127952887305229
14.990947669004015
15.23223073152732
14.488692063083764
12.684061054878741
14.923886733903206
14.406294323599759
13.934532090624867
15.031748935600714
15.422090169077849
15.168339283090083
15.684860909811627
13.133071208560644
14.393279713000407
14.255646196619058
13.735709989641936
15.546528950924026
13.818001172488911
15.723472192059605
14.350945093637128
14.801415423772932
12.58166832554827
14.398699307749929
14.914431641135311
13.988008676752697
12.577957744036453
15.007130269154086
15.17798450013119
12.880584961408715
15.083800964093573
13.331754925244534
14.339399191535637
13.524400957431885
13.337048048502707
10.598862582110844
13.621071859702278
12.791543833322566
12.569700995428059
14.618127199800174
13.605914902222782
13.085977774912379
15.042814317867208
12.150365184871168
11.620078351719927
12.791822801421379
12.751071160071655
12.972281404036041
15.122462264741799
14.648917536276503
15.064685524382092
15.341510447732741
14.847009305220073
13.99988907080319
14.647563832229249
13.399758896613941
11.343783967393184
14.112315019323493
13.26057773625125
15.821986668580166
13.158613873578844
15.062536403283969
13.294440863207573
15.290547099896125
15.417563542676431
10.692470924985463
13.365749546429969
12.720165749700401
13.387190524625302
14.716658527950136
15.785410486562039
13.522525764252016
14.791713601295786
13.870265768164945
13.134029849651528
15.433205665578287
12.906454926351431
13.769644844844663
10.406647881130525
15.916968963684923
15.968222271590683
13.014286994723275
15.835965698798308
13.902545298946331
11.600065435955614
15.40517803672776
15.601109482118757
12.251304352342858
13.293552638836097
13.396388509581611
11.183672415452271
15.843341454830732
15.019985149760226
15.524886605222539
15.789622667204965
15.791140137844112
14.042435418530923
15.151108654563966
5.1619248434661715
15.188590706828542
14.847913460047964
14.340082215247502
8.3395500983185524
13.207488725638296
15.706867898138901
14.118793992949879
13.985275132775627
14.694032016197477
15.239685896651688
14.522671487811291
12.852242827549023
12.21631099292169
14.211235355466647
10.686955409417017
15.214304183597328
13.738719814965989
11.653451897326699
13.244775808202595
10.547741219933316
13.331654892133159
10.482158032275924
13.144859817932003
15.560739153950829
15.031944146606733
11.248555432491296
12.631598578520057
14.308696896795961
13.765060734017517
14.744988114713076
12.802726293895132
14.343668685084385
10.204739281614001
13.331628843048634
14.853886188927257
14.369142591559076
13.145043172917317
12.934711696564291
14.152456778029709
13.137354394343213
14.812664400230007
14.709559982143176
13.821048562908818
14.288341453474134
14.954455071530914
14.798081480352261
15.237025984822687
11.650060382323476
14.881987337475556
14.81869276931506
14.574543689636704
15.071375458840917
13.688442637832051
12.830282088159183
12.582739196101386
14.866007241863191
12.83685396182517
13.435220114385183
13.090721836588573
11.655751358792685
14.724443924904005
15.137524433327281
12.077427122702801
14.81739024815951
13.846502643884913
15.053144215837037
13.690155600921562
13.599439003510037
15.373075959594621
15.576883102836778
13.770408165618546
14.749125327692619
12.51893554159169
12.43523622473335
13.628722204120647
15.314015511917075
14.681064839029059
12.396793367019283
14.462608325656701
14.234415884167591
14.645831356693218
14.022990371657578
13.788609538507245
14.494666833393916
14.113813601040833
14.275516109148413
14.832043778414596
15.121809093964822
13.620118108334212
15.273512184025625
14.025683484062849
14.0238844366721
14.348456735016294
15.04961657238854
14.054897166221467
14.033886284118317
13.499845876442073
12.866982729020858
13.918506061205967
14.636777840575048
14.42789010418204
14.139392484198817
14.050802765523626
14.327612926808326
14.142669244565141
15.427715172533738
12.375440373014062
14.634971145715927
13.549009503510826
15.047751077959212
13.724594813116937
14.296414058676422
14.619828049095187
14.212289277206363
13.055084035998
14.568266101249909
15.295950522021668
15.218314893686687
12.767744666600942
13.936632661368193
14.015749818014902
13.969608978707161
14.802808066837093
14.839585835938577
11.936903229712506
14.66048039737719
14.208623426706513
13.96288113851085
14.496286422166692
13.122670188705122
14.062930896238854
14.206946712998011
14.241865550687432
13.528475709703333
13.503245083855141
14.407400150850279
14.945802889165252
15.330179680711954
14.404720089226862
14.441859284409064
14.810028163124638
14.474280237331605
14.327168775318432
14.665561152734931
11.724500537987531
14.845492759249408
13.559081035321615
13.965328576190002
15.705990024899554
14.20451783555046
15.509991052948974
12.890213423900457
13.516572319000653
13.784949433620849
13.703587381411682
14.043970658389709
14.838480142882835
15.31608502744221
14.23318784925528
14.653346166682958
14.159646108246587
13.214891196473634
15.667173150782933
15.699752436052879
13.069551772101029
14.410424410841356
13.196026982178273
15.471775043826806
14.350355307978511
10.937954281586237
13.792812046677032
15.690113620125828
13.832294175743655
12.680601177391573
12.121289718982544
14.324767495573033
13.980153872595963
14.446787000280443
13.205445832671751
15.181377926124522
12.611882766924658
15.007418309963617
15.615832662447234
13.658885251397914
15.576200555817627
13.516474742854614
15.523747845068439
13.854962292212619
13.536547548821048
13.999484335164427
15.385518031021569
13.404238768779278
13.701993335016393
14.718453157545282
14.077649777958946
15.185125327467954
12.492992107274715
15.48805966594592
12.343764479226817
14.174895127719935
11.830380936792984
13.51870207096729
13.05053119823827
13.054107485333507
14.929086261739636
15.819897467133895
14.031190546309929
14.481402478322789
14.394819231847064
11.661897092584351
13.521873197109567
13.446015495324293
15.647488521700389
12.107950613716827
10.6151740825907
14.303965876051549
15.389993299715853
15.10222362884093
14.918641337717542
14.690564849693121
13.444069875510356
13.66231688685088
13.624433652795666
14.466211382112272
14.83923275252522
12.806364945008902
12.722010180959265
15.182704732239758
15.085532468464018
13.117170442810954
13.308365957425346
14.624621330533117
13.001644730620159
13.641656892552822
14.679695558733574
13.277271510348649
9.5982552907475718
14.56907976278408
14.031307241582258
13.141127115211027
15.254577251910563
12.281756363502392
15.433965311458035
11.886939338795754
10.032385903606988
10.422138686760125
12.818009755198549
12.298780055747661
15.847753632745416
15.192632617024168
14.315433154971622
15.283271693046228
14.106964736981544
13.623254564575793
15.306452118350597
14.940655724429268
13.814240237177954
13.605260793320195
12.780117195206232
14.982265070201198
10.645973012304662
15.105387547881945
14.360262698657346
12.200039767515587
13.356959693090163
9.9725027379195446
12.438933588829761
10.22612464790954
11.136936012361579
15.278336490393301
15.468103260427966
10.618371256693131
11.167666041452922
13.700989193452738
13.724647148366959
14.690073661344638
13.190019221133422
15.183429796233266
9.9694742700536256
13.35967304336797
15.168326876142707
14.713670281312895
12.626426843773181
14.78310523402166
13.481857440932844
13.920868902480656
14.842104968442206
13.911345181370715
14.254029451977525
12.362540491890963
15.575340213926902
14.721707212190873
15.61320444574805
13.340780529885423
15.319573115062022
15.563662213656439
14.07726552062233
14.762359390783889
14.227589097405701
12.245053889916056
12.228382524968199
15.084103256029112
11.920225704619112
12.591853909905222
12.046937875066719
10.03205832452322
13.710324614607968
15.468644559632503
10.260905282598857
14.339204327815127
13.82048840740288
14.964911964001063
14.679223017465686
14.077615802519308
15.450742764487226
15.133408167760512
14.96568043221367
15.141999833269777
13.002174963506603
11.84215952889231
13.805979070165277
14.704563830742529
15.134999898723404
12.180166212259017
14.779462028849904
14.231079377067491
14.576852959145064
14.213910086758709
14.758983435078862
14.059306690686411
14.325205788659069
15.594286859432399
15.129634066408379
14.881153473979182
14.261142616102893
12.38407576234448
14.562039004961182
14.027529712719787
13.249765221259734
14.411817405741147
14.379014282511491
13.776240790164861
15.081102266580549
14.605576252960139
13.396878842343822
14.21148657365943
13.736317262514767
14.339400608718629
13.442603575074719
14.980975204905201
14.264351226299825
14.558289187764904
13.176417914721382
12.748389267807291
14.985423156370755
15.298220856765044
14.101756595863577
13.530267136724708
13.531322707287362
13.199840763965902
13.286938494557244
14.213215733983962
12.916317451923913
13.468211808188448
13.794792007044258
13.29993267719682
15.722955503682362
15.093289735116304
14.695468471248232
14.734687707745643
12.479754082113653
13.875841913739624
13.909167056044382
14.77818454865025
13.194586239745137
10.827757823292607
15.311937825439724
15.48959776692306
14.944233141493738
13.880143742279564
13.936490950200568
11.816189272091592
12.889010261545675
13.239805165029042
14.205189002689616
14.149943024637979
13.253065369870086
14.74220723554803
14.211390950571786
15.531161555017196
11.752433631484436
13.083364074785591
14.564536236894504
11.216921514176766
15.089361975968414
15.852307936504539
11.739173428033215
10.267883337320677
13.795799617840791
12.588567524141224
12.95755224323219
15.488567474244103
10.461463531944206
14.628992681834418
12.092242752144253
11.046533118110302
11.47841993244103
10.829067653041754
11.81924887933685
15.287408735224608
14.574103056391371
15.722987130615286
13.158275862692829
15.206081834236528
15.702309400504758
13.688420058651271
15.42664259361057
15.3957542831502
13.310880822738543
14.125446217760395
13.114436732440216
13.933781798481705
15.268075116525425
14.460162820952304
15.391741647471067
14.87122384351651
15.335750102087287
15.64271143224256
13.781905724425265
13.947173077230916
14.551859434755633
15.232350568646623
14.204632365738295
13.574526219333695
15.287742013070476
14.371256794263346
13.411144703057788
15.423264062894555
15.275972586154861
14.623113416659187
12.561548387859052
15.402056981807311
15.750892376300312
15.113878765570096
15.683656090804325
15.02577419296804
12.425844987765073
15.478333047145018
14.170036512061561
15.909410905465766
15.949033499128403
11.390185787840934
15.736616976820681
15.558526517416364
15.940141495631801
12.937697793849381
15.571853515026662
13.724879044328652
15.678311095433569
14.667986534712735
13.608765650039015
15.733140023062573
15.283053561924724
15.243650814439301
15.771099604802449
15.181926866217918
11.662285084348598
15.734833798572556
15.351580681227944
14.986961163523613
14.60528765825932
13.675132114101
14.997348280538645
12.148935199868475
11.993293695586448
15.852011677280609
12.070333422333466
15.601394802537564
15.015984724194228
14.881629677604115
13.701359142705378
14.992850105025525
15.468514738047455
13.986408391904313
15.505948862203894
15.623388739499193
14.752963233209195
15.929653564614231
14.654605099993631
13.837964672432202
15.990569515805694
13.309519547688417
14.068747617278055
15.753077816104051
13.084045940463234
15.061981116023023
13.541933386335936
14.54201026863581
15.419496411331137
14.240135649265216
13.429869957210141
15.070476533732892
13.604705358729884
15.545621175960646
13.898282563753614
14.644324927358976
14.346144843664208
14.486782110698323
14.426696951689879
14.990259019549388
14.813664090930567
13.641355792774917
14.002728736959547
14.81325575997189
14.755377934216909
13.939004524292422
14.662720792630637
14.701914343372811
15.812277509135646
15.614727609895734
13.157073009789242
15.543990292595407
13.636523522859378
13.661079540027023
16.009009849870388
13.640644444392427
15.975174849041393
14.011632432069511
14.544620301321679
15.707444133156333
13.4922484732607
14.105503867389686
14.697732695304664
16.007605583619803
13.466571619195872
13.696137687263043
15.321379297509866
14.177232817829424
15.540672525026757
14.079676513604198
14.657466586821752
14.091548404970775
15.100094685412939
15.833990561784738
14.304511308965989
15.511982898635107
13.897705062835302
15.758916594485493
15.664094282567669
14.4772998118811
12.750920411977287
15.578477659052675
15.982749508988173
14.044393019500655
15.833019247713516
14.139050353613065
14.94058056975485
14.523849159712077
13.987030588897351
15.728463285722242
15.463496750016024
15.658157884841753
15.447821893216368
15.250208984794554
13.960397302206239
14.283061467108677
14.577401027323861
15.508450521066397
15.839844527360329
15.949889486956891
13.572937699076855
15.852953878409959
14.630327840704945
12.60373519750833
14.687568450975805
14.429617762426453
12.666551561243212
14.207875400799411
15.108002362973298
14.666409001385023
12.645605213507393
14.720458006531102
14.033501712570775
12.921896352573489
14.359952115629785
14.027649021491564
13.455903266734651
13.886656481042959
12.14936127672094
13.209763476299328
12.298744243540881
12.252656436787923
14.495443485136546
12.9471812710925
15.61695987678989
13.838509882117133
14.188467806443958
14.458840214599478
13.631629107290994
15.799635099234195
14.555192407953374
11.45380001638806
14.550553847761694
12.867257764330054
16.010503687877623
16.010499684833885
14.020087619026711
15.815665408234979
16.009210314403031
16.010502528822958
10.679664556909771
14.836572815104208
13.990253798655401
14.421199791795257
15.006038331752807
14.913603817721095
14.414812429966755
15.708807736793274
14.672451581755361
14.486142408310089
13.628404802148451
11.734352413570381
14.351003152142605
14.691794520883189
14.4571038787909
15.906873729624689
13.208246197858957
15.29469696042953
12.562672536021198
11.381316459548653
15.83113039115492
14.398224212280022
14.785186404568616
14.600718480998433
15.021299660905809
12.274862285376329
14.731732537577457
14.699720492824257
14.439378016796736
13.721231617282561
14.878738085805063
15.676540443479707
15.515332534874158
13.067724929336377
14.297040590638584
12.607746747229363
15.922304803795031
11.302854003020148
15.219439665188354
13.988938785953794
14.440057651715115
14.054829916524813
14.112714666148431
14.949671090306801
14.771097060045834
15.22784200228282
15.585299268539885
14.980880163976249
15.487640277737018
11.736425601619231
13.516933698131751
15.198806435203595
15.664895940182191
15.750718217943851
13.765505310405539
12.379242382019662
14.62940260146998
13.150418918161833
15.733296101055268
14.71548973027188
13.539491941198422
15.65637137415233
14.827180162680287
11.217257546504948
14.783310831897685
14.879639641311108
12.307663389591672
15.880832117032051
11.738467237305334
15.945501748708438
12.254229132271135
12.672436476335333
14.666247602788463
13.33166970580351
12.629922991000477
12.946192739141148
16.007636215675298
11.562418466567886
14.45203801317631
15.114699114023411
15.085320330837122
14.239730035858171
15.506721037474863
14.888316085173308
14.878495644268936
15.48256686680951
14.707355379628172
14.370633245227395
15.810195785380078
11.536423688975178
15.212473069343762
15.103894018009228
15.162778876385348
14.821019230316148
15.932714666806028
15.995983734124305
13.0774894663575
14.238130291281937
12.178830944751098
13.792259648944514
13.524283802172292
14.340431477271801
14.615338110512912
15.351177112956988
13.775569532103088
14.60049936227049
14.497936726341216
12.201830923507368
11.137063320643135
14.424650065691544
15.589938559893728
15.677611291853628
11.791094155852381
14.150186156136712
14.034076040420173
15.052864258064838
13.337702188792724
15.211928426176069
14.525515611396875
13.454432208784503
14.970743926293567
13.679515520886559
15.172742776205757
12.388133751196275
13.250264780676712
14.580507909818005
15.125383095289452
12.944322665377097
14.194649192953671
15.337567112140968
15.032391458376138
14.718870871762915
13.279444244650691
14.471888111208809
13.50550598713782
12.231706758907753
15.562709739100276
13.96458500422254
13.035374110461385
15.878687766581981
12.374755210108418
15.412805539035819
15.924829872605192
14.109241038924377
15.922057579334226
12.132636586011017
11.789544932049331
15.590918523395283
15.348282044300511
12.397219698002617
8.1223052355444008
15.987562108387026
14.806746596670978
15.081822293196193
15.618422331139586
13.014234377863898
13.487822879247302
12.677302510327868
12.646807529452301
13.33301768237604
15.162797156216795
15.02916928414661
13.925467304724727
15.6376777225986
14.950926339569707
13.904738240025617
13.719959245009353
15.455682589706582
12.716749091575364
15.785721529493806
15.842487609381248
13.536247115194888
14.17863062498003
14.816732021108907
13.795623660711589
12.155738431817714
15.609227258120379
14.278344275705946
15.946599014892501
13.921678649958388
13.01349824021842
12.395246175004145
10.522717859449623
12.813565085775048
14.727586994994503
15.782400688057576
15.306644444772381
14.256211128294721
14.947294695307265
14.228214781352841
14.905353284326806
13.948081542292035
15.090885410583368
15.241082426474433
14.0106261339456
15.026924869517353
13.945882118909308
14.225009397268062
14.926468095172643
15.582780261971131
14.277029049165023
13.612698583356059
13.881110250112325
14.308645916460437
13.357859537587359
14.880144055695968
15.006949031639786
13.733843428214829
15.030039799575629
14.568063810083231
13.679794200918185
14.424323468921756
15.851392700618517
14.299197277878168
15.736826032941813
14.047515427891001
13.243245427902018
14.28593020026895
11.220305038300006
15.717757776215143
16.010426049838511
13.839764141149967
14.146370530761038
15.498423376280529
15.76860426307943
12.336513386883725
13.952138053479997
15.244847332604202
12.073760786461611
15.364921739441698
14.588980675576712
14.262705153385076
15.441502723284531
15.543181612045567
12.900747518723769
14.259573473242087
13.802944758511224
12.062954082838518
13.490932415868864
13.393081224941366
15.636743532346363
14.917090774030662
15.187316011717776
13.768352619974388
13.437711474196844
15.560365766371026
13.90086524299271
13.706590232195085
13.808793858397289
14.763371676342498
14.129729350344212
13.68829902925494
12.783355063785621
14.454335865657969
14.597599240308604
15.128981975317151
15.442373030607049
14.792443023418755
14.571658759989107
15.36643638059355
13.725019924520295
14.394802654867862
12.805533381323382
14.6757982548153
13.764840224276332
13.643879484133246
14.451321830655374
13.066107702926224
14.756305356290017
13.302796854043159
14.367497403696216
14.336212382891366
12.56116753479559
13.542057201413023
14.571074976997922
15.211234809618285
13.148945597918091
13.262904318419341
13.740933158962132
14.360905964519723
13.610593179226292
14.472678520193417
13.497048693168034
15.192004501401046
14.601589971451588
13.850361014590002
14.279058422416011
13.301689644755887
12.535889845495355
15.553984812418705
12.848946246117089
15.247754252354182
14.185915634004777
9.3039915023820257
15.629323896364333
11.268789357653537
13.854201833250029
13.318456401497766
15.885893422836727
12.284809216582637
13.735103513819727
14.95905553635869
14.1995675332875
14.883828268465995
14.187346687130049
14.692038472758155
14.008272194642037
14.781501973649544
14.953944236237994
15.278124680287855
15.235089565864762
12.382661544090169
15.07033856004716
15.668677210422473
14.279253833507502
14.673787352004654
15.582820973980903
15.906135417337641
14.863558775906741
14.228799742266961
11.473999662191602
12.941699573357129
12.358758700106414
14.750909298216907
15.211670011874107
15.751384586998459
15.108710153929611
14.263485093499398
13.952539024233223
12.069168853872013
11.893680663597054
11.810576973085194
15.319103624400778
15.362375130348122
12.404964660895077
15.080920760313878
12.406460497763595
12.335612968765254
13.395231982973096
10.402884183545229
13.742304320884919
9.4120674657434353
13.874350768812091
15.254531504600809
15.585626642864097
10.063042776045947
13.676256547732269
12.304982918415872
14.135593985951809
14.710656881090758
12.894544446052949
15.498644582641985
10.449242449546096
14.271889264669566
14.104406568923224
14.483108763398624
10.307615827237182
14.911686252266533
14.672923172493268
11.620127816783937
15.14529922929936
13.486562739846567
13.669515142427905
13.053580155778889
15.224835323970879
14.880309873705206
13.410215665856549
14.688858558260531
15.484285310537707
14.778783051459689
14.50541005367295
15.334929695420689
14.9523149189907
12.267378575528612
14.415767408177249
13.512479195189094
12.794176320128345
13.837073719472549
13.580518466685271
12.803881758128242
13.604684257858164
15.164155430001633
13.806307768251397
15.433475846251175
11.689576927029341
15.387549519245349
15.037748091845049
14.411721292250695
14.542799090470041
15.02912850388882
13.8757695169383
14.430986615923214
15.046213510571214
13.810476243885942
13.884352224479864
15.304415378827239
12.887164219154515
11.886904801452285
12.188937731582653
14.377019733250822
14.445662631068746
12.881854687534471
13.2993173145637
15.170449931003724
15.29577290389598
15.086460770238691
10.809381832408242
15.069586724308017
14.599380636546574
15.194996261275644
15.118666421343162
15.300942669554038
15.32579365595474
15.332522719228773
13.043475799836655
10.07258630476322
14.814360979478966
15.014760348607684
13.660052160192798
14.670558426109086
15.0919135097975
14.357710947385982
12.465082896240451
14.629924843381632
13.325966417521519
13.338992897011353
13.812761185860936
14.99754761917224
11.820655354625822
14.395948511030168
14.56023233801649
14.417454539278621
14.339563366117485
13.95075413565174
14.623344624421216
13.525353541619408
14.374583437409965
14.208904643648397
15.149368141773941
13.548800594365819
14.079429037518125
13.455485500310557
13.843665739242068
15.186753125815553
15.302991354500188
13.763826917455496
14.857773498043301
15.31861720748128
15.629375156725178
15.281135494487964
15.570838310767343
14.545926554163307
11.765778926403401
15.264311990044261
14.896556708901318
15.070010979804939
15.444622440721247
15.057040334220632
14.398771274737816
13.619625790379565
14.151231138511719
14.612138031265903
12.92456086894031
14.233400542162366
15.406675809210755
14.223031743855875
14.642255031752581
14.812138696035435
14.901506944107945
14.220490622051035
13.973798653051764
14.633164154608204
14.862164380878266
14.772052202752247
15.396096767858195
14.340292385314756
15.020359761112148
13.229404196105365
12.598219709183146
13.304528439659187
8.8745843282759758
12.458710430854271
8.7109440368697939
13.212111486630235
14.13965447491473
14.29851395978104
8.6114325927609805
12.829529204874063
13.474458344954179
13.095747923904385
14.118869584163736
12.412846731309131
14.470768583012783
9.8032462886791016
15.394491010730862
15.242909813002925
13.584578226027396
13.115240439602196
14.204629921686594
13.072182648297783
13.726378097507315
14.516856950976059
13.268175079157995
14.134799145726644
12.793387438743203
15.290457799531293
14.270130043620979
14.317908433675584
12.072948054347032
15.273253368937709
15.31478032891728
13.373067736092345
14.782755084429677
13.362501241318299
12.719953282834032
14.141956712936199
14.027021550923109
13.339364259141652
14.04273179333838
13.195322834753604
11.30443913612454
14.462801253532698
14.668682096334948
12.170891650862526
14.272518830486737
12.92088805507588
15.461000943321341
13.878238712727256
14.675269713821786
12.972006010820403
13.609202981232144
14.71313309641233
15.022642126540235
13.667787625715153
13.138187890354807
14.343349003785516
15.173939135200156
13.790290032932443
12.039604649947455
14.627093186701369
15.242444079527182
15.479256529711561
13.636933280202248
14.645460406838538
13.517139938212756
15.186577558763341
15.543010793553043
15.138657920640778
13.536241027051561
15.552599482089869
14.515257766116848
15.674232039753273
14.533530765730868
13.521056697019981
12.170524451107612
15.382243393789452
14.895935024808347
13.763200275444403
15.268779685729287
14.820692523954916
14.601228366097365
12.531259248090725
15.674221430905023
13.198352993207322
12.798462298465587
13.86973427264663
14.561270808429541
12.400410952788775
15.185191009621699
13.96254431486892
15.192542042941341
13.946446361316788
14.418506229912646
14.276038818436392
13.753544538046373
13.956848893761155
13.220572893742805
15.572872065629404
13.335836671347407
13.372831022546151
14.179768212718843
14.691760154743607
15.377408907023124
14.926326506842386
14.074678330636612
13.054787111361977
14.673484840267552
14.440458861081886
14.477065183746909
15.001020809216234
13.258962749931683
13.088014026422151
15.106130165045023
14.985569008100441
14.815608497609984
13.777379048977496
15.428524997399787
13.940535370488336
13.270636072492049
13.656049478862029
14.093341696130171
11.221184348356577
14.610828906932404
14.68479569276003
13.775161552293417
15.401559031542361
13.127974727137946
15.668175460297235
13.301752434895207
13.400891208631315
13.415154703428579
13.058746166270067
14.039604002931313
15.141981894676737
14.882333228758588
12.812250097182622
13.536994433568646
13.364505811085742
13.851138213645202
12.911762683517196
14.594919859515977
13.959092110750332
15.343112194997524
12.743550496399985
14.251490111356667
13.651904315039426
9.0298588462136493
11.328781701594949
12.576585082300081
14.328287468949377
13.714618792938225
14.75337641063771
15.180214404151537
14.491957506566404
13.577862883536936
14.247048647398335
15.058816883566237
13.502926915719137
12.320561264213417
13.873272187719364
12.786537636613829
12.753928165391805
14.986177385373665
14.8525755927503
13.682439920693216
13.481016175922598
14.824151121997954
14.946008292161466
13.905682485883077
13.203918340923066
11.805872075745558
14.23331534860994
14.592534500084408
14.07739017523766
13.912750746405075
14.438601937199646
13.972904492465867
14.370332682377981
15.160185600529452
13.494532041989007
14.710293213864123
13.238700238703403
13.987754464251035
15.154229485012973
11.53583330724377
14.750907310127623
12.847790694767353
13.128386911338993
13.726588415435163
14.653422774369222
12.920738960032995
14.587508019825103
14.869071178948291
12.584024145809247
13.977530576073613
13.892231922683255
14.167127847274834
15.013814100743197
14.835485552812605
15.05969970444062
13.870700848160054
13.62451148081799
14.78175111900944
13.318128761917377
10.195570616778133
13.792839428403106
11.094127532346363
13.070634125286295
15.485794587543174
15.49605685831334
10.883596896036604
13.268432872200091
14.42526926046849
13.0620172848382
15.244785739661415
10.693229689763486
15.678001977313892
9.2797064853900739
14.64531041870792
14.281544045125825
15.56051818657458
11.894468765823214
15.082994406710345
14.906212309314379
10.735679783134035
15.545547014572678
15.530760034696208
13.745203224870894
14.745178194900639
15.568358980642103
14.837123466074875
13.687360077410899
13.373340100121018
15.607014260059643
15.59921994897568
15.594828152246652
15.770842568066518
13.55330885251213
13.63232998824547
12.252992106824426
13.498741800973932
11.235446281312029
13.157337913019425
10.732055308940048
13.356894450344372
14.108535926043652
15.607231857027013
14.000385926363256
15.607593844947823
13.806023947582212
14.770694441910862
13.873858680974308
14.708245215156888
15.369013483781632
15.357610965092308
13.74307198719824
15.684721745097161
14.75287547166527
13.128292371898679
13.970835485075336
15.576082706051448
14.76820307992525
13.033024368911281
13.698679813869347
14.922938193908365
15.029861612179555
12.957749568228765
14.904086262497525
14.120289173173699
14.590922577449161
13.933622618281593
10.447466805945854
13.805129531151124
12.018786156818027
15.087606909706958
15.019268597941055
13.50755014558759
10.945487160025221
13.040056713514938
13.167802794176913
14.697485654804215
13.070849377075151
14.774641601459599
13.334199168251592
14.500117572088961
14.005316441233203
13.702866158531821
13.413921747040551
14.258371992580033
15.425601070861108
13.296729456218475
15.334158085926354
13.068031443030247
15.3320822718846
15.240241370418971
15.202243250980656
14.120343590318027
14.345422839422064
14.996068188545268
15.368422650631242
13.353337735722937
14.531308194634638
15.337657258831749
12.584045915234384
14.709646392833594
10.699392771758236
13.846811681408376
9.1105754134557468
7.8062860397907752
10.52596502310033
14.100738150038909
15.619746913848875
14.683115272452515
14.708651964330153
14.802565590838064
13.369192493153351
11.597409148513337
12.893909686635762
13.674213958378923
14.006135820950313
14.400793841634238
13.878636620493552
13.767652481924962
14.034317435069731
13.782112506420731
13.294017307469719
13.975932758095462
13.894773718270315
15.442329024614763
13.870070088607294
14.246024476906834
13.789287026171683
13.490466176810406
14.027101196824525
13.511285497467606
13.789891502733878
13.055030614323115
3.8030748835464201
12.259116434097857
14.659322993145668
15.147859781261444
5.170287758621166
12.365759105611955
13.714388420412497
12.655721696501827
14.074211950470085
12.264562439927682
15.510307981020521
6.3221191116500659
15.244401904910289
15.143698983057149
14.456222291605362
12.151808434505279
14.339372283017337
13.676100756642464
12.65278203156605
14.583853217071114
14.138617338979227
12.903374151535658
13.254237665960531
15.484552284187421
14.835672235720883
14.091954559382877
13.032677169065852
15.540027205726938
15.596117988884311
14.087956385314051
15.164133581616829
14.096560343565091
11.127351016532161
13.902490623457581
14.485214425487808
12.440256104531949
14.375380410062057
13.039459396470807
10.697916272843081
13.444350508573059
15.452054046283243
11.179758165204266
14.742316876786347
13.300606525793047
15.886603800478175
14.287011469872297
14.557240140767956
15.053833790875283
15.119971440340098
14.460797404123875
15.202504637247001
13.668228969173541
13.174554062202212
14.128656315076054
15.540457543778196
14.383522091531297
10.499031862265594
13.931069023057486
14.678514233635687
14.850680227383144
13.414019383556985
14.801283418775721
13.898135454646816
14.87468230511999
12.927828949135998
9.3366183883427354
13.536444033259491
15.664603394652184
12.503214292869734
7.8943964477876047
14.006249805588883
13.400318632151519
13.695062612728664
12.018171297140414
13.881655967999476
12.827994502341619
13.140018817474827
14.567757318334081
14.607941818427784
13.229652617050453
13.70543181843412
13.233661616046129
13.967457538894449
15.457988828326494
12.993004581888981
15.57761561309565
13.077115036052577
15.407043132248083
14.25125275444559
14.448852420474482
15.113940781770706
15.525883429329902
13.411606447426424
12.068758494615929
15.448240876900273
13.655781062820859
12.661056682282624
13.456168126981433
14.269060976961567
11.480536479370015
11.945314182571121
13.288818913422013
12.499158446709014
14.380443149724915
14.067391727364869
13.221218211334641
14.312928179272831
14.47390510843222
13.368411084584396
13.322870396930076
13.438603491557053
13.569243566748959
13.298061727151355
14.45514978529158
14.23418481910033
14.246313444993914
13.730373335754834
13.349742277755253
13.693100261408667
14.347765285770661
14.507963922069761
14.559078842778057
12.660855683286524
12.888438580153146
14.411125794190577
13.614488076569367
11.88623669161686
14.877673842363691
12.619317213415354
14.642968264687584
15.194276280189557
5.4260147815795428
12.445348647009231
14.054718721200619
13.093760944199055
13.81557332530595
12.545081120909005
15.512544868601717
7.4653852254611728
15.092168338903683
15.089917587455798
14.428423489450578
12.187746570865361
13.978105000497356
13.430061819326246
12.542022516040738
14.330107271372871
14.255625405824805
12.990370016431967
13.225583047700997
15.382106953646609
14.837667416240359
14.219929429009985
12.767698357196249
15.536101738374718
15.564753901007439
14.146833705477256
14.899055594892923
14.533683876216129
11.186511288138135
14.371958730415395
14.537456857683418
13.046786466037236
14.612499864848534
13.624837441991145
10.241711033643583
13.501072673853567
15.437106550799918
11.205392336044973
14.486719960931813
13.342575246654999
15.91136348998397
14.621714682516254
14.741944870820621
15.092104578012027
15.2071473629588
14.458853673904017
15.258700483462293
13.776737592590374
13.454913891848364
14.568614281355588
15.430629480351127
14.445194340941445
10.393338825350472
14.114990189305875
14.700645192765993
14.884457722430762
13.827284430393252
14.417510156218869
14.362025703543649
15.003808643777507
15.051250186847701
15.335229425753489
13.080264233737354
6.9382158457445966
13.877606477123701
13.616384865152748
13.886892410502369
13.31668830577865
15.541330447737394
11.858774462873376
13.450701073433038
14.694825874687622
15.400199196759468
12.93794374108227
14.516428314167127
12.489134831981435
11.970213141313364
14.540578829942069
15.126072072871697
15.190102708281422
13.905667348740574
15.760429571331562
13.944604972469893
15.370731527733488
14.968133209206302
15.842375631296909
13.693846973303934
14.198168666708026
14.79876358901795
14.234629836808654
12.710716123898065
11.98922764421792
13.893989540745977
10.021610631983823
10.975303158009403
12.179498802585991
12.158730537775632
12.871819636975347
15.826219610390277
12.688094101129414
14.121152198064403
13.778446899893284
13.417713797452068
14.338961296010609
13.381665921568247
15.432542431299666
15.147092050036285
14.957746908207854
14.677779962406087
13.891781508663374
12.926011793617452
13.567424196066808
15.158494585636213
14.161237018760218
14.265121385939338
14.333573549531854
12.79822535727088
12.977319471465757
12.54569495144044
13.769508091447797
13.521488605007514
14.149793539989089
14.993745753895855
14.238510439739915
14.650103213821328
15.439774077114295
13.027334919366824
12.635518030087603
13.72755176382417
7.7863255884450524
15.030361286717199
14.555917457212123
14.177400667295789
13.735265640701485
14.858310681943628
12.462298084172764
14.604716796461876
15.40633566568523
14.604658760927572
13.322112816990824
13.812966335123745
13.835054986393342
11.529395846074634
14.613514098468567
13.389627437716102
15.341593349431999
10.61685434146043
13.404501367537872
12.497499554185371
13.618667331011356
14.528461483875459
14.237750985595579
15.740540282867986
14.361566820208118
15.812705164822241
15.869256410309587
15.707434817727693
15.108218356064551
14.881661891996492
10.926820225711905
15.017991707168321
13.26060511189189
15.169503206162492
15.807627261738922
14.33161985691879
14.348392885451741
13.432753442449618
12.749532375542723
13.810426798136621
14.468380779377119
13.913004633600776
14.78498699547114
13.355678244205967
12.024171868343332
14.898680514204992
14.516986477769082
14.678602542455048
14.587584921062914
14.675393967178927
14.193619298999856
13.765350074549382
13.412144176359579
15.891198138381082
15.286129984064955
15.487551396499768
13.984578735937463
14.83976918003874
14.468488606552553
15.133368368210874
14.657375352872327
15.281784279980537
13.282282967494927
14.02093285692602
14.828347364777436
15.648762031187935
13.283793765605672
13.449958998763455
14.85497335538318
13.691903640853887
15.431068830957711
14.310791683613713
15.519932212708357
15.216823956323472
12.280892225485822
14.960397332302538
14.070948602286
15.056205692529668
14.872779923365737
15.187036076015424
14.275344837743475
14.758150692106003
15.655980316804355
14.70702545085557
14.763438108492316
15.680751810329836
15.560633315925541
15.569840518804591
15.645806941428576
14.527035255982527
14.349409301074399
15.518001388505573
14.419058625289695
14.926064402109471
15.163532657238646
15.088902401547886
15.082722715920037
14.742314540895842
15.690243048077242
15.94819591051033
13.168793637451994
13.82204316777306
14.705189065568867
14.534199368067364
14.616066914361067
14.295688921627322
15.605900303977585
14.592441871091344
14.000473538624382
14.394018653543059
14.32923200547042
14.147067560940858
14.556528927232788
14.001478090223996
12.673701550195782
13.181923072928441
12.625869538962601
14.148788780636268
11.079838553613042
14.988831033152888
7.9759550972576374
15.18530419963292
15.244529595307803
13.774580291428501
11.694095718761924
14.503794204720691
13.611647275410551
13.284038846179815
14.834420289656197
13.129919597789995
13.271674812301175
12.648656100735106
15.551567798413986
14.870891730182525
13.039207965181417
13.557516974890262
15.585159886764512
15.490472775067566
13.140928414242264
15.327353642577087
14.138380323413779
11.652758580740079
14.518879481286961
13.561477012668366
13.033525087066717
14.701561430066322
13.60209826854115
11.533012040371659
13.510559642233739
14.692115259376306
12.004175766057058
15.04156710689144
13.242292746147372
15.809913911135055
14.150434623648536
14.620630688248117
13.972161637268076
13.9354435655834
14.665358896434373
14.662780822080332
13.831388805718051
13.750562617342494
14.265363475664735
15.421958607369918
14.361540270979583
11.203981194018411
13.429109144151113
14.770168313631592
15.076074205442575
13.840461286893502
14.996832049313864
14.291273156071192
14.683381719916602
13.86358075925938
13.076649849189947
13.840670548844656
12.789030249716294
15.017602986288114
12.162724505860924
13.461319205722631
13.878945271025144
15.116055552274522
13.080329795681356
14.582859528328843
13.238777099249242
13.019917344193642
14.643279815112853
15.087578318167212
15.465811026111567
13.60430243822502
15.598416236714147
13.851479918272418
14.705652863522772
14.94413740539302
15.750345098006866
13.062860752088591
13.34935974173335
14.943278331790177
13.686101984337544
13.146508462999314
11.605879663397445
13.86245722223134
9.4390626210224369
10.529621839870739
12.778806889665836
12.563658281372897
14.568647482392123
14.818804542612474
12.710438659716774
14.490920668938873
13.98136083381597
12.803715119315942
13.657414498146858
12.648140569370753
14.123735557596239
14.705609121140608
14.095496483071795
14.356882425643937
13.119062490982792
13.638246552687432
13.80880674569447
15.197720997498461
14.027581232248451
14.482951172866208
13.949022508362557
12.351562078562969
12.539369760591113
13.411871346140449
13.603647350148682
13.864726966696951
14.522230248062952
14.767043735494649
15.448003939666108
13.99903898442801
15.420055932934867
13.25472294072441
13.524853910917416
14.543716236654726
13.149412191724702
13.397044285258707
14.920324289410829
14.384701727813596
14.299354071615614
15.223971319095975
11.495887782183116
14.382528448491014
13.054332602946426
15.74716204136009
14.350330468780244
14.554846095997421
15.3236137645691
15.822974500121958
14.828272653561655
13.608210873192347
15.580561172285034
15.192548626203237
14.234550227490905
14.562522385294452
13.801082655358783
13.12025179212521
13.823055529013985
13.840713357349358
14.107107884916672
14.070638864372732
13.795107214201206
14.465495968470247
15.531127181642978
11.630975154969276
14.44325551459246
15.314295854340877
14.420903176744851
12.489536938819882
12.693650827091011
15.01153806734383
13.315262708887014
14.561155653712353
13.895864651716787
14.988607185483522
14.685721259356436
12.183502518398541
14.309377196980412
12.900818632422133
13.651983303635445
14.028950686651218
13.621972840794447
13.897320816046268
14.86062001200753
14.62390508933038
10.330176636302397
12.48112144370357
14.158056021298433
13.107711360809903
15.047474068317218
14.914729959099983
14.253547288772607
14.694994051156216
14.608212995708852
14.294028226201641
14.079072660748801
12.781322867622954
14.171625045346561
13.701622199399957
13.843105924967908
15.546281978277959
13.49257836597028
13.354698016591168
13.293648495265719
15.465639138538201
14.440228751137104
13.734405883368748
13.805336324188222
9.3085213048446391
14.536169967883763
13.762732342694415
14.563950176947241
12.33615981689802
13.907376429202808
13.592126141964124
14.337192730218733
14.786825514886983
13.93742257726201
14.310268068901472
13.956371876337672
14.412381114752101
14.315635518019464
8.9400916997395115
14.237569531554204
13.350845664210274
13.826328089579503
13.607099162032881
14.651393560249282
12.885183106479104
15.009107776154567
14.404488213414153
12.376483521232558
14.102490714150253
14.611939436857735
14.36514476471779
14.337504624440449
14.235548830429799
14.488821769544026
14.650469895135407
12.516629553978609
13.352360487517529
14.472420241775026
13.300952728524562
14.808417396274683
14.855354974648103
14.950046097829244
14.551866843575665
15.046848260858411
12.976783430708846
14.026933409003947
15.715908983891987
9.8242514664703151
14.172060641464421
11.148321654353255
13.878646925615854
14.095347364862292
13.461954594633186
14.683481719414555
13.736538406027652
13.747265822841712
14.022678356537686
13.855065006517448
10.181787294449343
13.963533378470878
13.926707909196971
15.297765083841709
14.697904692050033
14.059643438450658
14.826976501847168
15.134038530552941
14.419368356718676
14.55875026911375
14.010818953298855
14.693386680649168
9.8346575411463739
14.620529650561044
15.059307374997669
13.86024329163255
14.243497965812871
14.332365567919465
14.160069505609279
13.567430470154692
14.770168868977533
10.902745144178123
14.937011154107134
14.943728576846052
12.959809383427908
14.647307363563062
14.206714980264877
14.474590073314552
14.111682213751704
14.109907972245466
14.548083689733893
14.004887289061717
12.632720759720128
15.202448514948824
13.294482550013726
11.659917247970318
13.806893371960067
14.132846098251049
14.658471297553083
12.918529869855989
14.351447864131815
14.043025625548111
12.521087243106718
15.248065359915222
13.854874663326941
14.469616970428682
13.88841559387201
14.9564109934597
13.895867767787168
12.939742444050038
14.41300989180713
15.298056454835912
15.282219738081722
13.575576531260454
15.480114480416587
13.159894632006461
13.949354920598932
13.979555406030707
12.56989413674895
12.723337805303693
14.407641587482274
12.980580149637936
14.512914031919999
13.98421189619013
13.862264996624869
14.691180492694391
15.152547185157021
14.812178137992648
15.533002105264352
13.188374785456199
14.245891614134605
13.03716418158387
12.75060055409938
13.543290957872728
14.478364794231943
14.561042759183929
14.112051747035727
13.916443800356003
14.180390643923875
14.627530102673209
15.063372981556061
14.022156108142305
15.047163629597307
15.422025094543436
13.050929863585935
14.767619254568274
12.745251510101083
14.940192141425882
15.390927792160358
13.84730246654706
14.130212456808069
13.188877144525092
15.188742375471476
11.734541684870944
15.074663985866318
15.532000679167659
14.928305759486848
13.258127246119429
14.263216706210432
13.80075312293507
10.408280732485478
14.362660932616807
13.906532897083748
15.610523280852036
9.3055019374711083
12.53935909742636
12.672279481708333
14.143202232153213
14.087715827516989
15.595660734265037
15.299292932455755
14.415250915778786
15.775798212350518
15.597988241886069
15.752245003360201
15.764401353758958
15.20213767493548
10.498832322597679
15.676829572583483
13.606895382230755
15.86128943930926
15.558534956443221
13.823238269274331
13.585997722147949
13.246853860688034
12.511340609634534
13.940501289910738
12.968856479698896
13.747401709973479
14.847372038964545
13.317815132654097
12.206352294293435
15.086850458775569
15.560157031557305
15.264698341831526
13.911179386030577
13.849996808039679
14.099157061610834
14.794589336430334
13.265259878325535
15.735829544051578
14.919942399986365
14.743994683684969
14.494546016736651
11.719128062649704
14.919440262926367
13.899311000888508
11.820349264639491
15.72793769890686
13.848617175846758
13.918575246223114
12.767404738872363
15.585557366635127
14.563831463785444
14.377865673199288
13.615387167663071
15.599734231808828
15.515382727955171
13.633185915884722
15.878623353242368
13.592695867388411
10.565530355037087
12.893002373714523
14.508661396394004
11.208460060118478
13.642186471142855
11.7512289940532
10.142712406848174
14.044288517559197
15.520287517192349
11.034554446536523
15.07977504054799
12.584713237910915
15.78636944309857
13.963765448481828
14.721872432902568
15.221937387438114
14.950199509304019
14.239639675457479
15.259619348880289
14.338631500478586
12.018720619587636
13.702165788841082
15.550676309822522
14.383504504199776
10.55548806812952
13.896409577569669
14.785612513604136
14.884651711096392
12.838537714628547
14.847875045417677
13.313519112500527
14.598453510221873
12.306374140518463
13.825780955349602
12.290974021216952
12.743631113941536
13.971019120154081
14.365156567225533
15.655083406771331
15.173331120700096
15.452896962513455
14.484791979069954
14.505779751493758
13.11400728864848
15.46044250948014
15.594083381172181
14.450057242627825
13.179020894505147
15.087964220242073
15.597296427846759
14.632225453718966
13.991819099406802
14.298176766013663
14.335044685278019
14.159313925376317
14.468526022943644
14.801326133734602
14.09994800992793
12.477493734753438
13.958434710517405
14.219345919055856
15.601751400304385
12.576527617195044
12.946214415184945
14.761746037729749
12.545655369286882
15.00659388148804
15.393274013943499
15.076384478117996
13.379547305664014
15.101034409724843
13.200934092810574
13.056781621879603
14.617103881023196
12.361092183620258
15.220923046284298
14.793722451445174
9.6861137946752347
9.9164215066867598
14.755720275701041
12.208018810729261
15.20507648995037
14.47899996596249
15.610831294552314
12.358466697791263
13.842326524492327
15.941139059253681
13.402885198436968
14.829912800003513
15.55240802826779
13.765516159190241
15.570948575080729
14.054133612335447
13.480308762078455
15.038979242728212
14.320943598060092
14.120683221185192
12.546023175244281
15.72004533722866
14.680463585074516
14.615396415393946
13.966775146155005
13.693154542979002
13.653341692809828
14.54209623748252
14.169699840918595
14.817803313487325
14.121646020967191
14.745462428416912
14.141577738979491
13.64088199746479
14.629102718747935
13.50333978789461
12.987312939161363
14.845236269595858
13.641117190689597
15.358238117531119
15.395731411913175
14.020332995913646
13.991519372138843
14.026501709503757
13.78078936278936
11.718026464141078
14.249883179244184
13.553294623341213
14.603112136211987
14.415499217769918
13.524802090225203
12.695722695991979
13.034287977557959
12.853119312418544
14.835332824666811
15.777147221385508
13.459117964916887
14.644572744407524
13.783600306261542
15.744391028860266
15.782482108263791
11.875007920450996
15.31585513415423
13.672222766066787
14.521846163872269
15.365639346343507
12.781340906611891
15.466763809156308
14.144945139694238
14.684583635395407
13.449266623642684
15.751704220882335
14.983497094545877
14.836643530832722
15.742943708440311
13.534308485178347
14.273346468491129
14.710581762589001
14.869705193885233
14.601388647400777
13.928221523597804
12.989366027790442
14.942834893322646
15.62338178847325
12.463436618560184
14.847715498314368
14.39811988994655
14.161641269269863
10.882326011192319
12.120841164025402
15.298624707816256
12.036146110637723
14.801079761095888
15.352120688045316
14.77887945847303
15.403105452415423
13.366576604541525
14.291674475101038
14.157945823028578
13.08974835662235
13.396624631685668
15.357801647499588
15.260885245479818
15.71936007678109
14.989319320963846
14.990586919145729
13.645426252657879
12.727787390041806
15.271108077738958
13.932943310567437
14.860007070638792
13.124745747864289
14.66677793091808
15.173858880229277
13.536190073781077
15.040750057678427
14.335296253396242
14.489592065782393
14.919874060257833
15.218317335681032
15.408784921359803
11.555320106915786
13.716154766440201
11.684857101124205
12.442888857365373
13.381861709425193
12.569195914970333
12.272950794437472
11.828282442229243
15.635251566705675
12.998521998503625
15.162445820903223
9.9733282288328535
13.6222040698492
15.368083167459456
14.21037004977091
15.05432000918686
15.280141863807088
14.012773133019119
13.82398194627695
15.215875325597617
11.19726221071595
13.107521544786954
15.526548383500662
12.210774516442575
12.411944243543793
11.501153402154641
13.365413265815162
13.188532459371777
12.55207088312309
12.580332355622215
15.519968464974996
15.402136450344383
14.805417252739906
14.013573320765554
13.594657477417611
15.411297317749636
13.492692518209342
15.820241852894458
12.227484402114431
14.08210383634812
14.82196500767842
14.385077751478184
12.664298136830476
11.915010149334325
15.433446735965429
12.684999953792213
15.439474314489649
14.446749422990909
15.031201596059985
14.442818991873406
15.024421811822583
15.02797883021846
15.418348182074558
15.205007138841701
15.184826693068638
12.885315672410853
15.558440608008404
13.15575422491075
14.879245897704349
14.830480097045873
15.351794573197509
12.95510240401441
15.559142923975616
15.91011609002911
12.211654402417679
13.531535259010482
13.466810867670914
15.541984553124614
13.780700806196892
15.386895859865382
13.922918324121762
15.567990981079593
14.600268460085459
13.241317748004981
13.284031484352667
14.092646820536618
12.31125270996295
14.971488918841397
15.784829985832683
15.1467317919167
14.609117596508245
14.652155259560054
15.613278503956348
13.658979377551374
15.224361436477169
13.35365189642417
15.39911137902752
14.476786193152382
14.857999089794109
15.67875394259835
14.473061958131961
13.957484196646286
14.710186482235176
13.324645074093887
15.630290683329186
14.915789481552119
14.698051247448445
15.631639033620639
15.337563176596383
13.256787701518753
11.722253210106429
15.547863829624653
13.579055422342226
13.410668583572665
14.25701660862366
15.600753476050279
14.629136547232923
15.333443500199012
15.444131298680293
15.605906645594361
15.371892972154699
13.404342688249347
14.135741045848244
14.476967478689634
15.671371204638691
15.37316166768916
14.111788313380432
14.07165809999456
14.795977443210674
12.75224435973213
14.112787402727916
14.513511432401176
13.291697720841952
14.06457091272647
14.297971349105135
15.732237735654234
16.006278751539142
15.410105701363905
16.003484469261526
14.949708620711581
13.627975811279418
14.701736456266552
12.787551108325641
15.260833271848181
13.682025142034014
16.010019111904104
15.505743438181769
14.111849634933884
14.640431376004965
12.892944912647879
13.356302948805984
11.789487716902748
12.944249749911926
11.84401572263328
13.241489306657476
14.075588730055049
15.543305080546382
14.444006163046765
15.495216038091412
14.164636732447502
14.816939640174702
14.384095020658428
13.834251465497491
15.987383846603842
15.986934458270877
13.019345884157563
14.788765824633661
15.052941828733266
14.309998077215864
13.60689069830832
15.65771012635118
13.3269186942687
14.281889582939007
13.514309741305281
14.232686182598773
13.968403847672951
11.591066599469498
13.520491742018082
14.129487284076305
15.075954554243467
15.3993851279322
11.434525381787182
14.546612618371192
14.767402296812833
13.820785819149664
15.85588748255303
12.786086068434885
14.168634483426516
15.473089857910987
14.906250687590918
6.0223618348577119
14.385505940013445
15.32750534181007
15.116058628948428
15.908068116011236
15.379662561880831
15.573879215677213
15.957024607416963
15.063830568782562
15.905883255086486
15.238956370115821
15.118816331456834
8.4811947944084451
15.996328663721558
15.943275304611813
14.112525368984397
15.345845503777847
15.444237907303977
15.628092711765554
14.808264170984426
15.487967429435813
10.240707266610285
14.300090776766293
14.865445586512179
13.918907780321314
15.862271980841438
14.830647018692044
15.627848915559888
15.810834733145594
15.838900688665257
14.402798672416269
13.288071083265519
13.709998661181837
14.59234771913178
14.557451496930764
12.332725997285364
15.979950032501257
15.683640301249261
13.346579010465009
15.646690137544445
15.958687059315913
15.977689257417866
8.6968347334724196
14.932626470383457
14.729916961778271
14.137709671833965
15.36533102157769
15.201431599158386
13.614260757132167
14.442981173659835
14.042159684806549
13.47586726458594
14.786515434786297
11.017957040446488
14.311195988133722
13.699661294169614
13.479822040087379
15.781366534678137
14.325772890044933
15.790093980889793
10.616113924151309
8.9323182615060812
15.926685157730297
13.818748765543353
14.699438965527223
13.779364362811835
14.41595698713677
12.3476438127837
14.328850693654722
13.861112417444817
12.908016575398653
15.557356329812437
15.692421485627678
15.22523743606431
15.552111964901203
11.340169625124565
15.98412939279755
15.01808485526718
13.951440299527491
14.037678207635862
14.631913798661882
12.165512964397141
13.910147059663357
14.459410167099101
15.144612225463222
11.621911597023436
15.794537764532066
13.736221948031782
15.678540536962085
15.110921572410071
15.231161059847203
15.709842663299678
15.640269382612994
13.641181253558937
14.630666996352092
14.463005413642827
13.712416457107397
11.715003041369465
14.615584847357077
15.619075101078179
15.600482619535997
15.020343015638563
14.992521734092044
15.102098717379192
13.611661598575044
14.825783158946722
10.519181936568232
13.841690414844393
13.834188314644551
14.813032998787405
15.057832634310918
11.739226295299575
14.19845323163818
15.196620262205636
15.014897785749543
13.833695094716569
13.428503615569934
14.609837440282186
15.967102476539434
14.96277954180535
15.917570441147973
13.695664863663175
15.196688036736244
13.965405210438744
15.765517810069596
11.000836678524058
14.038043073746994
14.735219204600666
12.530830226776541
15.025448460105807
14.737847263931849
14.639618458919635
15.611693283060152
15.407869972726864
12.671053181796507
13.997551796743529
13.72260266388688
11.785280987922958
13.716486270002449
13.642903664623161
15.84215288291492
14.580308310781328
15.462455523045373
12.474789981155253
11.966980353286361
15.937704244942758
14.342619406013403
14.560468950002605
12.579475429495993
14.798783902040517
13.259460716216221
13.921707504130216
12.80190786388971
14.411866616963625
14.333956907640907
14.672946592819589
15.444747570154162
15.005289119407491
14.075049276791262
15.282371228882754
14.264660002352356
15.032036147248087
14.531385416773398
5.3582282614738572
9.7479935808394185
15.99996354274111
13.335562345928693
15.254572335437826
15.560935961040846
15.823881559703119
14.499237544611502
15.42998751839591
15.556512799590019
15.666816030832434
15.689743372513654
14.915932889367383
12.293275270944413
15.887598336369471
13.778325179017017
15.648798218935836
15.576077138305269
15.098369427159595
12.850294186031789
15.577681129833628
15.969476606199494
10.67571242962649
12.624669387857558
14.001407410718437
14.43602812116773
13.247848208462933
14.369277038705585
14.674624132640551
15.652173690661016
14.798834169407685
12.805461369756774
12.759230021139372
13.433017958149971
13.756794339854622
15.771614253989886
15.987495845163124
15.521715327677995
13.566534538187877
14.0217532304977
11.464874676298962
16.000647604669382
13.634761658443763
13.85123319350793
15.84718059578538
14.260431861248007
14.954775485567575
13.479425428044696
13.98720336650271
14.358741615558445
14.938697880990107
13.888884092674802
15.29188243257515
15.516449477483535
13.417087779617827
15.393771705229412
14.277837975755617
14.528122760920589
13.915451506114152
15.513952335774436
16.008802890994875
14.4818542129136
13.440739424183485
12.718447166578267
14.250575602404833
13.148885797559331
15.199095777666082
13.88130276558176
16.006756852055425
14.508700247153437
12.335915765128286
11.799896578754089
12.910268191322707
12.500501488721319
12.563136642491461
15.595233710424784
15.263660033514144
15.193273071694854
14.754796837542125
13.367107188082878
15.883707065692299
14.964482506256687
14.461157241465365
15.570119131079213
9.8409514410691425
14.068063032810432
14.748056224482893
15.058669891092702
15.484341591582645
14.628234192171137
12.926561099223578
15.434590691861851
15.69108741579692
14.037322435047701
14.936138371592691
14.588120360386723
13.558527927159878
10.636330395744119
12.015087234990345
12.831472544038951
11.175286153077028
15.177224576760441
14.832091979358335
14.830601355108135
15.232456626293351
11.617259410413443
14.741113099873434
10.308211379213136
14.919102342292783
14.870852775767816
13.17686089899755
14.406638934226926
15.397543886095722
14.961861696778577
14.631390005611712
14.918414719523454
15.529743059852175
13.11836374007229
14.39816169435154
13.737671565078438
15.44316218239342
15.443728625378448
14.507692175010257
15.393288150157652
14.753779423911276
11.8992563516163
15.713240212894471
15.27174101915732
12.165162876074383
12.648229862538685
15.611468570571956
15.891878123678641
14.585090825234058
15.168694082528106
15.718079137007472
15.706652437521731
13.270731231300928
15.216814648370264
11.958949201968082
13.513292209418486
13.54215097290435
14.807617841175873
15.247255216297123
12.357640179967001
15.350063579263082
15.460405792505863
15.677407436553212
14.018704731254095
12.105119632843055
13.090043722553276
15.248118997287802
10.686707280560034
16.002898051721587
12.754081682023292
15.336611590864491
15.395685170777158
15.821552249126803
14.742944195093639
15.668111235989581
15.72435292511603
15.656370444824223
15.516745630840045
15.211203690826263
12.977089168114283
15.410292024274185
13.202351462512404
15.694428363970612
15.714857866092443
15.189865119769781
13.182278113710717
15.418100671528105
15.701403167538906
12.454958958339109
13.209671217035716
13.500997506006893
13.671922904630883
12.919610729985713
14.229511168559645
15.106698438552703
15.339518750499112
15.096612816997775
13.192357438350461
13.069638952778686
13.853989788507914
13.781177181623992
15.687067859160194
16.010505131089797
16.004719819658018
14.76228970477657
14.80163347889739
15.634086213077829
13.854564046062945
13.37087517213444
12.738089797709808
12.679415423993365
14.395345372696649
15.179413070596848
14.959641604335671
12.745188121117083
15.329326444326336
15.092805490142489
14.028180601706989
11.94954852880184
14.755322444674961
10.907252144601113
15.304786594721291
16.004946829888613
10.476405304040622
12.278495086502447
14.031895196140681
14.505910870685851
12.31749458551495
15.300688383099837
12.468686233254212
15.989107639171355
13.071646348872177
10.253159722309192
9.5546986909219243
12.176815002668569
12.736146593790631
15.388667063932239
15.974440400457091
14.964736060149747
14.170755602494756
13.748647096543074
14.937250136259969
15.372370265961065
15.04241472609718
15.624090046169437
15.442431614072099
13.993005084452832
15.161350803919198
10.59982479302127
13.869039802146778
13.691032514128761
15.363653449391492
15.832552497879409
13.756915448167177
15.638840104347732
10.982900471998994
8.8671720231756357
15.936015293714298
14.099791060148261
13.855499958917687
13.998800632248463
14.786272114688895
12.350481412197329
15.21451857308713
14.361751635105078
13.629482863208732
15.343909419967861
15.682569168134282
15.443420484624035
15.731213418372668
11.807263881580006
15.893979160617262
14.916435472266347
15.398003276978651
15.1201776535876
15.839782320862298
15.389557460952465
15.592054193028268
15.912721466095885
14.946103502764883
15.908724484916835
14.291846858158811
14.900952551324584
6.1689061236902623
15.991682604888876
15.950259551254122
14.853557956928002
15.356777774417202
15.622939824623307
15.50068730242179
13.974673887271084
15.399264236460183
9.8481776616730645
14.143218578661228
14.864611504057702
13.420840501441308
15.811546537840117
15.090197526798873
15.66447758968472
15.618346798186407
15.709399379249733
14.296734474708495
13.022926834305968
13.060685655772552
15.33330568769807
15.603668478017244
13.025251321517986
15.545040002211447
12.961358157199294
13.715328299768808
13.192603946804102
14.982744113498722
15.787167866669281
13.789378108243358
15.103005386444243
14.711578553118647
15.795311323984228
14.672892762300926
5.336928404516776
14.965999940207405
14.101920783821441
14.48477658925408
14.622992835894905
14.699497046374168
14.059601409606135
14.694715175409911
14.262646524275034
12.343363297994987
15.327081969162146
15.987142777625392
15.096981420699938
14.894082532812638
14.675903846177068
14.089007536248674
14.969820585620266
12.221597433609963
12.998442698777996
14.758178063283893
13.640813251929805
14.01251310916853
15.07612022334415
13.685026841060191
9.6693512895620906
12.882458220589813
15.63539777317996
9.3323439183011789
14.48846797661583
11.543685946815769
15.022139532034505
15.607418006273928
15.297506031417601
15.638339836730021
15.396208971913918
14.656668290184552
15.032114542419949
14.610716227861582
11.232074693601607
12.445987714124549
15.261252327177788
13.152576989499263
10.550989280892221
13.133893956205764
13.898273129348217
14.268102224156506
14.045238826455554
13.066541383400263
14.367003853759451
15.338990721065906
14.039160317298577
11.009611832344273
7.8926887600313451
9.9170836323023153
14.195160928592957
15.456996467455737
15.598051711176451
14.276422801961896
15.410205641060832
14.057924583446304
10.675126234279183
13.777777481963218
13.266778139634415
15.69121805490286
15.640499168228674
14.597130956896329
15.439980772777613
14.29825464152462
13.433098782237396
12.698989630105919
14.785085571336577
14.894908095459558
15.168115209716415
14.224607010939625
14.558412907407886
14.03540441690741
13.320770592448813
14.61064478544964
14.461226384809398
13.885767831116214
13.291547944992642
13.441540319550983
13.409415754917109
15.507917284912059
13.779241987307191
14.8015247616233
15.701439133419443
15.714775928333811
11.606497358249078
12.7848168811037
15.439968865570279
12.59517585927056
13.158954144454171
13.711675872371128
12.490728708299255
11.428535112745974
14.879288425997542
13.83561694753314
13.701169570034597
15.638977218602802
10.931765323434313
15.46608299230415
10.153656592145399
13.767398525818232
14.13216790362152
11.080878435489781
13.912591134134219
15.803382378866099
14.380141398271144
7.9137053722731983
7.8631060262831696
12.668049089018456
14.876553819919005
15.487088244809089
13.589845041281762
14.884765024584819
12.111412214137712
12.464162970183308
13.409476248890739
12.374847030962487
14.77991914607507
15.063770853568419
12.701943999866492
14.464548803423448
14.422481604426631
13.329048712208122
13.643156206500661
15.186628227033525
12.83837096869199
14.449777717859197
12.650803328673712
13.114120262726164
13.038498601356649
12.410455801521849
14.117366284758086
13.242623927251149
14.616502412101475
8.8632660143994109
14.14241394816796
15.65329177067529
15.728380478823926
14.72829426507805
15.429788620684263
13.145877100553779
9.4656695862269604
14.467027012841614
12.67523837664768
15.212297909888658
15.454869147621823
13.722341821543317
14.501200899151453
14.727514484270653
13.619307954072507
12.965500617477803
15.057687794840092
13.470391903893992
15.202248497495937
13.373657613026195
13.764769471100108
13.057272683471696
13.249485759106209
13.906276006095199
14.625722839655003
14.493893215296145
13.034165139802321
14.797937878863205
15.733792821978806
14.071541524194343
15.461725413034607
12.789523788202168
12.781395249191487
13.838022681531001
13.968377327113098
15.651799208962707
15.326809371358371
13.744242598489766
15.481264012714792
15.235508022643186
12.382433604717244
13.168337124583978
14.838913121270968
14.451755680755186
15.133391245342036
12.875025487733996
14.776820695388656
14.50866785468674
12.387356534384628
14.874845885637525
13.474153591879876
14.290828466766968
12.656396469637365
15.904853931208077
5.8966295200649945
14.012867138767239
12.885575987925526
14.760242919257653
15.062267157806092
15.48109481215921
15.613109625540982
15.259032713931468
15.340939921406163
15.250499834031118
14.341734746368429
11.620064732035477
13.62434020772662
14.76001154246255
13.868336929006853
8.7769539128300966
14.905321449536528
13.853716246061921
13.72112431544187
14.596795034834944
13.646781088347327
13.742729248928526
15.318901748332035
15.850335608798048
13.410959550018598
15.64322998119207
11.82454278056732
14.73764831097643
15.74173237037229
15.280989052850677
15.794703532703121
15.73012993452636
15.370501559517514
12.791036244401838
15.682803546662761
12.941652074190664
15.007920565334095
15.004031254128407
11.563371136449861
13.137505966438518
13.960061624168141
10.977280686966498
12.065781479661467
13.890211496342989
13.718584748853392
15.490293567697012
14.680493837673573
15.844657881395609
14.139975158511252
15.731063145744253
15.515824793670733
13.559222325385234
14.673331188296679
11.220942834667042
10.580483024643947
12.878342779858793
12.679916244287567
13.92682843204749
15.247863363138222
14.153253859293772
11.837800346858502
15.027343270479339
15.759441350575543
13.451229997246125
14.583297663691146
14.684748464000474
14.405044872955656
14.914356982214649
12.889749685499927
15.655466562237235
14.115622601444453
13.549471732861846
14.559561422239092
15.152621154513989
15.547215948584066
15.54191414799914
15.249087238556607
15.351304595194993
15.390155799293357
13.772447995975858
11.725988708629377
13.523632456115486
14.443754047518171
14.179567683611378
9.2200728559521039
15.057252970176394
13.95351734486551
13.806425459403611
15.006278408718389
13.717425209807093
14.427553265045013
15.188037149183661
15.947153265612631
15.938768504130266
14.930615169574329
15.39628338261506
15.463213935295595
14.216651348614562
14.266341723698055
15.250473427377228
9.2425899047338529
13.41961111876895
14.638258898692884
12.394982941834872
15.733395369323246
14.873270189273388
15.51862422807249
15.647180274005152
15.676052791241405
13.939553460062886
12.969147298236638
10.459762065281215
15.724448233494421
12.555234647854533
15.612647367250981
13.768125262600183
14.221400811410811
15.021904567129093
14.25938896531243
13.775623508946719
15.264514334769483
11.920511689652727
14.366805246463887
15.56738509110972
9.1722882464093445
12.724762264888749
11.902520616548754
12.158823286004766
12.612449225369906
13.088086551436186
13.370222490656579
15.980031519343186
14.868727363993372
14.615707517016027
12.702432494402467
15.184806974365358
15.837130473323265
13.881907516692745
14.077971899583778
14.848633049764908
13.905344471881021
14.377114314071285
15.166842363004809
12.189883543989446
16.001923218256412
13.392527932075208
12.270407110002331
11.34943703503542
14.306752278625648
13.581811732870257
15.971070505989905
13.905630488764372
14.781614953061114
13.56953209991042
14.237707149643503
14.546465308056026
14.192862374657107
13.812770142218081
14.728040190144759
14.263845605388529
12.682968021038851
15.116610243982104
15.968479789083402
14.772601636088618
14.719792224492362
14.441943882379093
14.34351414479074
14.916194826001176
12.781113639487756
12.143706189189567
14.069865341415671
15.032075153600681
12.640956856537038
12.70698742336254
13.822912490747095
15.313492614069206
14.352624867425501
15.187906607138151
12.775369246050394
15.421499056286072
12.940055914801334
12.023138748148957
12.105714066691705
12.880921897081519
13.908141762274131
15.697053648355228
15.989919531885757
6.8001153110559009
15.36247445248279
13.49471115831213
14.523228752390349
15.364134545523459
15.40760171117784
13.871682277786309
13.805651511213032
15.260908931263726
13.180861293027439
15.318380075674332
15.349876260326289
15.353112058517967
15.573882185693071
14.408512590894254
15.653738632037216
15.911638454470751
14.352594493375284
14.621638245426704
14.736714776847149
14.767020816907966
11.825704493639861
14.848247812508175
15.235541377373343
13.938727853268972
15.888371211536814
15.964517145064056
15.50988205683314
15.950177248220657
12.126960584473576
16.006594357768485
12.927258149817565
12.996504120125584
14.614469328796481
14.2464598546799
15.340515187932265
12.279785164195598
15.379306201101368
11.987884220506441
13.534654954015549
13.679688002973018
11.733600734152926
12.61190295978181
15.091133586385919
15.416076802278367
13.965855955061409
14.773119054564711
13.908443263068429
15.499969694425211
11.316282832407083
15.369249955671728
11.296942806385104
11.246134667371329
11.584642146895106
12.235905639924143
12.816290265748639
15.203534285818936
13.758767814638661
13.73728745084772
14.526167481926132
13.5526981236907
15.131372883618928
14.827938928610347
14.264202891475783
14.953305043210118
14.895757142110032
13.158299527284932
13.217237242084616
12.438020558955502
15.009222003911907
11.640785713016715
13.929178430615918
13.543578342909971
13.70605383960557
13.096326817825291
13.838044860712026
13.359796573940892
12.233669082631103
12.143656945035723
13.344556046770812
14.242258688726988
14.362328639067266
14.582344784236044
14.308621805454631
14.49824422097681
13.357912053186864
12.33897400567608
13.185862228578392
11.389581664578412
13.665733543443244
15.129962728658455
15.405585312680023
15.320563856279025
15.722039600025905
15.047379463963196
15.065547720126562
15.31339367082866
15.247837592386444
11.090028196387397
15.523231064238377
14.306070234291136
10.56862060068919
10.108890721446816
10.938297898165281
12.751053001796983
12.878429044887433
15.744619618933235
14.804155980997063
14.468704786579359
14.690733148070962
14.975734374684425
15.511593227221276
13.833036271333226
15.715588275394607
15.99736574310564
13.972286109777778
14.218197303926996
10.39069929238523
13.550921797011897
15.566119874035726
15.336511404746897
4.6538248745751245
14.457706591876402
12.161519479124346
15.869741780462334
14.667839810440501
14.352673061388247
11.578158242269522
15.730573994655167
15.175396963578647
12.247524677631896
13.306760855508848
15.000732768051627
14.538411851027512
15.288082326095251
15.006331880166936
