247.98173776351032
117.25707386313807
254.04316812117088
308.23084601497033
171.48209322419098
252.1636712663913
251.50538037678101
259.14555803169787
1.0
249.92595259701693
128.29646838247385
118.57256931095958
268.71962105770814
378.37656749805899
378.37681410674134
251.15759754647647
265.68205945440877
378.37671909171195
378.37690968123474
378.37679362461574
378.37684745473211
378.37664963100286
260.68126866502752
102.54283471580528
108.50969702519498
118.9517614897546
279.20484391545637
378.37660752559856
378.37688944212312
378.37670078424753
115.36139830900436
378.37679933414859
378.37656429069494
378.3765585070791
378.37686534188015
378.37689886338325
378.37659819455655
378.37680182344889
378.37674592705645
378.37693443582089
378.37669799916671
378.37683924321033
378.37680123370217
378.37662661812277
378.37666785493707
378.37689183856344
378.37653106161775
251.4156788388388
335.4093986194066
378.37679529289579
378.37669196522813
329.82468243838895
289.24132464622107
255.05880372064999
59.341052295106557
296.25924566016585
253.65864002798349
254.89326693529989
89.896085512551807
168.22912253438767
248.03865829245365
82.034976587712066
245.73542935681482
252.75623297527139
283.32917218541002
378.37646841734886
378.37671502609584
88.401139587219276
170.76890574933853
378.37662001104155
378.37681060061425
378.37669454396485
378.37674837409531
378.37655055031428
298.37195911557626
236.68616621598898
239.16541360442017
240.27310855760297
263.91544511882938
378.37650844489889
378.37679036149734
378.37660170357236
255.44535833536202
378.37670025349917
378.37646520998402
378.37645942636669
378.37676626124806
378.37679978275992
378.37649911385449
378.37670274280009
378.37664684639304
378.37683535520688
378.3765989184908
378.37674016257137
378.3767021530532
378.37652753742816
378.37656877425326
378.37679275793829
378.37643198089808
269.00078542105013
351.20394174120361
378.37669621224529
378.37659288455063
290.24390028542291
283.48165009168753
259.90246149823611
315.89848891482433
174.50736094920208
256.4320889036681
253.28345109217753
263.72731050558264
116.62852745473448
254.65484732713301
84.480541499065012
96.776342136280803
267.66608328718507
378.37631810317947
378.37656471202433
253.19746686252552
264.61332458723899
378.3764696969323
378.37666028658077
378.37654422988521
378.37659806003711
378.3764002361774
285.87772273898292
153.97104052818739
168.27243714485684
177.21185940829267
287.5859841581422
378.37635813074536
378.37664004745579
378.37645138945584
3.5845538055511339
378.37654993942186
378.37631489581332
378.37630911219367
378.37661594719697
378.37664946872212
378.37634879969727
378.37655242872381
378.37649653229448
378.37668504118318
378.37644860437319
378.37658984850987
378.37655183897664
378.37637722328219
378.37641846012372
378.37664244389765
378.37628166671419
280.52176842119167
334.08298537028935
378.37654589816634
378.37644257043064
329.06554716628534
302.77027511572231
288.22037727273567
258.32850057334934
259.58161648748387
79.091796995284213
170.19663279952835
254.09650611015832
86.455951556921562
247.99630682343584
257.72568365967248
285.12548500586382
378.37649091146392
378.37673752019617
74.854507190529617
170.29690751929408
378.37664250514752
378.3768330947089
378.37671703806637
378.37677086819366
378.37657304442433
303.06062556769245
241.69044177382392
242.89233125196589
244.07148600606513
266.32068566145045
378.37653093901156
378.37681285559324
378.37662419767946
260.25581179920545
378.37672274760041
378.37648770409919
378.37648192048221
378.37678875534539
378.37682227685525
378.37652160796767
378.37672523690122
378.37666934049747
378.37685784930011
378.37662141259801
378.37676265667017
378.37672464715428
378.37655003153964
378.37659126836229
378.37681525203402
378.37645447501524
272.25399650158892
343.94612004019257
378.37671870634671
378.37661537865824
290.13361853751593
289.33122581731823
281.6461606873815
284.60114808682948
286.61045971522009
320.92280553589501
308.26143219281778
294.10951900640254
306.21879784702179
305.71024230215676
296.14668658516445
378.37635915802809
378.3766057668463
287.0302880525619
322.1006389748585
378.37651075176456
378.37670134139228
378.37658528470939
378.37663911485544
378.37644129101722
367.53629759935995
300.04248300972944
274.88053778615597
273.67321403087828
266.28013945992814
378.37639918558972
378.37668110226957
378.37649244429008
316.04225095984572
378.3765909942453
378.37635595066229
378.37635016704331
378.37665700201336
378.37669052353488
378.37638985454265
378.37659348354703
378.37653758712383
378.37672609599207
378.37648965920772
378.3766309033291
378.37659289379997
378.37641827812445
378.37645951496143
378.37668349871115
378.37632272156679
279.24890315484282
260.79015850010637
378.37658695299029
378.37648362526573
348.71638114646544
339.28565550408052
254.54575135087603
251.77355422686838
263.8376268519051
171.59407917782758
252.27743941258333
173.47755340101997
119.1126573078658
264.39886443348274
378.37638433041883
378.3766309392206
251.68368766110771
264.76583295091189
378.37653592414517
378.37672651376022
378.37661045708506
378.37666428722753
378.37646646340244
285.50841942159519
141.85332569692503
170.5831887135858
168.12976114041061
236.64881602151502
378.37642435797778
378.37670627463882
378.37651761667189
174.52567640278301
378.37661616662064
378.37638112305325
378.37637533943462
378.37668217438426
378.37671569590356
378.37641502693128
378.37661865592213
378.37656275950263
378.3767512683583
378.3765148315897
378.3766560757017
378.37661806617513
378.3764434505112
378.37648468734545
378.37670867108028
378.37634789395997
275.17395896808063
312.8084258472685
378.37661212536585
378.37650879764823
329.80986963383731
300.80692258865764
272.69991529287239
262.17750308017349
252.02389504388427
274.15845783399197
254.23459848522302
258.96105067403465
255.41578894039151
378.37642927394711
378.37667588271955
270.79667970234226
255.32374549907311
378.37658086765549
378.37677145724791
378.37665540058651
378.37670923072255
378.376511406921
296.39578860566024
251.15393705175379
251.84876407969369
251.39347032367408
193.6354513885662
378.37646930150123
378.37675121812885
378.37656256018442
255.54390479154233
378.37666111012135
378.37642606658187
378.37642028296398
378.37672711787718
378.3767606393925
378.37645997045593
378.37666359942256
378.37660770300977
378.3767962118431
378.37655977510252
378.37670101919775
378.37666300967555
378.37648839403249
378.37652963086191
378.37675361457002
378.37639283749252
183.12969885128254
329.07004973581104
378.37665706886702
378.37655374116173
298.09458998499537
363.05943852481477
127.95310584647025
251.55947701376775
72.332196321813782
250.44886138952555
250.97289690151959
280.88856584182719
378.37639859432812
378.37664520312057
14.335739735567538
138.70424878195718
378.37655018804872
378.37674077765661
378.37662472098589
378.37667855112625
378.37648072730866
309.17916054858682
235.17052316074989
246.20361962134038
247.36684094158193
273.30728278829031
378.3764386218856
378.37672053853606
378.37653188057618
253.6537937188358
378.37663043052117
378.37639538696266
378.37638960334431
378.37669643828229
378.37672995980034
378.37642929083944
378.37663291982267
378.37657702340522
378.37676553225384
378.37652909549416
378.37667033960076
378.37663233007561
378.37645771441828
378.37649895125111
378.37672293497735
378.37636215787069
277.94084048317541
349.54903826714605
378.37662638926656
378.37652306155286
282.86508638469633
286.35255817338054
259.19398162713674
147.55474953390467
273.8481922020261
261.68252419526618
248.5689900742222
378.37676489084521
378.37701149939898
128.56938696558785
65.122374728429477
378.37691648441904
378.37710707384247
378.37699101728401
378.3770448473723
378.37684702374628
304.30775698524428
246.23090607944147
263.83180238175567
266.09157916162496
273.133916435684
378.37680491836392
378.37708683474142
378.37689817696429
264.06152292981164
378.37699672681384
378.37676168348287
378.37675589987015
378.37706273451107
378.37709625599666
378.3767955873268
378.37699921611289
378.37694331974956
378.37713182841566
378.37689539188489
378.37703663585472
378.37699862636646
378.37682401087818
378.37686524767093
378.37708923118049
378.37672845442302
249.5105030119594
372.05626872189544
378.37699268556315
378.37688935794938
255.47859173937053
296.91651495340966
249.98152698426077
127.77386926493537
118.46196849136705
268.73514920235522
378.3767290119863
378.37697562056343
251.21184109761543
265.72658686222053
378.37688060557451
378.37707119501596
378.37695513844653
378.37700896853988
378.3768111448951
260.72755777383298
102.56575909581331
108.39921306974949
118.86363411574969
279.23475922615899
378.37676903950876
378.37705095591298
378.37686229811794
114.72345507642692
378.37696084797687
378.37672580462356
378.37672002101027
378.37702685568036
378.37706037716913
378.37675970847079
378.37696333727609
378.37690744090753
378.37709594959159
378.37685951303831
378.37700075702162
378.3769627475296
378.37678813202484
378.37682936882152
378.37705335235228
378.37669257556058
251.45853637574066
335.34882638527699
378.37695680672579
378.37685347910229
329.84138487250004
289.27563106387987
258.33244312721052
252.37707919214384
280.56551425354547
378.37667298582517
378.37691959443885
70.944583102731499
155.30669243206609
378.37682457943583
378.37701516890553
378.37689911231888
378.37695294242025
378.37675511874619
308.71248849090421
233.39255681372725
249.40653790008852
250.5940012568627
273.18787805261496
378.37671301335359
378.37699492979954
378.37680627197653
254.99090049250381
378.37690482185013
378.37666977846203
378.37666399484789
378.37697082956333
378.37700435105705
378.3767036823142
378.37690731114975
378.37685141477289
378.3770399234848
378.37680348689651
378.37694473090073
378.37690672140315
378.37673210587246
378.37677334267528
378.37699732623918
378.37663654939411
279.83684312030346
351.0472201160477
378.37690078059848
378.37679745295964
293.06562124920248
267.91341270898982
124.95485918151608
279.05719893448219
378.37648349147827
378.37673010021535
250.38028732972134
268.73645706666611
378.37663508516482
378.37682567472996
378.37670961808516
378.37676344821352
378.37656562444033
284.66601607282706
147.12886676567697
146.88547961626057
155.73801291892477
279.2168904041057
378.3765235190267
378.37680543561385
378.37661677769643
83.876291254763828
378.37671532761925
378.37648028411348
378.37647450049639
378.37678133536559
378.37681485687608
378.37651418798265
378.37671781692012
378.37666192051529
378.37685042932156
378.37661399261498
378.37675523668986
378.37671722717317
378.37654261155512
378.37658384837863
378.37680783205468
378.3764470550289
285.62744321744862
323.3370138777363
378.37671128636555
378.37660795867504
332.57842396208042
305.20222899277462
260.97707022345662
378.37649030678637
378.37673691551907
250.8853255918817
262.58490461353222
378.37664190047019
378.37683249003192
378.37671643338922
378.37677026351656
378.37657243974695
283.31899921402186
154.09728729750793
172.78226716598675
180.91270353970606
261.8876470655249
378.37653033433406
378.37681225091615
378.37662359300214
96.679930499193077
378.37672214292314
378.37648709942164
378.37648131580465
378.37678815066829
378.37682167217815
378.37652100329018
378.37672463222407
378.37666873582015
378.37685724462307
378.37662080792069
378.37676205199307
378.37672404247718
378.3765494268622
378.37659066368491
378.37681464735698
378.37645387033768
273.89743762152654
328.43297493169177
378.37671810166955
378.37661477398086
328.25485421721959
301.64750675577363
378.37668938935309
378.37693599795597
280.15194675907674
240.6370455138881
378.37684098295716
378.37703157241862
378.37691551583697
378.376969345936
378.37677152227047
309.73311913990142
280.05658500447333
284.19357865622629
285.38453716056642
244.26499829299212
378.3767294168797
378.37701133331353
378.37682267549866
267.9970154264812
378.37692122536794
374.71504870954425
378.37668039837615
378.37698723307835
378.37702075457059
378.37672008584076
378.37692371466744
378.37686781829302
378.37705632699681
378.37681989041874
378.37696113441683
378.37692312492089
378.37674850939777
378.37678974619877
378.37701372975306
378.37665295292356
170.5882238721361
326.34147340734478
368.99882769448692
378.3768138564821
310.88709147631363
319.83708938053053
268.05328797904542
378.3766271973808
378.37641665893841
281.48564256340461
273.68861460924774
259.85297253319948
291.74217251436613
256.14206591910283
352.8274869790485
378.37659628402815
378.37654788719897
378.37654030942264
378.37636955078278
262.37198216704826
124.37001967877507
178.63597893398236
378.37661433556354
237.36543006998755
354.72577587718291
275.41139622909344
258.26662849768434
168.92190737898619
258.19733148382812
168.9891881534129
278.29689500455692
267.46544826865011
188.17663392398293
263.797398505464
274.86518813861881
227.63000639361113
261.61174284442995
281.32338128442979
187.82167661578038
378.37640413086797
378.32425343717699
285.79880694168975
248.86682081449061
378.37639887687362
378.37645138816299
378.37687380602426
378.37666326771915
240.5093027437153
268.56379634043429
277.3594341113714
240.09359124047214
274.49364319336303
378.37663869760655
378.3768428926918
378.37679449589422
378.37678691812272
378.37661615959405
91.469257291846176
251.05835958955666
272.95960023049616
378.37686094421542
243.44176430994062
282.41738800148653
238.51433034509745
153.28674530570291
248.12268123270601
153.42523566162728
248.09320393506937
238.85839305265779
261.21408102138395
258.50389716762527
239.86873871866098
193.28169714302473
239.54039700240551
275.02307595078139
240.15269108148402
258.36079354449657
378.37665073965678
378.34913148073292
333.78720069501543
167.04561647089074
378.3766454856659
378.37669799692117
138.20687287117968
378.37677879100988
378.3769693805026
378.37685332390191
378.37690715400976
378.37670933031171
308.68508828502257
235.2001867488049
245.80680155250451
246.95625439541152
272.36590894654535
378.376667224914
378.37694914139422
378.37676048354842
253.5666961054188
378.37685903343379
378.37662399001726
378.37661820640238
378.37692504115506
378.37695856265282
378.37665789387358
378.37686152273369
378.37680562635012
378.37699413508483
378.37675769846794
378.37689894248928
378.37686093298703
378.37668631743531
378.37672755424313
378.37695153783403
378.37659076094536
276.95574191196499
348.83331047675216
378.37685499218162
378.37675166453033
282.31526632116373
287.08224108345826
378.37656825265185
378.37675884225058
378.37664278558532
378.37669661572323
378.37649879191503
303.78495625376354
259.15371536721665
271.90858014702809
274.06991044883432
264.29800812048347
378.3764566864939
378.37673860313095
378.37654994518016
264.94653347890039
378.37664849512043
378.37641345157311
378.37640766795499
378.37671450287843
378.37674802439477
378.37644735544831
378.3766509844217
378.37659508800704
378.37678359684662
378.37654716009814
378.37668840419803
378.37665039467475
378.37647577902578
378.37651701585651
378.37674099957218
378.37638022248262
243.91530047481746
370.48510376759475
378.37664445386599
378.37654112615718
249.83405913321147
305.02473708471484
103.3844860293939
161.96435878749472
260.95650625789824
168.00706486954175
330.22929425849236
378.37674787766963
378.37669948085977
378.37669190308645
378.37652114451498
261.20894870992095
296.50395561472345
294.03173120900811
378.37676592919775
266.23897808974846
313.10881579207108
81.451206566291518
236.57592294728667
276.80440240537996
236.64020804508149
276.72854512976488
39.450284413129346
307.42519369242808
279.75981109393462
71.531513260356647
272.38035413801174
265.85473844233746
134.40735525375084
4.1485452244451038
279.76239788329747
378.37655572458641
378.3768905790854
325.42356518168475
191.19611883492132
378.37655047059417
378.3766029818625
130.12558599820073
265.54863866955532
140.13382328894284
336.3440429489022
378.37693846717787
378.37689007039256
378.37688249262294
378.37671173413759
288.88896008218899
280.72521753937701
278.66642997100752
378.37695651869694
270.15622162726652
331.72830701524765
97.366217999613852
268.44640543578947
282.47359136874348
268.49129404109607
282.54210008564354
105.13529474917044
306.60926972901905
285.30982652285712
97.295763048094599
300.67122883972377
270.73635803028975
121.98426398876703
103.95250326649625
285.16151236646613
378.37674631419139
378.3770811685219
305.40492256477728
189.68186888200179
378.37674106020194
378.37679357144373
303.86266489906967
58.987256458228565
332.96591569978159
378.37682241056768
378.37677401376749
378.37676643599559
378.37659567745771
284.03686492666782
275.86572731267398
275.07945028152733
378.37684046209222
253.98692469437862
330.62016331975491
164.47965581777234
281.86282319587298
266.1882819725746
281.90366064132837
266.32840566842953
159.35367581272035
325.04802993840082
269.69782871319165
154.22462994555531
310.57368737344859
254.72833796979884
72.713712245827864
162.03358059160192
269.45655489119559
378.37663025752232
378.37696511195549
303.81994971709298
210.15585000814013
378.37662500353116
378.37667751478915
286.58002586550799
378.13341259510304
378.37687624068002
378.37682784388664
378.37682026611589
378.37664950760234
251.23624080090505
274.48782148813274
261.10360986330528
378.376894292202
259.52702759071644
312.90547996626714
246.34754939772523
245.64621565379821
274.09886985151246
245.66140361344245
273.7659073461993
253.71961894829596
141.86386237616688
271.99413148458501
249.19539003308552
244.58584188809573
259.12736036579219
313.43376124904472
260.81182756712798
272.36812266391877
378.376684087662
378.37701894204747
319.10790767287142
209.23212131453343
378.37667883367152
378.37673134492206
340.3831256605576
378.37667841696577
378.37663002014705
378.37662244237231
378.37645168376957
281.34329760239206
272.79688789857101
271.92804942873659
378.37669646849724
252.43424918900561
330.61296196755745
169.14321956725365
279.37517652769446
264.8467079897909
279.41723542703471
265.00222814347688
165.95429121818339
311.28744636778765
268.41409186116698
151.08921098622736
308.52288409043626
253.19988800014784
97.567999015581577
168.02863261997038
268.15492065919028
378.37648626384737
378.3768211184078
298.4375712162888
202.93770546979113
378.37648100985405
378.37653352113205
264.27091582220618
270.80021708130101
269.55950005547464
322.91916143802081
378.37643211636799
378.37671403302323
378.37652537506017
285.18923844558276
366.51929121504986
378.37638888144431
341.86912341598332
372.99676436585474
352.68206548989679
372.99785758523154
352.54354792666101
332.49656034120039
372.530723489482
353.29305554942232
341.64252169403261
371.57614085698663
364.36411672162154
319.32602561271057
330.21254509193346
353.42597024298675
287.28656282459104
373.93057571561462
378.3766198837522
377.24797988904112
303.98803290071731
333.62709746516407
104.42979769984018
103.40042211670126
267.56277751645496
378.37663631156465
378.37691822806784
378.37672957020658
152.49409152010506
378.37682812010013
378.37659307666439
378.37658729304906
378.37689412782674
378.37692764932723
378.37662698052344
378.3768306094002
378.37677471301203
378.3769632217622
378.37672678512592
378.37686802915886
378.37683001965354
378.37665540408739
378.37669664089861
378.37692062450799
378.3765598475897
263.64311988598098
331.58436677615634
378.37682407884762
378.37672075118786
331.41891081535528
283.21826138579814
28.79172317027189
265.68340801217136
378.37658791474064
378.37686983127986
378.3766811733945
167.06986645456033
378.37677972330056
378.37654467983475
378.37653889621868
378.37684573103564
378.3768792525405
378.37657858369818
378.37678221260109
378.37672631620569
378.37691482497991
378.37667838831351
378.3768196323644
378.3767816228542
378.37660700726587
378.37664824408233
378.3768722277203
378.37651145075591
266.27818496235568
308.06276555560356
378.37677568204759
378.37667235437465
334.75698043202158
282.52860915648154
267.17554319720472
378.37658033696505
378.3768622535099
378.37667359562073
176.02345573971505
378.37677214552883
378.37653710205831
378.37653131844212
378.37683815326523
378.37687167477071
378.37657100592241
378.3767746348293
378.37671873843288
378.37690724721091
378.37667081053974
378.37681205459347
378.37677404508253
378.37659942949068
378.37664066630788
378.37686464995039
378.37650387297873
265.94232141258601
307.53994246757691
378.3767681042757
378.37666477660071
336.11476419360673
284.68904867050634
378.37640957834321
378.37669149501534
378.37650283704102
287.42586844306254
378.37660138699357
378.37636634341692
378.37636055979823
378.37666739475975
378.37670091628036
378.37640024729637
378.37660387629518
378.37654797987352
378.37673648873658
378.37650005195877
378.37664129607623
378.37660328654806
378.37642867087737
378.37646990771333
378.3766938914568
378.37633311432239
214.16665264054336
297.4353495657781
378.37659734573862
378.37649401801696
303.56850215662013
355.37058855646342
242.63115905261978
264.9560155003951
378.37665436309811
227.36564325038592
295.65140822434159
263.98479693981648
171.19826364647153
237.08378563068462
171.30560405974896
237.1329595329081
261.63418478268221
261.53540356041356
245.11384802356119
260.06139231950459
181.26936460711585
224.06999324891967
282.19590716065153
260.19390155292047
244.90579537129796
378.37644415842476
378.3617886124793
336.97835201351569
179.18914692323986
378.37643890443098
378.3764914157149
147.57068051862905
378.37693627958782
217.835720840173
345.93412208255626
274.3439314303476
259.10579532762637
177.80978998046174
259.15339174903534
177.88904704469201
290.32708037709807
254.49975903817952
202.95753818818883
277.55307804260502
279.6308113357851
204.46891383059059
289.10873937850266
296.46054730135523
202.5438936137117
378.37672607507108
378.31817271898757
271.59984205426053
224.57701157722923
378.37672082108122
378.37677333232597
378.3767476217356
181.43119737611195
347.23864196494935
271.36534918272724
293.16450096040398
181.09272888560415
292.83392542540963
181.21934734220559
287.64359930638454
235.94279634830906
166.60866029276437
274.84026071849871
274.9000077681228
183.22222924158359
288.36312492188023
293.99887616213613
166.53894825134577
378.37653741711409
378.37687227162934
270.46390239936852
217.49948450918583
378.37653216312157
378.37658467439252
378.37684617162444
378.37661112819984
378.37660534458479
378.37691217934787
378.37694570084676
378.3766450320573
378.3768486609244
378.37679276453889
378.37698127328002
378.37674483665512
378.37688608068123
378.37684807117773
378.37667345562005
378.37671469242918
378.37693867602781
378.37657789912674
279.76958513230295
334.18266206421492
378.3768421303721
378.37673880271728
329.25591356177597
302.86083665753648
332.78354091927821
253.27531422921069
282.52275902584671
134.31988097465015
282.37737642028736
134.33200286851721
265.89053328070833
254.40244447830193
122.76372049755305
268.93182115823259
279.92010117756769
40.223691682136518
257.53996945523988
266.28113761738786
122.71644408479783
378.37663596705761
378.37697082148566
296.22677206872459
214.8835442204537
378.3766307130665
378.37668322432376
301.45426171220663
294.23556672767353
338.82803730727414
294.27024829402689
338.77423764218258
303.72644749274934
339.80386970462615
339.89244630854466
313.68927961492199
310.29828348873548
331.88055127611739
334.35054555736679
313.74443493488695
339.92244767672406
378.37640092350256
361.40972217287248
342.72547668147024
295.22408052324693
378.3763956695081
324.03177219871816
243.77131421791435
268.63681756090534
243.83195674020766
268.58991873373776
68.181987693136847
294.68468660594397
271.93547997609295
86.611625731555819
281.43464334403484
252.78405724990432
157.98735777880762
83.942078273063316
271.89858886113092
378.37639513988427
378.37672999452542
312.43683895252849
162.15692571057855
378.37638988588981
378.37644239718043
265.43991503144986
1.1427182643501403
265.22037092506145
236.51241313878697
269.33595566912948
277.35383674403352
236.37254693772766
141.12441543618985
272.05710675521328
275.58411369132227
236.16191829046605
277.40293446182835
378.37670197481782
378.32095041552316
358.51431460525367
219.17376122718932
378.37669672082757
378.37674923207567
265.37156358781681
1.436925233447379
277.64514912403536
266.36247218414303
55.439332174704568
281.22399453164348
278.44104542692185
122.87038823782821
264.15237403915489
276.78400358079341
54.742340998649141
378.37673549633536
378.3489269235867
293.82810031375209
238.01103944899666
378.37673014248145
378.376782753589
265.15090132876441
236.57711261243441
269.26347203473881
277.1253430310029
236.43690689895513
140.55084194284927
271.96673996481962
275.62814745727076
236.22641283444784
277.17739228646792
378.37643482737877
378.32070682384176
358.51907605940454
219.23497035125706
378.37642957338494
378.3764820846701
277.55158920555749
265.86549008018983
55.36962946698231
281.19582741390036
278.17570441777428
122.8137610631986
264.23537448680906
276.70770729179742
54.714975355394273
378.37663845635899
378.3485341842557
293.91115226624999
238.20877907199707
378.37663320236794
378.37668571362479
302.38822130658571
280.55888446043525
62.895913335117804
273.29169997118686
265.23827299608467
138.80513070821272
41.055243223146363
280.5814167407305
378.37658255994239
378.37691741441779
322.34096915130914
181.2498989296904
378.3765773059506
378.37662981721525
260.82071779733559
295.04386492893138
250.98347315180953
253.13573208504945
334.87995019527921
306.89671742569521
261.41859547593174
378.37677106878834
378.37710592309679
319.35037316601057
247.49848622739509
378.37676581479906
378.37681832603749
284.04804479133639
273.43073893056203
120.07374428496401
267.6940638032894
279.74044134022944
1.7633379737416841
378.37653463203202
378.37258751387077
296.40806814300345
242.42040301199182
378.37652937803949
378.37658188931078
271.62291784494778
268.66174424103156
138.97111056045352
71.555364696673507
284.00317902907631
378.37667587613663
378.37701073052938
310.87636446875655
163.78120347209145
378.37667062214604
378.37672313339777
276.35300451288191
306.04903935450596
271.4037205674407
273.73563459071488
378.37663786661199
378.35126835122782
362.41281856558976
241.89926611534443
378.37663261262094
378.37668512387796
257.82372927894647
265.89716998650169
119.99443717380279
378.37646325095727
378.3667656760249
295.81007982782012
216.04891935340217
378.37645799696378
378.37651050824491
134.25732812475192
267.51263505289631
378.37650448778936
378.37683934233382
313.03503742413159
227.67280139770662
378.37649923379644
378.37655174507188
279.74347787731807
378.37672847151248
378.37706332585861
325.4029281476142
190.81172786300002
378.37672321752257
378.37677572876703
378.37636769441099
378.3724677927467
296.28267396390027
242.09576908254951
378.37636244041613
378.37641495171061
340.86882295147615
378.37663192580305
378.37652859809089
296.09207299807036
344.53524330935232
314.42360412204715
378.37686345261392
378.03289000534886
305.08057673484035
295.1219906769108
378.37662667181183
360.60832874513738
378.37652334409819
378.37657585537039
365.43649215864389
