1.5003358153255884
1.2715718459359933
1.5035364843622274
1.045866640624036
1.5059673842122467
1.4076538690037301
1.5084431359720161
1.3988569995056046
1.2995532074542449
1.490389761095827
1.378764888919165
1.2822070282575382
1.451806481640425
1.1792433533637467
1.3766908055485112
1.5070209015323119
1.195914844516577
1.5036111864660293
1.4021696665080061
1.5072841743884671
1.0753451641038596
1.4206005220873674
1.4390165656343767
1.4550685544482773
1.3938704871056888
1.3547329463541977
1.4750093050776083
1.4569260206518384
1.4400333409826407
1.5088475083412636
1.4620468707334859
1.4391753099387217
1.3460979418626629
1.4898135479901637
1.1381831339163193
1.412529431615106
1.455594097403343
1.4759464979761541
1.4936760449552804
1.3336658469910525
1.4048334439033605
1.3513571844470502
1.3544198216864265
1.2976176612571013
1.4706282386974534
1.4370232101550604
1.4170733331627099
1.4390284188615898
1.4876306723812029
1.4039491736171599
1.0
1.4105395555431628
1.446056100633708
1.3691388709366241
1.3879200715805569
1.4049445532277989
1.50905143519545
1.5013886724249561
1.3090118739564718
1.4531221683744022
1.3321054465080284
1.0001075105485724
1.4389886672822616
1.2139307791382268
1.3395732034992918
1.5090531901921307
1.1462199492088547
1.4753485633969237
1.4491093208329906
1.2717876777445669
1.0765511693540202
1.1994329169215967
1.3966556967115908
1.4281998155421014
1.2822422402177849
1.5090529143819378
1.358807713587892
1.3232355202250192
1.3578231037734174
1.3735370700072453
1.4581872055505247
1.2303622016081135
1.4890105008189214
1.3473833000693536
1.4378008003461538
1.4384691586177409
1.1695146166457857
1.193022950528172
1.4507363370138222
1.4505662743511274
1.300024068276306
1.4579239953891603
1.3155325392238373
1.410501616323049
1.4509037793345929
1.4903307869905105
1.3249804187685457
1.3940459405257997
1.383101219257886
1.4186617879359424
1.4491384097016582
1.3658676439701336
1.3950901798145723
1.450529987147972
1.2538467118156953
1.2623447204029488
1.4846432987551179
1.3148437454832702
1.295218771130509
1.2684573045192939
1.3232973082280155
1.299694500689486
1.3989160216879282
1.4050028813480953
1.3632869681062552
1.2852877802742946
1.3812649328221749
1.385264401495875
1.3806712535353676
1.3738150527989168
