1.6095739256421007
1.5930535034020123
1.3849951493851742
1.3131601747276298
1.6554920720887703
1.3398872128502264
1.6604996403799874
1.5866545590125136
1.6122816942389586
1.5679998071353607
1.589067701763897
1.4965438027753832
1.5479704672154297
1.6334432305106561
1.5719549616600823
1.2438185171964811
1.2243367039185769
1.3990793297860786
1.2358688902405022
1.6507591431368427
1.6495746016185853
1.5118507489705895
1.5552890281099234
1.347178656302759
1.6082966209951415
1.2956711885054968
1.6318898767783903
1.4684093562044265
1.4052668591699509
1.4303178774143495
1.456558272514086
1.4297446408238776
1.6276779889327839
1.660681257740912
1.6092297753731988
1.6099991613386988
1.1370933059700448
1.5170857610481823
1.4959178879180102
1.5557504085794107
1.4900247724743005
1.4069379156537378
1.0
1.5545016187023133
1.4513765864029424
1.6607877500462085
1.6173616013967118
1.6546113436944678
1.4795345083888518
1.609741229765721
1.027197858924245
1.5790990472804578
1.5243234146386191
1.5560086717957371
1.6197562742248564
1.2289694549282562
1.6602267304772942
1.6137627909600374
1.6506169114259157
1.5137265031228053
1.6193262635309991
1.2084828162533248
1.5826139448616432
1.6121242117775916
1.5751175639768789
1.660785532319043
1.4653397894791897
1.4103661625341233
1.3498051125520589
1.3477425952545388
1.6168747654241702
1.53300367847312
1.531871024437427
1.3800717423756741
1.3852128121216005
1.635865606094739
1.6382273350871468
1.558490044040272
1.6093299038871758
1.6331071997270346
1.0958541206540588
1.5151609476396246
1.5897071240452998
1.5941416970419657
1.471169868740968
1.3609087096946055
1.5237882484971599
1.5647937949471473
1.6228750072641427
1.3354594316498696
1.5291911480693641
1.5587805542906186
1.4236943234469182
1.6274158281345177
1.2888618678547621
1.5752480728055422
1.5358508176211207
1.4192398187865343
1.0383907154754319
1.5103607388774971
1.5366546488519108
1.6134549749257519
1.3652378656031052
1.4040212185007357
1.3522988655827066
1.5983668155429795
1.5411325883830433
1.3871113100722745
1.5216667663819674
1.4758262039343069
1.6096631907497738
1.5520273096240356
1.3640164588378239
1.4849430773995336
1.5719813180508602
1.5198951331692889
1.610887588726676
1.4764459451196117
1.500578545643227
1.2410453432155393
