1.8827600297031621
2.1066903520894305
2.1041954679616013
1.6165249899242518
1.6813684927501733
1.6067073476101368
1.3802417387095958
1.8771425536023258
1.8286414428921833
1.8567198274925976
2.0158408322987413
1.54955920289283
1.6479001695868423
1.9749578148763951
2.1067973074096025
1.6976934498943312
2.0566635073428081
1.5415127091478473
1.8138942365110116
1.8163862923463769
2.005701964932586
2.0062928597207574
1.8151705192058065
2.0419569626157088
1.9927799915081192
1.984049379787729
1.7721365457925755
2.0053341412595103
1.717583703607811
2.10767936769785
2.1077292609020923
2.1078337615672091
1.5429976165335684
1.9532513991130165
2.1044862354664051
2.0502651989114211
1.9137729336538096
1.9333482417022112
2.0930266280986638
2.1058471003404704
1.74907071549835
1.8764895277318197
2.1077755993939951
2.0068530298639153
2.0570805928469844
1.5183310843774387
2.0676283374564108
2.0826576034429536
2.0156645424088779
1.6247242546116356
2.0952151829837704
2.000408438045393
1.7205951721087771
1.6842714015537603
1.8964537578384788
2.0196994280545857
2.0010973869283464
1.7977208071379651
1.8363428372769472
2.0212486900782016
1.0
1.6364717526659975
2.0367820809134387
2.002930511687242
1.5869923998759841
2.0009757426456263
1.7540552126430098
1.8724231628507497
1.8277033408486698
1.6409104789216717
2.0844262216360789
2.018714292789578
1.4270127128927219
2.0271191758053178
1.6733801135713813
1.8796880412177304
1.8419124793052706
1.9529739330617992
2.001792462867789
1.9076565264680385
1.8351577961599124
1.4361010242695382
1.6900299690380864
2.0187026295964516
1.9792618316043944
2.0896563539060198
1.9269730913879799
1.9432391663561916
1.9462935725248685
2.0435592056682399
2.0268664197169857
1.5779030867932056
2.076934540582823
1.8772609518200869
1.8457593012184583
2.0883694037096499
1.9081922381202128
1.9241001164822773
1.6805633433003351
1.9782262194580371
1.7751577689104872
1.8386372341844752
1.5003563940489157
2.0940985040274112
1.9723701291956102
