1.6264298084642621
1.2655553039616472
1.6274890340722874
1.4208640726398993
1.6278295117695309
1.3355282156599753
1.6274625256928865
1.5718056932512656
1.5383935773242949
1.4237158694451684
1.5267483800939725
1.6225916631279051
1.4898250287567709
1.4702222076774871
1.540298514765162
1.6200954205752751
1.4583801468994724
1.5807035957282078
1.3486504972499822
1.5900945956754129
1.3114201370995606
1.4642421033254556
1.424740733391912
1.4431973140080516
1.3890290512111736
1.5104224390816456
1.4972699552308604
1.5748556102768398
1.5868218020916567
1.6272943036596965
1.3383771527368742
1.6243116183984732
1.4838494127277109
1.601077912403859
1.5524595396053527
1.5609335596673721
1.5649541031033347
1.4296598672231717
1.2722767106574422
1.5644635079908344
1.5550083125371261
1.4714920159263729
1.6277803128815358
1.4937829326337726
1.5357731887235315
1.4501646548134564
1.5348635076542312
1.5585339529913949
1.5314853656087333
1.4756440310051819
1.4079415773671851
1.3313108487295935
1.582361184764528
1.5497512091466574
1.478935896589052
1.3555008841017497
1.6202910844798375
1.5887274014253434
1.6248612737536732
1.3447983484916608
1.0
1.3906964100771915
1.550021469823071
1.5054186083746783
1.5366828149738672
1.4466546219882399
1.4999471391501558
1.4794917781112007
1.587843780701258
1.0049453129757204
1.4574838027396875
1.5814745087446671
1.5076470651937353
1.5849132377628976
1.4935001901515559
1.6244454175306122
1.5294196786473959
1.5911692129872042
1.1337057135544328
1.4463075574680355
1.5948396318286242
1.5008644410949759
1.4648970073084449
1.3537564142123304
1.4289222780116837
1.3314796264156274
1.5149405001019225
1.6127712793303808
1.5562558081728859
1.4899716767340954
1.5296381664264513
1.4406194705293525
1.2751536574503957
1.501307526033159
1.6172013340150064
1.5782399171807897
1.5033418395116935
1.3279266505129577
1.4508648935341308
1.5748985861526283
1.6002237983471024
1.4955107388722502
1.4054991537841286
1.3284442565070484
1.3296745901152442
1.4275636249061201
1.6093910306867918
1.513593145978096
1.463962338424585
1.5176508700391065
1.3575737847120553
1.3907834142392357
1.5729127500958902
1.499445268820349
1.3727173505855901
1.5076248947286333
1.5101795074777973
1.4020315519111575
1.5173652131737905
1.3225991665344616
