3.0434645980787129
3.3103265292771336
3.1732346990472071
2.3869753705624901
3.0360413151028052
3.049609651821886
3.1624857221881251
3.2134000074100455
2.8492819596234571
3.1723911765284014
3.0278796571392825
3.0943627506166482
3.1134044258351663
3.1001686026899686
3.0967870280474887
3.321781223971886
3.3733833779501059
3.0872968931143721
3.097644861532586
2.9271595992899
3.0980139859081968
3.2141509040337159
3.266336974078758
3.1575511025637124
2.6468236504399303
3.3432287677452228
3.1522663023674355
3.0038246849724382
3.3042260672340822
3.2730194376183257
3.2180053925415355
3.0109626315338787
3.2221669156079611
2.9925852305372698
3.3827511368238659
3.3778187908196213
3.1470221203741739
2.7871776298824935
3.3144664500532355
3.3032106452778414
3.3857348848867161
3.4038340167514005
2.9863389557697082
3.3273524708049123
3.2495357695663101
3.3898070381404812
3.3335147332385096
3.1135416950619983
3.3727374372820642
2.8477567483011637
3.0830715904112651
2.6254274115192504
2.260624863114896
3.2756438245466355
2.9392730023722318
2.8383915473357018
2.9164193399570326
3.0032426501170302
2.6476516737971001
2.6628365461437826
2.9404707200021627
1.1369345795510271
3.0152746278912779
3.1238006837522891
3.1473343003502765
3.1445306188699496
3.0446650799004025
2.8806430211994258
2.8533354632771117
2.9395913435506293
3.1512535461287876
3.2804545227684674
2.9531516284297625
2.8899875347383719
2.8367459078631287
2.9691315173580812
3.1584668677820456
2.9511621892923232
3.205179725663696
2.2640318799897874
2.9886769364717587
2.8909349495405072
2.9187037833784149
3.1002257032133556
2.8976495390770598
2.8634361809470499
2.7993814342248204
2.8199242820104748
3.0700182916577434
2.750286155864476
3.0724211913221047
2.8645024848004508
3.2402228987822772
3.1308711901813129
3.1180435627353624
3.410385405182712
2.6550426847223885
2.7691358155873829
3.1957029144148237
2.9677545967980667
3.3363713757597346
1.7996223506903861
3.2518754387375881
3.0016982917202615
3.2284717648985941
3.1450289438789567
3.2709622107700667
2.9583787470689105
2.8753748654410494
2.9412726065663972
1.7783938350480979
2.965281733432882
3.1920513935898387
3.0464077046357891
3.1214583671567331
3.0809836047685941
3.2508918725291198
2.8931255480565725
2.2913102880991767
3.2449760209571141
3.0716929259987173
2.4590212265260045
2.6106419387936288
3.0533962112346917
3.0608947511069475
3.1232143513129467
2.825957752686489
1.7051191584521572
3.1635121678025389
2.792201973370489
2.9431059997488318
3.2831343023987238
3.3120494867720569
2.7333948992113424
2.8007701871516528
3.0490086104180829
2.7194895154099612
3.2756644687716627
3.119778177605002
3.0845427384265665
2.9413342908846674
3.0581136043316506
3.2539832022834045
2.9857505464585827
2.4841226874502924
3.1967301186396502
3.0343128009994449
2.8882895320994946
3.0747881142450049
3.0616466245332843
3.2740366701178467
3.071913141855358
3.1721251192806781
3.1639907207416544
3.1036244000855455
3.089772703900048
3.232869261350551
3.1281694368355031
2.9926711220007021
2.7310688873212312
3.073510769210209
3.1130349093705081
2.9644856011935077
3.2958249379336326
2.9380979952303146
3.1729864891852291
3.2280811518478041
2.8217594630846468
3.2535501999245953
2.9837892232741745
3.1251360340638406
3.1457021911958183
2.9924761102544291
2.8267144342726089
3.352110828296146
3.1766112464037346
3.1378787186362813
2.8988947559329188
3.3205068765569203
2.9170705564999686
2.8809392943186976
3.2094043047904095
3.1289161257090705
2.9833719144246191
2.8960428103621334
3.0123056078599815
3.0809948500377677
3.1487287711947838
3.2792922877507489
3.1196215133198506
2.9812405465533729
2.8369050286754272
3.0861484801836383
2.9200310106320004
2.8307368185993362
3.0681730462565748
2.7779328985235403
2.9185992252706914
3.0747381617478999
2.797478893430597
3.167080772999102
3.2972958137712873
2.9255489213745056
3.0136058517884985
2.4590347753432176
2.5013944834335544
3.048901722891399
2.5737190473087406
3.2035279757143806
3.2057677255381498
2.8434742230420333
3.0706461021977187
2.9869008444845813
3.263509310989928
3.1461229490807825
2.9896217183182601
3.0743089022992098
3.054776326932152
3.119338751965977
2.913738449451126
3.3176052929301059
2.8357928598359083
2.3748675345070911
2.7202275731619587
2.9032877982369629
2.9278082487135606
2.9847179186747499
3.1680467592820438
2.6822637486401533
2.7600650105191828
3.0909705453720973
2.9711792789039557
3.1730469249225446
3.1427945649093507
2.8783970227515292
3.2683566696509505
3.0080660848495095
2.9077270105358068
3.1014384660864378
2.9426083066078599
2.8099841546606652
2.9223076688757867
3.1031176533409823
2.1421987038781882
2.9495499663001872
3.0574704893162661
3.3357247989037884
3.1229872605840794
3.2372808426610225
3.3386732062886653
3.1222253536926812
3.2404030207739214
3.1452548874319763
3.1768159590702476
2.9555116808442965
3.1570139335218812
2.8030307211350918
2.3758709539564893
3.2965153318744549
3.1093458816324966
3.302003115817282
1.3684842689493102
3.1000330653947277
3.1260525657870559
2.8515174110828325
3.300998796738952
2.9260486982220097
3.1318740106937519
3.1018391246050099
2.9123895358096776
3.2810124793481781
3.0128366073655326
3.2970153931366615
3.059158679202338
3.307017136008723
3.2830161555305417
2.9885237562301672
3.3968804543876154
3.175720548310506
3.3636077337369721
2.7360156587785989
2.9342117376289907
2.8648331756400696
2.7895697971957651
2.5388200703338271
2.7916403103590963
3.2830990357802703
2.9607588632950872
3.2838572195520142
3.2995968703545979
2.6851141448272289
3.1507795502716243
2.9358574865932376
2.7121204226121063
2.7512350954921558
2.9451183357001574
3.3991663651073298
2.9333801861823887
2.8211885084486648
3.3303860255674063
3.3574423536331697
2.8638933003350293
3.0258738158726413
2.7923595903111051
3.2776057166395587
3.3679254633078384
3.1341940507487811
3.2762531955211718
3.2808686543602485
3.0605315723888817
2.9972584722233053
3.1878495110610188
3.2313005314547882
3.2075885446382215
2.799517868186709
2.586391525886889
2.925261010970694
2.8007259087964163
3.3167482304411915
2.9799255608196447
3.1669214098243663
3.2662660024726473
3.0586678959629086
2.9425992862320123
3.2836959172666926
3.0284786401671533
3.2176522312220714
3.1419774192964862
3.0295397419333625
2.6089472889407719
2.0919429634113302
2.8061440262479782
3.2086749765930094
2.9592444542110825
3.076080675449449
3.1109189424240582
3.2395025211075761
2.8427699670724551
2.0375233706032629
3.0247722496771634
3.151770367139882
2.1925832966047452
2.6285940518355586
3.2114514745602536
3.1862570266755155
3.2529299347086016
2.6824905590663124
1.2761504365532879
3.0028990910701916
3.1053068818853129
2.8399751086209033
3.3203174575583931
3.3235053885788615
2.7067735018047729
2.6096409358827861
3.005366534301503
2.744136154453432
3.2634715409595207
3.0309236854442814
3.1472319381954805
2.7909816496184052
2.8748428960796013
3.1756867573111922
3.1943679136121896
3.2852116968535956
2.27352479228216
1.7541258143354888
2.3926278589005885
2.347793201483459
2.7807845915365368
3.0577530462615052
3.3006421696796853
3.3965599205450943
2.763677970220237
2.8648346264494298
2.8860532498897977
2.9735955660725577
2.8948872368590148
3.0804820572452503
3.2253475424935614
2.8945595704186924
2.9782034892011158
3.1556278955421542
3.1677330284004346
2.7582984417070127
2.9499209582940908
3.0553824752844028
2.7032411196651736
3.1196976518327681
3.1320641060254482
3.2016587924196376
3.3372942673902886
2.8929972847900234
3.0233311189683114
2.8392015048462569
2.9184374193179803
3.3419969898118089
3.0311371209491429
2.8189064157277031
2.8930349065403842
2.7716687985172896
3.3390338136345457
2.7666811677660932
3.2642985877906758
3.0408686167250911
3.3292634119168372
3.2446744482908527
3.2632445718523364
3.1543990625760676
2.9798253507533197
2.8982825106441377
2.9310124382827385
2.4601301162097076
3.1302372015250173
2.9228148430558796
2.7282758552959381
2.9311283166246893
2.8015874470805477
3.0710110105228705
2.873565884898043
2.724861532083994
2.8188403587327873
3.0992132350716073
2.9162617628544876
3.2465304493805047
2.8126361474632713
2.8883551403018068
3.136799083247245
3.0720317802018702
2.9878683941411719
3.0188374065036534
2.5845886516222349
2.9724469022392781
2.8778608132881347
2.9653547332906323
3.090260525010875
2.71993405872036
3.2396563848902238
3.1262798103940108
2.9299999413589872
2.9631530429733446
2.7436810104598508
2.9604449606865075
3.1406993938830308
3.1263939163577263
2.1751233343947707
3.007825303059378
1.8914182026440891
2.9318048381947843
3.2231124348727551
3.1843281047743703
3.304815284448932
2.5154623232090172
2.9153507685297755
2.9446812343323558
2.7388146355193488
2.7323046597664407
3.1223286722663861
3.3289431003762942
3.0916520013512336
2.8535406935760843
3.322015999201311
3.0364781511823726
2.231956909618567
2.8117398783876224
2.9223834454104756
2.9268805459173231
3.3230891459819336
2.8272917844421164
3.2839263548758821
3.2304388218378723
3.0778858152992168
3.0294351368558758
2.8789530049851244
2.8874978816175347
3.2219771803126998
3.2497940959603344
2.9088400958986504
2.6746833294760153
2.7647630559484679
3.2337798160763032
2.8529267646662619
3.1724282332423552
2.6642183078432464
2.1027517963543674
2.4642872238398117
2.6043096122222043
3.0519379570268033
3.1568579902614839
3.3290417401868204
2.5525574443556929
2.7234143731982332
2.6988180728915045
2.8426987138447055
2.7149746011722788
3.0079240467966648
3.1801162424410716
3.0366261404554598
2.8526955842498145
3.0926156473189037
3.030001104341018
2.7304461908736837
2.7691959756522668
2.9239038120697747
2.5655601449242176
3.1071124278715332
3.0665863656499637
3.0510094455796786
3.24270698168917
2.9388992600495563
2.6590361870842081
2.7417039797268798
2.85679240721581
3.2381178725157089
2.9930050999042832
2.7497911508024777
2.8649333017915439
2.7090177699476032
3.2333032630925422
2.6735356957554113
3.1758009604718973
2.9656885701156734
2.9170747601171634
2.6913159805908373
3.1183726300824444
3.2863675000749932
3.3442287489757789
2.7737173845057654
3.1794825734058012
3.0421113639890662
2.5021146854920522
3.1338530352549538
2.9866401788277503
3.3618055040161252
3.2527940313301689
3.0258729504853372
3.1512202360963064
3.2087234413577264
3.0090887362507885
3.152175766736248
2.9823703669077335
2.8577636540776838
3.2040392593090425
3.2366647069167049
3.0497873280902934
3.2703332317541505
3.0638827507017101
2.7576978877408362
3.2025728009874093
3.2792338077354448
3.2460633040479454
2.5454166489961709
2.8018710813583318
3.2451128305305077
2.9961019038421797
3.3140148742688313
3.0817556745470864
3.2033760098225095
3.3543829206515361
2.8945322798133399
2.9183532991028134
3.1229691085523408
3.3443043222218973
2.6669659784739057
2.8761919573852781
2.7579294373193135
2.4262021458070273
2.8012859164811692
3.0686787370982742
3.3075324757920823
2.8825842334401299
2.9508759257977362
3.2166456005950987
3.2416872296096781
2.3801076483561445
2.8356614043505766
2.838643509302722
3.1179536032206583
3.22351276857701
2.9346729766315898
3.2733378180202037
3.2634632267583905
3.082440714292479
3.1087068996998481
2.8022192059936373
2.8573799169367504
3.2667940305824001
3.0161357216327151
3.0841975972619626
2.8995758531753113
2.7005537845761549
3.28734580637708
2.8378294024058142
3.1607015633623652
2.7787596232215845
3.1049110017642394
3.1146353909576088
3.1711140967527194
3.1627730052591332
3.0849204199117004
3.0427865940473771
2.900587381158291
2.9519776995845461
3.1154814293337356
3.1562402279438313
3.0495999409710182
2.9895535455122442
2.9202711440672084
2.8527380711908474
3.0741455202547558
2.8189435622620351
3.0975962609666103
2.1568995309054682
3.0908556872931365
3.0127648032982313
2.5295101859501044
3.0993835053160312
2.9771111855168302
2.9970262911971353
2.7808849039979906
2.841581226745852
3.0497759349331877
2.8085694829571977
2.9786882593572011
2.9550005482204535
3.2046978154428918
3.1157973444279325
3.0458936977300501
3.4127592588943436
2.8208072213159081
2.871788361194139
3.0242257697628747
3.1972780642049088
2.8273127040216774
2.9547725463456618
3.0957478822268567
3.1726941449006816
2.767897482251406
3.1499393476836421
3.0674475350321964
3.2091331567542527
2.1399329052216531
3.0268709080270439
3.174482529421943
3.2369038264430201
3.3514341046423586
2.6784454848329484
2.6403630378228358
2.6714857433263974
3.2055725617146238
2.960412760304727
3.2889865164363599
3.3903071400132245
2.2981055263407839
2.0756687234985001
3.034495994350539
2.6799156706004914
3.2840397128794163
2.7941969567706315
3.080913533009682
2.9538693253947335
2.3872340994498438
3.320055425699326
3.3417305055315678
2.6890985505062108
3.1846797990381024
3.1332605711772454
3.1907755477625428
3.155874397401881
3.3196778295194656
2.8509923547763636
2.104748973319317
3.3245039732947324
3.1631662893487711
2.5546559277986787
2.5266690173254625
3.3416050119912337
3.1951366800851013
3.2417701474298672
2.9206775317830678
1.9874142223359081
3.116066770749347
2.8123780373038092
2.7231389300825759
3.3649972946005184
3.3602063801592474
2.8435586118178193
2.9541094225233633
2.8890306409976083
2.8480235646092389
3.2384983777380616
3.2103084632802199
3.2345838874890798
2.855408267992122
2.9840717976153881
2.948045734826144
3.2702694421292495
3.3716856486682869
2.741296641270131
2.7872861373275302
3.1684899932172974
2.7853780825296335
3.1225343770579062
2.6793621970914514
3.4244030567118426
2.5912748484752299
3.0538842076931396
2.8334649495816779
3.2345075306089144
2.5795870395187781
2.771180264487568
3.4175770702791071
2.885518763300511
2.7076354595652887
2.9516027240043861
1.0
3.1793385177564888
3.1457356370140865
2.7698579529559328
2.7515097691764869
1.5423099434245302
3.3085102161278486
3.2393085456032922
2.8213309984997048
3.0486574229958423
1.5054514631404841
2.839730840008392
2.8960004877992587
3.0107280374541991
3.1106616980572817
3.2385527469253712
2.0914177274286998
3.2036347925848334
2.981995340189814
3.1363152143377913
2.8406791218560601
3.0664627395336415
3.1886288550916171
3.178839046820173
2.8635766037717296
3.2559333004514457
3.0834219907629605
3.1071662860868434
3.2490219696586946
3.0923700349823195
3.235008460925318
3.3107396889587992
3.0087675208245432
3.1548237589517631
3.3110374329428081
3.3111234031343941
3.3166715810568581
3.0937822810215856
3.1379479266230317
3.0795047398070148
3.1107440132610131
3.3516738535855128
3.1648303515518221
3.0459331094929687
3.2589596510343419
2.0870020730147258
3.1953811688572658
2.5128631950629985
3.2408664878495599
3.1795039855456402
3.1879836239995707
2.9712782426207411
2.9425579767989944
3.2314788208490199
2.8249120060968127
2.7961022093915102
2.9887645397422586
3.191129642661759
3.104569482807066
2.6433572509341792
3.2592778075858764
2.6108934702524884
2.6309143547924227
2.7079201049480948
2.2382352062653812
2.3507559310358719
2.7429951558650534
3.3438122633500447
2.8384387740625425
2.4071006060587687
2.517449706718955
2.5942297703509709
2.2563532084757778
3.2473038240840837
2.6337019202615894
3.1293213339033992
1.7981825173097499
3.2605833580007366
3.3529435645692303
3.2366548767071515
2.6052307700426911
3.0339415975068063
3.2809360752129924
2.841762578309996
2.5038308383274326
2.7989742041748578
3.2649444995937174
3.1113693430913711
2.5932966250299261
3.2297968991292958
2.6732660443112306
2.6724819441833931
2.4051599098136234
2.279134848080298
2.5028865245909655
2.660883509142689
3.0891028765257427
2.354436982195764
2.2830541844068453
2.2568990407666369
2.8109511293834855
2.3362313711098617
3.2757267417496418
2.4879176827004033
3.1494619778547261
2.9704179212998523
3.1476664631672548
2.9954037094723174
2.8585090778009516
3.031638833404263
3.107489935616508
3.0256339232488432
3.0944042964883489
2.7554331832592451
3.0735923196255173
3.0811654602504248
3.0696713139571123
3.098968095916975
3.060903343645796
2.9944643336608188
3.0863734626254433
3.2342168950273105
3.1949417060391188
3.0834681231880494
2.7844782510239718
3.1409521302798264
3.2113497317844324
3.0734027941770399
3.1950945463405205
3.1594906743260509
2.9821347070835333
3.1824406005671166
3.2285155099985956
3.3575803224876455
3.3574131408417784
2.3252542194701054
3.1715058541847174
3.3866886589294247
2.8703185771341411
1.959418723421293
2.3070735988689464
3.2978441543391455
3.3363000816283113
2.5664419546077317
3.2178940655062598
2.7045017747706912
2.6540803123153216
2.4991310247448051
2.0772815274122673
2.1734850774492234
2.5494950773184013
3.1936338405215299
2.415908593717611
2.0040488916140409
2.0195810131164937
2.7428607817992785
2.2479012776872591
3.4033585118115663
2.2624833327218274
2.8877007886809767
3.0717586699626329
2.9126095754674277
2.7080910797923061
3.1526259722869208
3.2415371773220931
2.9687691347820775
2.9548472065239149
3.0998991995052285
2.947705467998643
3.0812572816484365
2.8885234483446034
2.9731351518006019
3.2996183423157341
3.2134501391308663
3.094736757037531
3.1069380711866268
2.8776706003316677
2.3136580091400361
3.0957595479175759
3.320873702913294
2.870455369241387
3.0873315242684534
3.2448165370741742
3.3009586931886346
3.3353197923802851
3.0212483336729803
3.2548786539806338
2.8359711261490079
2.7624180568274008
3.3150296114558095
3.1820190919109272
3.2268472878080545
3.0597686184984583
2.2851079246236989
3.3427295933557226
2.7690889146873761
2.7396174272685858
3.3947166278264511
3.408383117245362
3.0796563221329425
3.2091524694201072
2.8237813469514252
3.0960149120886951
3.2510365398547711
3.3643092048646124
3.2809068073653895
2.706790810469522
3.2587467724296659
2.9171981431118326
3.4242520025422714
3.4119280845752908
3.3401360229848645
3.0238325982101304
3.1474688199091188
3.4175756987488177
3.3885397476013259
2.9845471832506036
3.2492376620542482
3.2368826548453726
3.4231852105129241
3.424405238944543
3.0755357935789753
3.2700001468802151
3.4216755577669749
3.421399170117454
3.4244064656734694
3.4244063564998721
3.2810382563765987
3.3287920895412362
3.3646380788157759
3.3838631433728161
3.400693864973785
3.4243082034596095
3.2873102695283354
3.0871443291730833
3.2969385290030941
2.8412211133309131
1.7294179627776818
1.8885169621541051
3.2169342045404741
3.1973837109832601
2.5425488447507134
2.9364828866958104
2.5925829802690301
3.0348396819636014
2.7393630432873874
2.6564917301434563
2.7236944219645483
2.4754017144447968
2.692976334429749
2.8675767831238108
2.5656996159289855
2.5498902113791226
2.6512206725585363
2.8321971471424514
3.4134224373536304
2.5926457411332069
2.8359868593912649
3.2964650903775521
3.1082450895128684
3.2026784982298451
2.4509172681026499
2.1356764333059424
2.9056126208174802
2.9408385232816623
3.0818953348272649
3.1707796184952244
3.2537937236086849
2.3735502543217208
2.336890663767536
3.0548303999916961
2.4124278524345022
3.1719219880267975
2.7963204686304119
3.045572645605517
3.0458820216057751
2.871133034958516
3.2685924570655445
3.2783425204301988
3.2901987209159338
3.3832984913181137
3.2826046600252003
2.177025075612764
2.6171525098115369
3.1866536387128095
3.101269224421769
2.9293206961074008
3.161518776492656
3.3679912402915835
3.1814693092814674
3.1129466564997896
3.1230664719821712
3.1931630120972998
3.3290763513982857
3.3722146926473053
3.3325932962363489
3.0349416725337934
3.1113808072222824
2.9723236090966298
3.3443214989813188
2.8385068264602293
2.8312606222816581
3.3367278234035145
3.1856777159962988
2.8508793264896717
3.1877592939190511
3.1372180519322415
3.2182997426381559
3.1232322474455279
2.8437252030345581
2.9616164860480256
3.2081733167444799
3.1464529097187919
2.9293870030782307
2.6603180681445426
2.7555313178813381
3.1769668747650672
2.8997591028434582
3.333862108182855
2.4945945137673098
1.5687293290596163
3.1884360561045888
3.3044491458635576
2.8044124040001122
2.4624436596783497
2.5913705685858455
3.0658475184635496
2.7262368450060941
2.315329321025664
2.4431393135252062
2.3751422695201887
3.0657622378242744
2.8481060585660565
2.3978162205174516
2.2375890790744597
2.5522468963087999
2.518125370273236
3.4118740906668092
2.4486710439485733
3.3074937824780988
3.3133931240175243
3.0980582070874352
2.9091624313654987
2.7068723329762414
3.1069959555470117
2.6735736720351779
2.7640056463744811
2.80533010984783
2.6138287684518491
2.9588987689261375
2.7613983085365144
2.8138179303598734
2.0472754152288091
2.7419057846230759
2.868471692988531
3.4079247261418133
2.6709296917493455
2.7174407803612195
3.2261817066497693
2.7230899342355936
3.3758330028676653
2.9459738706447136
3.1513491685696366
2.9115000256453771
2.7432000675461601
3.3911253903427565
2.8434799507954214
3.1734148419781265
3.1336955002090443
3.2138806238847595
3.365315857510033
2.9453456093420236
3.4243597958087109
3.3459957492043353
3.1099197653996304
3.128359316535497
2.9268669438991082
3.3922552627446731
3.3617872110656988
2.7645175755637088
2.6933048173603709
3.0905985397055065
2.7197396992359133
3.2493766135415667
3.1381143418129898
3.1697272187743795
2.8563340335234959
2.9845772136204833
3.1367726034564076
3.2308918662126009
3.3008259111706528
2.6527946704760375
3.0687649643519954
3.1518156152316652
2.3784779063404646
2.2815575607611738
2.7369769954060774
3.142755546645783
3.0406042351447469
2.2252755464126683
3.0213938272110155
2.7142910382764556
2.4550793466681058
3.3907801357890492
2.8310162371075256
2.8528608196591101
3.1340641282834012
3.2600741301367164
2.8896853416654822
3.168218705727619
2.6629162810214875
2.8826955807174666
3.0894141820934786
3.1665964665449375
3.0648998267872547
2.8545484589869945
3.0372715429683836
3.4129194813436103
3.3898632947004677
3.113375028258571
3.1695169073613321
2.5865841434790884
2.5750885065772073
1.3282295495797725
3.1570736628846006
3.2103657737751341
2.7108033844104371
2.9956664224953711
1.3984913630418145
2.7001994272335788
3.0144473419873945
2.8990146226488132
2.6361608806765227
2.9544062998818781
2.975756569318905
3.1443177371988793
3.3923525542773003
2.7800032922119065
2.8078600020024589
3.1225705831771671
3.1098407764857896
2.9994453232106193
3.4244087158086725
2.968173950392794
2.9767994008696652
3.1545862767149213
3.0508252784566978
3.2501382488443924
2.4713613329903206
3.0627534140875423
2.3806487977610247
3.2072594360480893
3.1150970532708628
3.0952547388897274
3.0728943689698909
1.2128668351376177
2.5667694436856427
2.8312232302392912
2.8996842093368529
1.9719452187895838
2.39669069747778
2.5460928352533085
1.9346448541509815
3.4130447685725334
2.4009471153214674
2.664661717826788
3.0003976480852601
3.0834432120881354
1.884671429136493
2.6070943964312696
2.5116673748892828
1.8085506824209374
3.4178779289663201
2.3953201934739639
3.0178396386270929
3.1195669384379761
2.7169292183922678
2.7624572888446401
1.2823677709470487
2.8628849022689269
3.3783147149583774
2.8739460928318392
2.9406766980310675
3.1272217448245767
3.0141602357446806
3.2619581568564402
3.1880440842678603
3.3517482842977691
3.2162593458637359
2.6150633079981644
2.5906780986725679
3.2625827748368659
2.9463687839955051
3.2927188949586346
3.1376124893547037
2.7067284228544746
2.6739850254435038
2.2178325251016329
3.4241227766859632
2.2395739100625405
3.0660905210488525
2.5299728854725645
3.3574202476427826
2.7591275660966179
2.6659446637838893
3.4191944688514408
2.9202564217205635
3.2884127860098173
2.9377049426643702
3.4244075987516043
