8.308870525699886
9.4601726762337535
10.097270954359974
9.4580007971032298
10.056468594720346
9.5949161087879862
7.7582788301324221
10.393543664647265
9.3864795915109625
9.7391911249613905
8.8471596349871735
8.1835647936401497
9.9345997859964754
9.0964635852718434
9.6011630859226695
8.1600031767098269
10.101959859961646
9.2194773694290753
9.6617174850977641
9.4596428608328758
8.0355945479904332
8.1923709883718612
9.8761091196028055
8.9878574852328565
9.6754083386631482
10.26658636364801
7.6952346201688551
10.110596600823071
10.266609094496111
9.5373291022375817
9.9624136547639743
9.2705161197373709
9.8913606275050654
8.3248396814642103
8.3215858242441207
9.4170706332642524
10.264179723352706
8.5762826724824759
10.2617852428354
9.317804087363097
9.9699358224837322
10.235687968404557
9.7889130644830793
10.28965675255022
10.287525488219094
9.3274166402275842
9.6758887884503668
10.256866010830581
9.3108580278064021
9.0323832869252865
9.3858584406170174
9.5758421439195764
8.5556577059385077
9.6493966936213162
10.498711066423398
7.5799708795562903
10.071447378280219
9.4719908834843665
10.167570415201325
9.4895717816019278
9.3044000272577527
10.058809178776727
9.3089480846394999
9.4068063478082955
9.1531527429071673
10.016308802374603
9.3773461261318296
9.9536110115052505
8.5803911288539574
9.6638990867295504
10.503302689929789
10.227501571463945
9.9866312855611117
10.051404873660417
9.7306128684015825
8.224529111344598
9.9192144243483806
9.7314395722102223
10.333836981385783
9.5179799813508907
10.168084954862286
10.38610965995321
10.381753652962225
10.203784655651324
10.0550585287841
9.7758373540278658
10.502306549446047
8.168713416318278
8.9288140351894008
8.7849314329153589
9.285588988963875
9.797395868773533
7.7447922428470957
10.077237081391543
9.3340694057919844
8.6272250095492957
9.9448154117357639
9.906629105241727
9.8953647832091374
8.7610946332418962
9.1279839325910519
9.4407861703669216
9.5361483750855953
8.8321905893189729
9.0993275425705864
9.4678387208323755
8.3601749472728901
9.2006037816456754
9.8468927432727664
9.0676442817772589
9.0687454173513107
9.8800532513310628
9.4645671433435492
9.5059749242911984
9.4894591167481828
7.5099179327989978
9.1600170386833444
10.214315409717441
9.614730073495517
10.247769614710522
7.1019627328412041
10.090237343544839
9.3013364227916746
9.0861194002239181
9.3550056701955864
10.322412694927815
8.4941337542237374
10.274927295332455
8.7789440272825097
10.119013694494035
10.328529988380543
9.2379980613728243
10.288867219005203
10.317886040549428
9.1761008178195116
8.6748459177582156
10.154543014777179
8.4740021005050004
10.262870129208949
10.309985965002619
6.8766266317342364
7.5706857209931027
7.7184303898345856
10.297040143794808
9.0276375820100405
9.3683697842440061
8.5037401246639259
9.990717524348895
9.426461365024883
9.6377958540550335
9.285605558603045
9.3045917163224114
9.9234636954821109
9.0164724879094695
9.8139101335024126
9.6052506260689423
10.00265142479396
9.570571936040583
9.5389019465928584
10.195718302950715
10.46268122483972
10.163172448971917
10.171206715395014
8.7868689327942935
7.6386195459656969
9.5746287449479297
9.6100449310531673
10.350304298568275
7.7243039978290531
10.252579609718568
10.195304960035406
10.02710909986166
9.8426668165187152
10.294566765368884
10.182467464914835
9.6440084816949199
10.284271579543459
7.381076963852701
9.8642031241569956
8.7199597398401956
10.168793420171724
10.267273379619786
10.104321968491517
8.9691913852380729
10.008973387776221
9.9926461605801986
10.358085687330313
7.6727180772023189
9.3390528190208926
9.9404179842912512
9.4563683530640983
9.4840885736964768
9.6081101204692576
9.6478092490982501
10.008068033502656
10.001874682421043
10.260055714093347
7.7007325898205057
7.217869525513267
9.6507534845833902
9.6999213958495005
7.9414571160288263
9.6602870060640118
9.2241312286014487
9.3943876990035573
8.6635082385774211
10.390116070267171
10.011823307836561
8.8962186887293715
10.184031368461927
10.073494541487765
10.04915754383395
10.218675553919804
9.5653923031677515
10.22146406297284
9.4951912584134242
10.225753833256924
10.316685118635222
9.555283289891813
10.262459264110893
9.5906378646587989
9.5424590488875687
10.155471800342479
10.358179525904946
10.078977325934858
10.381500056434197
9.4723836439330285
9.5587794679435234
10.324714701945455
10.196243007102611
10.290335905181959
10.087159030779478
8.8450668011638491
7.7035997920732608
6.2285615397067078
10.413316702864124
9.9849399882148955
10.214683598452163
9.6249125082116436
10.423632370724146
10.258960047327566
9.7477915272756697
10.471619112838528
9.9443923154159908
10.160269608648617
8.8854256610872486
3.6690995478394801
9.2043948030401541
9.8723713532199966
8.903966480246563
8.2640477178834875
10.384776733003349
8.4573349479256184
10.399200622417238
10.303367548398937
8.638066171660876
9.3743331726871695
10.346163426300647
10.273434016980369
9.6972272981561982
10.459423335409207
9.0461238160711481
9.3528084937231952
9.2671308197118254
10.335776037242047
8.1088774201027931
10.18430950635328
10.020706618749536
9.5923947407082473
10.150772979964437
9.6385531557548436
8.9062154170929482
9.779899076533658
8.7787274911597493
7.9098174788763469
8.4792831889994513
8.6059383952859747
8.9734109701900948
9.1071853076388383
10.208779536327652
8.9905206837549585
10.062724066605254
8.8231742927550503
9.2223030101607222
8.6995128065570508
8.3274826540266798
8.8187499422470399
9.3956774464737034
8.3353594036165042
8.4815046461494177
9.2731607917426029
9.6949025637126791
8.1571264194660387
10.361625397963333
9.9575460594901983
8.9690737225768267
9.6375326146052878
9.1428784026102488
9.0163335505984712
8.7458009771652332
8.8742220308866759
9.0319096966354042
8.6946219529626241
8.8616703276439033
9.646947411861607
8.8523169421711518
8.5805987169525437
8.7669171781908801
8.6574448387712817
8.6852924677172947
9.7202925524026735
9.9598211071639859
9.2802063339889802
8.5911860075103625
9.1568173748256623
9.9265207949069012
9.7752332820396788
9.6824429626616926
9.6590864818172939
9.8104115784912622
4.8363355234058441
9.37198111691003
8.8222869132852964
9.1703957210646649
10.197117633762426
9.3420237143863165
9.7299790148065615
10.193918665366835
9.2547154271573806
10.097188616053936
10.117686419527903
8.5899125642309535
9.8443389401314008
8.5427330958989582
9.4950748784349237
9.1604144418332378
9.5281177529246222
7.8174096490628839
9.6396365441038583
9.2011005942874533
9.9137079649047326
9.8640042996365676
9.1819408694203215
10.379610240161655
9.2646875720876185
9.1679391849335286
8.906443671211008
9.0323180018388509
9.8958292776658965
8.896371220310316
9.9822650173262026
9.9754157003454065
9.4754540179343145
10.104507828361479
8.6018165054614784
8.3166949525121794
8.7505929373455604
10.330719070664351
9.7411632444120482
9.0997664364975694
8.9110917712066779
8.7711525471300327
8.3601724961429404
9.9591571505955834
8.5956696547279883
9.6299819772787867
8.859246201969551
8.4075149949168093
8.5351543128202554
10.087855174543996
9.4219775921392337
9.0050524805811527
8.7301136303764064
9.6781665202082152
9.5444982255268069
8.9695108411252189
7.6627308176994102
8.3602072572696553
10.281169500739633
7.8298854329152459
10.06146471522686
7.227653516071169
9.2337509637089248
9.1541836234772109
8.0820298061084159
7.7367940266267716
10.068059836156554
7.2411855636713405
10.158594736308824
6.8443575710479756
9.3033607258755282
10.022801985997056
7.1783092826446415
10.118770480236996
10.143495545922223
7.5884644965622625
7.1905896881139331
10.089364858255088
8.0451219396551998
10.266557133173752
10.293454789057925
6.5873116129856539
7.3919287330564289
7.192602864379726
10.297352081086384
8.9936790629887504
9.6535556539843306
8.9180332402835205
8.8083748275087927
9.0586465192328287
9.0317730351158971
8.2934951028597599
8.4013241371712137
9.2906407441344694
9.0262846223893884
10.033421185399309
9.5930001323248746
9.3988258689150062
9.4672731903557565
10.05095390570972
10.430153323841315
9.2540851981156642
10.367410470784924
10.118515408609685
8.2230669719530631
8.5694821935637098
8.0708898015145163
9.0534060378567656
10.448136540517899
8.3063656469614457
9.7512536270967534
8.3607707667942517
8.7785214503860356
9.628214663901927
10.118895754696496
9.9007137672381571
10.009176654540425
10.294009743342889
8.0020018158342054
8.6171726692686974
8.7011677426691119
10.263774228275922
8.8565491151282867
8.4240617524971952
7.9647632455470143
9.6313531121426887
10.105412806981928
8.2323853801035121
10.152518069753336
9.9106138394449168
9.5147559510669808
8.1129193752633455
9.1082128318003548
7.6843445646188213
7.7689366798109205
9.4868898010816576
9.6397579132270916
8.6375369443576204
10.117659807526987
9.7252731951195717
8.3422203879427901
9.6333929406181369
8.8574339543612091
9.6394238425701744
8.4063045755644712
7.9327067213897555
10.350760988751937
7.0770502714710881
8.8642484212595551
9.1341586771442813
8.926014956971585
9.2371542379674434
9.0494985223463864
9.2956323422819871
9.2865790793446639
8.0367902797721928
9.3183802260884896
9.2580238652185987
9.2672889350266061
9.2363269837131945
9.0460934064029015
8.5033735526622785
9.5814885811300279
9.8698403445059064
9.4545520382296608
9.0858878060036297
10.06005297091529
9.7635530383860871
10.01196931644934
8.8336127799328139
10.179794003874186
9.5964729784887179
10.186770672207258
5.6898240823258686
8.9319294946475924
8.65323718764059
8.3909221326793713
7.9518851597587448
8.4695370092774507
8.818395260721493
7.8510986940357679
8.7020855077344219
7.846870361229012
10.212801878864161
10.094338318508779
9.735243910820877
8.5621813018420454
10.39890185310116
9.6722904938348737
9.2737169477386558
10.199935193037774
9.4730749217521559
8.7602694574002609
9.1980900464672395
10.219509831380051
8.3011198527894319
7.3217314026400162
8.986466476909662
7.0839976279785448
8.5880682595293507
8.5875686766343975
9.8836706090776403
9.6229352011724707
10.416392727006723
9.9080591240266465
9.9103658249906079
10.081894556611388
9.3242320044533642
9.4650625561122723
9.1568620586860234
9.0324530254879036
9.4849533872917515
9.3373219257057851
9.1902616371757766
10.093723171876558
9.0149487148545848
10.030672183072923
9.525854791896462
10.069906709314116
9.2584351052107827
9.5154781136824358
9.2026713350610336
9.1783281079526251
8.9477325262666927
8.7622919953080078
9.5498914245908004
8.812186173809927
9.53410656835214
7.6891087614292752
9.1458412922753762
9.9063181509237683
9.3887971603342564
8.5211579753694
7.5549812502354428
8.149164024030993
9.134048459460999
8.1208721475303545
9.4716778304035181
8.3156358068827174
8.58664072377527
9.2265077356964174
8.4666025380195471
9.1930723534073504
9.3405836490672645
7.9861904405291062
7.62871526011548
9.4202398405499395
8.1011860328818184
10.189777157518142
10.066886039009423
8.3072926837582859
9.1337850932243185
7.7910586068831389
9.270648038391462
9.8987366595689945
10.218580808099938
9.4656737190768467
8.1912970943917447
10.096037674854028
9.7151510125307894
9.2227670161416579
9.7589618109930818
9.8163788949873911
9.8952229175481161
8.5337334643754428
10.089498168495373
9.6333471186454531
10.026577357705291
10.054831661120726
9.3057876319210244
7.815552782789573
9.532058879735068
10.168874976551491
8.1978731920614187
9.4821359464367916
8.8692357385828071
7.7011590960717573
10.02482608795775
9.217512522553994
8.2798275209823053
9.0768651291788984
9.0893386118754655
8.0988810550930381
9.6422455506765949
9.7462150927620783
9.5134219088614334
9.4829778957278208
9.8841211727835869
9.308231719039858
9.4360724274833885
9.8346985190690823
8.7319592984282668
8.9020677114868132
6.8302853119712807
8.977068472290842
9.4033578713195922
9.1996492025785628
9.4054966698114058
9.6587544917659098
8.7565485351656687
8.6568063780375049
8.6265120784469023
7.7543773622832299
8.2507246579221558
8.5214944963337782
9.0868680215025961
9.8778984229991824
10.041458607989934
8.3274117075809073
10.093617390053947
10.16063061836272
9.6097617425911075
10.076499821399512
6.4142862256432762
9.7002203859292777
10.18517019325814
9.693582689387366
9.6182209214213934
9.8221084701976036
9.2891638156050487
9.9967814879968788
9.1540204820947881
10.3819954174341
9.7020679098358791
9.5115843147318717
9.8313736819822175
9.8601652583475339
9.554379833598178
9.4423895184157498
10.045687697951077
8.9611194656072257
7.7625299601951214
8.8222597931651325
8.7976530465537888
9.1617832867048623
8.8271277126524463
10.326305311609289
4.1094411850221997
9.0006097603661264
8.2592357879234815
10.392927229188041
9.2989557037253867
9.4406230756105991
9.6489087332045447
8.670559613496426
9.145073642008672
8.6003359531547368
10.131008927923011
9.1289963979174775
10.154901268951951
5.0291254085392518
9.3872320213814895
10.455654947776178
10.108571828669339
9.8102309759440871
9.1626333118805512
9.1544834424028512
7.484053660888633
8.6889188791119416
10.107517869976911
10.066379202954892
9.3440300576614774
10.135511955555895
10.337056886179107
10.459884670822262
10.410919509249375
9.635046947277468
8.73573719827281
10.429843867931694
9.7378510376833134
5.6973491669910743
8.6594163206485018
7.3745891238687875
9.4591604707860544
9.6331389977043393
9.6269508866893609
9.7384549117715213
9.4111676741612769
9.1696679213220165
9.5636779492480724
9.6758077425915427
9.4218842891447725
9.4065371179367805
9.3506525301450836
9.1023257677313172
9.7209388094580369
10.042602286363113
8.7979777720136774
9.6309184962909349
9.5624848247454093
10.262421982332853
10.112195224440184
8.9256811766418682
10.195824681871242
8.7158877736900475
9.7999458238550226
9.2056936008090133
10.019788105989049
9.5922258348862179
9.7729511607294253
7.7960101805119582
9.888193707528556
7.8998169066874313
9.913090538045747
9.5120182626238421
7.86831991423976
9.6407652736042664
7.7766041140880393
7.8929566344745643
9.6330774688760528
9.6204385161453541
9.1325872234372554
9.4026867271223047
8.9518445374683431
7.8012313289320243
10.099988923411187
10.398968216951461
9.8103292788488936
9.1107434662900761
9.8962227816345631
9.284700900160459
10.146479545141863
8.9433412816115272
9.0254643407425608
9.3350519146323734
9.0230186475077971
9.5478113030653979
9.0989682672804477
9.3931586731833878
9.3415118697146564
9.2475906933047138
9.1216606573044299
9.243965358587614
9.9238759778357046
9.4945842098607667
8.4258078733265247
8.867160421839527
9.8144861727355224
9.7588403512369251
9.7846261860640613
9.6711112354113933
8.9575106466492667
9.4915769517772386
10.291585798504466
7.6946109518686114
9.3535923740240214
9.7379635128773128
8.3837943310964747
7.7298212926720549
9.045444801304523
10.149749369800762
9.6747967362216976
9.8909390904617336
9.4403654652674049
10.015968125305015
9.0317104437292794
9.9386326609241618
9.9034207225359019
9.0888277928262635
8.7955331780406176
9.0635495895100249
9.9352922232057956
9.0455727895605982
9.7172200852630635
9.6304820270952636
9.8139851919291594
9.624879680298001
9.975278699857304
9.1072121079725612
8.8303877196800151
9.9024201157689031
9.164167353246615
9.6616238336573232
8.8335557987297992
9.6151038290559061
8.6052531988854284
10.168665193363644
9.1502374238504558
9.0840362171568394
9.5053531360346444
9.6858022191324853
8.2435211741164043
9.4725966559020609
8.4256408484561582
9.896934215694289
10.141346542263188
8.1685990070114318
9.6638521409998059
8.2901314519685325
8.3272707855854176
9.8516759511940872
10.294152643842429
9.4481955957195147
9.5139206322845844
9.5304675429485375
6.9649040873185886
10.199473131828622
9.6065378352337252
9.9514225927182345
9.9327431883489758
10.000843061777291
9.8419428026868871
9.6703045416752964
9.6514992853567172
8.6961338024054982
9.8389224413929171
9.12230309039224
9.7584981532587509
9.7055138523718121
9.2906361258471559
9.5785629787899396
9.5688939845142791
9.0802096295993273
9.9834287220596831
9.8484817947218364
9.1774788083396519
7.8493935718694123
8.5708715744916546
10.127945413640415
10.027722979776478
9.6649921038233693
9.9473895553951319
9.1259031344761929
9.9906034340987233
9.7936700425833134
7.13608414520961
10.189548276204492
9.9884891338218988
9.7013083633027026
7.4742959545560161
9.8672604721365396
9.6849994111091426
8.9475491371458524
10.039504141401748
9.6479972834760996
9.6657996735332432
8.3465142996376063
5.1241271785960478
10.174569814174454
9.7665790931508631
8.7069419165400799
5.49238822502475
8.7306766750221794
3.5657761313543848
6.3437818307723317
10.075434673880725
10.100958529114136
7.0489393153262849
9.1202470413484988
9.1033230262196607
7.1104456967121701
9.8178494461823185
9.0336979486638675
9.9621775435776811
9.927547114785968
9.0933730938545203
9.0770976811625204
7.1336617644531639
8.994900252441866
9.184444273262276
8.6528512592757956
9.5707013975653581
8.7093497150054695
9.3777182052024397
8.3993804704048429
8.1079583385726579
9.4312420425373737
8.5736162501549842
9.5009811419835302
9.4548632650311522
8.6763469843440184
8.8524776178004618
9.7949362231297634
9.3586735349723771
8.8969625572077504
8.8768063062823881
9.9874975087741262
9.4510939649626948
10.014168705503412
8.8881647175654308
9.2487910136544773
9.408770589785032
9.9209511202346103
6.8845933211534858
8.4085089383949327
8.6113014937076358
8.069993229027288
6.7600187839874684
8.1988772890703761
7.1247606822401108
9.1744746648353388
8.063179454356014
7.5563584849821961
9.1145376789616179
10.184950842539873
10.389228045825819
9.9733584147665493
10.197485601506958
9.3356681895883185
8.7145885537132415
9.877967426308139
10.235622697741288
9.5780339139002599
9.5267106596486499
10.256113093457886
8.6868550499707773
8.6632785677007398
7.2977896666399102
8.8571612619559907
9.2443568752044385
7.9834226812712163
10.326526804907264
10.26263287123302
8.9422439676613958
10.313579881659125
7.4462826332598926
9.2629333858774583
9.125614204462634
8.2219647524154578
9.4638401292924481
9.4829326276549804
9.6756537875178719
9.2551425973165671
9.8594107994477227
7.5345032921273836
6.4649853309779663
9.1687392014460105
8.8371247507277531
6.3621881668046312
9.1851459849752253
8.2283168953820738
8.9270116150013941
8.5986834938021595
9.9950918572608334
9.8421837556251592
8.3429125348593463
9.9255090312558458
9.2843843905684498
8.7183733922506885
9.2355865825431422
9.2475590237576846
8.9776928803786138
8.9727314393164939
8.7330694755057614
10.057923293662499
9.1684364355309782
8.8846832213633604
8.9607426277566411
8.8958670721678654
9.0152071660982074
9.5963516040944885
9.3153327798076955
9.3384984724928035
9.023543135352007
9.2674759124060149
9.1134734409178755
8.9779064656461021
9.332363395716353
9.7439921966879215
8.8823827181616863
8.7305642781550432
7.7111852825211686
8.9403913287037806
9.8155974043927898
9.7229471874456337
9.7815880217952387
9.7018444646966682
9.6797704819824339
9.2216289129088693
9.7458416051323464
9.8966411917271486
9.4806870164537553
9.3440352732101779
7.5186939115928073
9.1597651314746162
9.0122468786655912
9.3348504997004884
8.5154820295950717
9.4385474462018095
7.7209726114417476
9.9555742892851562
9.4566793528251729
8.9211398220793896
8.3853428619064854
9.0970513274793205
9.7688925897089067
9.277606016098499
9.3936764102504107
9.1723479400353494
9.6213411592502691
9.6886660326901577
10.416595258401816
8.2983514800289981
9.9238185972879371
8.6933962051771001
9.284113667593628
8.6319324426005171
9.396936442952029
8.8614766722270577
9.1919688441960581
8.506847368853105
8.6605177249273453
7.7108531227655019
7.209466815869737
8.7245126940250515
8.3696643315185888
8.512801598003076
8.5567142826210425
7.3292972649454127
10.029066918698227
10.074527922011272
9.532326972983137
10.296497489595282
7.4713600229350448
9.6517073308096712
9.0114181987434705
8.6225724217097248
8.2301293891122818
9.8524106515112333
8.0807133930471995
9.8121927935152726
7.6358332775040036
9.8913656316879894
9.8069601071001919
7.8730863835541127
9.7129781198918206
9.773361373705395
8.1070511622132653
8.3775323045318277
9.9647158942815643
7.4666793270266512
8.0560220949314232
9.3145205721273285
8.1057804321002127
9.5666722209679484
8.1207916482171818
9.6645375050619755
6.8119785620787647
9.1471651972909047
9.4595735641831578
9.2699619422364474
9.991992899833555
9.511760713610288
9.638102931067408
9.1959835712296147
9.0412690343411981
8.6297116595959213
9.7367764365444991
9.2978755125077903
9.5571551117083917
6.7312082037767231
9.6774752589992108
10.460014392486965
9.897365104928781
10.034514185309961
9.8903907304730154
8.5538793920675733
7.2859960025438744
8.6423211381364791
9.8726717656162499
10.128538784316786
9.5766299057843316
9.5487012780943772
9.6373671801799983
9.3023893719850683
9.6117830139716833
10.101245626053608
9.9227274209257619
10.412673374459803
9.7586711435921973
7.7895584881416235
8.8818048488739691
9.9247058892507134
9.0098790384374894
8.543630820759752
5.0433489042343211
8.0264885162250863
4.0473140176430871
6.8537550843249049
9.9730734798688303
9.9466349045248243
4.97717740683174
9.9783355909629989
8.696445726330353
7.1152118871039054
9.3164395255550101
8.7603379041694591
9.6640545102639663
8.9300657489420221
9.6938199733420074
8.4877555109276077
7.2063075408610624
8.8965588693138713
8.9169554487556901
7.9219393800600182
9.8613626282263294
7.9654436280578897
9.7406403041515528
7.6590079417621251
8.9272782316915666
9.7633463295917728
7.7881547274209426
9.8289185548598699
9.7975333345048927
7.8542115079705539
7.8956432640101433
9.8491083555241108
8.8693098109490798
9.5282333755956046
9.5624300578056545
8.9346917069906056
8.8442904487249656
8.7324460780707831
9.298206931227627
9.1408702370842931
8.8840522319847679
9.3962880030464824
7.5381699552575752
8.2185874648813808
9.1648619153167257
8.047439852885331
8.1713558497788163
9.2697333968471032
7.8505499213549568
8.829911815709055
9.1759549174649138
7.3982556330602831
9.3399297952512352
9.851649612128897
10.261570005780051
10.248782406387333
10.078340740799545
8.678098786718369
8.0557908498035342
9.8490729674714608
9.340884673189576
9.5631993342218298
9.2423565834497836
10.009134899377326
9.3752668473816225
8.9676262596852379
7.7479099519383414
9.1649827303459297
9.5738330200752362
9.1463448943621302
10.324023792425534
10.328435374571661
8.5677359641204234
10.243030977637225
9.8527349799706752
9.4331193228123134
10.14325373024141
10.038477431270861
10.135875247004909
10.18998210407579
9.5544510656984425
9.4964850641722993
9.2832024171302088
8.3652868385457904
9.8147560420598712
10.181135823247562
9.73369358754878
10.219357452943377
9.1943858404827861
9.4869705748089537
9.48550038170562
9.4826375267100946
10.020610786884323
7.7190424874142041
8.0783335668843055
9.227535375181116
9.0481974887725283
9.2047284147974615
9.0879387543192678
9.6486634643646774
9.2343117614895132
9.0574174851699834
9.4357811551644364
9.0249138983645629
9.0386198351234022
9.0213761398807204
9.8367688895817587
10.042575506917011
9.0846229354039156
8.1518397550620545
8.7414784748019816
10.194581341303063
8.9217955998757201
9.757997737057913
10.478041263174013
9.2666595576809456
9.4740785674728869
9.4533035666832941
10.029691921577623
9.8791607973928919
9.7010300511252048
10.312887175365729
9.8418330870319153
10.070031734662777
9.5409837806360258
9.9482527965780019
9.9236717583760097
10.045639597368208
9.1883247076245631
9.6062419457406936
10.326247387031103
8.8135422753245738
7.5894241435727601
9.087504643406616
9.9463775365753317
9.2129607732499235
8.8078977405901551
8.5142958523653416
10.371509210095917
10.389609481925879
9.4777528385166327
9.8397731433687934
10.320640783323627
9.853387514201783
9.3726277668761444
9.2831794804310643
10.451522059299194
8.9924157396613449
9.4068244197151767
9.0315181254460448
9.114551454842454
9.5439393783451312
9.0304345699558919
9.6022378041905405
10.072797524437309
8.0179438425916647
9.1845702801108082
9.1108798317016699
8.3933614487494399
7.1182649847592314
9.4362723721818593
8.6599312138649545
9.9757316070240183
7.8079599157621447
9.1186853062930897
9.2884299138984865
8.6257049676326663
9.6537875664256578
10.145997759943679
9.0690812202706397
8.8126422070701196
8.663159297174083
8.6103127522489
8.6424976180319408
8.1145237984811924
10.00679228638754
8.7093965021904651
8.3251974900277084
8.6402179583728334
8.6870472063938458
8.567771834221233
8.7612184133583781
8.542295550897185
8.1988193923071435
10.166025436253207
9.5900744060367238
8.2923378463742665
9.0307282324277676
8.234231309434497
9.0116617776177907
9.3283198482362266
9.0460299938996815
9.003219008087072
9.8626467067650445
9.9639058717744486
10.28709905923229
10.056786041970051
10.343381843112848
10.383487976777698
9.9513918614389372
9.5033553956454746
10.298946878232575
9.1859316082917672
9.7310770527902548
9.5176905065684725
7.930022990784785
9.0043128194264828
8.7653027045112939
9.6926966588005765
8.2568171630461826
8.4250135110681121
8.9695391526395696
8.9105068915080086
8.9737829134033102
8.097262202026446
8.8768641553660963
9.6663013761064143
9.5028460819774061
9.8745393152846699
9.3836324856723579
9.719975987891786
9.5938921950378724
10.053339683730291
8.6865707014159721
9.962157349058737
8.6909262647522993
5.3886408851940093
8.2877546481287219
9.2459572935334542
10.02661062766941
9.8575476188946674
8.7854342830491561
9.8157705906712209
9.8573614387846966
9.4431254313246153
8.7580535956955536
9.6185338338928847
9.5488705491212666
9.5658925515859163
8.5337677025802297
8.7445331879797035
7.905517818274955
9.2786640327221654
9.0394198447636622
9.2217860483400642
8.5700169832010076
9.1047813994265869
8.5716698046923092
9.400344769150081
9.0859246949640653
8.5376671841393286
9.3726414376117706
8.5627638573891289
8.6011411604467014
9.4100829514052524
9.6731841182379039
9.0707089472332818
9.6283440054619476
8.9993785233362029
8.588530472946287
9.9341614499957362
8.9462660225802431
9.7797526824827958
9.3580189457161946
9.1790289182295659
10.159405228665657
9.7174730104043796
9.6598761152266537
9.0230288713635538
7.6237723936618398
9.1248148911085671
8.6567537812733004
8.2626330046936047
7.4343759102718501
9.3406531464298315
7.8024342068113768
9.5596488882028741
9.3651126257120207
9.7914671841549303
10.17702539158749
8.8129814612203017
9.9406019927115246
10.209307763044066
9.5251137626637625
9.5892592824234733
9.6055571051935864
9.0471366943702112
9.9825825898111766
9.4302458902328912
8.9832081080207526
9.6113026817330152
10.121573659143419
9.5440056940038396
8.6693702583735472
9.2550364172673714
10.208173507195347
9.3656032900417596
8.8026171054167861
9.3231136204596794
8.2618388702885355
4.6295469813178682
7.4235270446969004
10.051855987123488
10.060895354740016
7.1902654112064477
9.807307126071068
8.841163281561732
6.9979052411775147
9.6433786831053592
8.4647484961403681
9.794462672904368
9.7815295393965691
9.5216157052514525
8.6809988278804529
6.64932492724542
8.8078587777577884
9.3318198892817303
8.6290823276887014
9.7831181727460326
8.4793456011208601
9.6087504711228267
8.38253751089497
8.5916995748347578
9.8374278025785653
8.6466153126474552
9.6989168326920296
9.7084878015533054
8.6560479791848035
8.6798776752374529
9.9074413284639995
9.5173430700987058
9.4935972072251751
9.4955913368715184
9.8916485850800289
8.7363585075431125
10.000192105616263
9.2376348117510201
9.5577218124830026
9.2112952183086563
8.7954884023238158
7.4721962558048425
8.2337549287268583
8.7812815055561444
6.677508847530957
8.2117248948109314
8.7328558864890766
7.7710021390837012
9.5150331127109382
8.7750970725918815
7.5810524089753182
9.3430831994394019
9.4678649231560037
10.101771363581062
9.9156839149326519
10.285386904331897
9.4365822726791997
9.1991398959292709
9.7268233678863645
10.231416055540498
9.762292487098776
9.2471691113786783
9.6797408138961956
8.6490661627489391
9.040594815183395
7.5723173011583409
9.203769959907337
9.1771767829732891
9.3816026133798314
10.255836206040357
10.377466430117421
8.5712817491522344
10.332921218556255
7.9572515481440735
8.9949844554368514
9.8967687946219414
10.029870237992041
8.4650898441831206
10.089634782666057
9.889105485026171
8.9401747852833751
8.2130200465181336
9.0440561685747163
9.8905571989669561
8.6584496171668395
8.5928858551644147
7.395505392296454
7.6832421526164323
9.7195180483061154
9.5594075400334226
9.0153744221266976
8.953763653629963
8.8090124305544499
9.0835182416474574
8.995195366306362
9.1610454835900494
8.9344422637407703
9.0204689677031826
8.9633454187120787
9.074357137129919
9.2729567753828448
9.3194260856852473
9.3334332578663215
9.5368857699567151
9.1940331283722774
9.2609332947957359
9.0447943045451247
8.1661101131172167
9.0999551059454848
9.3555148393630372
8.8768495472488365
9.6203182939627556
9.2262143147694236
9.2667863539674329
8.3502567376693015
7.6640241805751028
8.4676134570392882
8.1087908955361474
7.970491250013529
6.7739556858823615
9.0201885042721432
7.7735016561944716
8.8719859817773425
9.2124273553587308
10.139824220698438
10.286211766861625
9.1221461589243003
10.290908600704148
10.13200416186562
9.4121106460133372
9.1770369793757904
9.0577824334079988
9.5055582847849376
9.9050941618896911
9.1064340467488414
9.026340300031416
9.3877062275367038
9.8838917874944592
9.1769623709114523
8.9074782279691558
9.2102573367490219
10.382370480745184
9.7220100613441982
7.763652673177706
9.5238083963012095
6.2179428250612858
9.8445247425127107
9.8050968556889728
6.627389539674553
9.2425382307582389
9.1296221364887753
7.4223633621205432
9.3767588710051371
8.2538571099513689
9.804546719368771
9.5389910862559262
9.2658979612367105
8.1696684673865061
6.8097825548100861
8.7241694941695531
9.1899900647587369
8.3672748246375299
9.618222862548917
8.1029966173556183
9.5298576093524101
8.1610880508319816
8.5890584105718286
9.5312835606888413
8.4213939863800586
9.5815355947022702
9.5579260493142009
8.5073207053785058
8.5664810011767827
9.8251574699553004
9.3812202015914838
9.1773853972680577
8.9283843986929021
9.6317055176986557
8.7682227738243927
9.7896152225986324
9.0705988740785113
9.1739394181401845
9.1256435852391018
9.1783824324227332
7.1322724910677371
7.6772708844035735
8.6059036669328481
7.1254592570131194
6.7846080428225299
8.4365243463276958
6.9319438813158776
9.1925160432804933
8.0772704633887376
7.4221345930698712
9.1476283033127714
9.9007275053805994
10.380636977559943
9.8820033463263446
10.288151926627496
8.9676098064672303
8.7570333896392558
9.9036350642684354
9.9920170369414727
9.6268187308959767
9.3835146971873122
9.7178169430597041
8.9992490606378617
8.7331700192104691
7.7688989177358119
9.032915886872205
9.3410307840389262
8.3778237686656745
10.290108833683869
10.399052112048683
8.1552294574320232
10.327864680550494
10.00108348223484
10.149257886605554
8.0892049408538753
9.1383614906346917
9.5151790888857892
8.5032177875836705
9.1205631732328385
9.9237775969256994
9.7541905546739933
9.2974958268434555
9.4303194042479213
9.3042784166848929
7.9256998876873102
9.2673221212372603
9.8243651553983931
9.3131245097809057
10.037645068576451
9.2095891678852926
9.8445542202805285
9.2669640850477499
8.8826424874413004
9.9899071047042671
9.3093506427778614
9.9527610365769892
9.8971809552716508
9.3224679559540409
8.5972361302544371
9.9779762390944118
9.6345138566207851
8.888071121562291
8.907455863449357
9.9669398708752031
10.007514802502042
9.9312798179083561
9.0467412665237887
9.0367395117073244
9.4983407077622406
10.114078438153298
8.2423282098484947
9.390448643040715
8.5545481096106926
9.5051455826836886
6.9705652762112624
8.0822429695232572
6.9527076044991576
8.3960712952124226
8.0465467076692558
8.3807103154941611
8.9777514689797115
10.298135409841672
10.259919109329386
10.084632068725714
10.320559507437437
9.5535018605107176
8.986847611558165
10.072306549090406
9.9948370048924478
10.127954067814944
9.0218247906876865
10.401527562737154
9.6618325459001859
8.6432633900098477
9.3678068960296663
9.5053330159128748
9.7310843109118785
8.5676399028633394
10.436590132822717
9.9452561498000378
9.0324217596102852
10.309864681749842
6.1632794109107722
9.7524546710547177
8.592995365028008
8.4475697375414214
9.9068364863387046
8.7981228702743621
9.5407835710916959
9.0151552644504029
9.7665466053868464
10.247624634966954
8.7047865584250577
10.147652141598721
9.4570179400908163
8.8661563928124227
9.6102361544666746
9.5768634299891033
9.0722902130414305
9.5698010046568669
9.361741838692323
9.9533214455660168
9.5804668289175527
9.7321586674632226
9.5148243730292883
9.5260950228379215
9.5668144730389528
9.6459355642213129
9.8078647684456577
8.7313137170233777
8.8213036678940071
9.2791531579535267
9.5315132028081635
9.6773501320804343
9.4379419901081967
9.9024400171759961
7.9281094922796855
8.6959588926073526
8.4888376614439185
9.2302725900933034
9.7362380040492269
10.334855942068385
9.4560654216364775
9.8200021071623755
10.184858242762969
9.8363561636566015
10.042846088411761
10.190650113832136
9.7079588057936093
7.877803022058977
8.3703779856451348
9.2178163061758536
9.2214659563022288
8.712416807192886
9.0048489605678732
9.6184725881384292
7.8446254471324242
8.9545296934529883
9.8341648698137671
9.068162927211171
8.9934995348745428
9.6430471804555573
9.5852178484198465
9.7675743223377047
9.1800954927754042
10.19234778154261
9.6787967026480146
9.5755029284487296
9.336843105106448
8.6571873368087928
9.0202083825402646
9.6947798331442723
9.5375374701969537
8.2254714885242723
9.5271125061458157
8.5325959675351069
8.5980846956990895
8.8591183788362056
9.9442070252024823
10.287765988952104
8.5801187741222602
10.054502250277864
9.4936727983910707
9.0865947304254231
9.6136954459874655
9.827710836485533
9.631728651493459
9.8911280675342166
9.6536820212604901
10.144428831632986
9.7782908546906455
9.5934462941663448
9.7797938931019708
9.7722129369572226
9.5444304968401585
9.6320402758524661
10.085482113810603
9.2571596541928614
8.8154018890510972
9.6034462209746128
9.2216974063402883
9.5631096923227101
9.3672529221647576
9.814883231644286
8.1517217793706358
8.3835742249353551
7.5329125488482864
9.8765279507213801
9.9292049395762003
9.9688324330226408
9.5379440613302187
9.9230089720066434
9.8839999530143707
9.8581000335545603
10.142701318624269
10.047931718826115
9.7973077061472686
8.4916502904745457
6.9877474554577539
9.2669364271154588
9.2113525584542906
9.648315041056108
8.7548414225244375
9.8445974648895209
6.8674756789749001
9.463235554955812
9.9068078499383923
9.7189466651281045
8.4646819272779936
9.775559675622306
9.4584897486106954
9.6050378400797616
9.5735828781462917
9.8916354524686199
9.8091663404916343
9.1131060613592716
9.4467731753709341
8.79185095392309
8.9344385610294026
10.143142681290982
9.0944680049810955
8.2604451248228798
9.7414181666874491
9.4838368697776083
9.6115207640121536
8.9962146594237442
9.9109726862249019
8.4827857218556257
7.4030504434425204
9.9119506736870715
9.4928298918121818
9.0185436640374022
9.9094940155755236
9.2197104714630083
9.9273437428567242
9.1078316288268493
9.4075579832777496
9.8355720222396208
9.048177390829526
9.9156218631664341
9.8631099560606312
8.9486668584292772
8.1464444830620195
9.8645344438525981
9.5592580679828707
8.6954578971550216
9.4403365281189462
8.7466305871754937
9.2907218198978079
8.274259321203898
8.8652407143174567
8.7430182626792448
8.7126525937225132
9.0044001300971566
7.9563197320375441
8.0751632658601178
9.2687744648623163
8.8475722187250181
8.3411829910755717
9.3641398689947835
8.559476320648109
8.6646854172188679
9.391361971041416
8.0972120128641887
9.1841088264572335
9.5081362562727385
10.06971391811269
10.198274541890036
9.7469921398102972
7.5567075978616627
8.9820713057804564
9.5459106714386319
9.3044880407489199
9.8531522548192942
9.3934295429674712
10.081530606378914
9.9812836624848185
9.1707786868206789
8.7522074341945082
9.2620475718911859
9.5535935098756628
8.8101018082135294
10.201593084187085
10.282989820815331
8.2770570270023285
10.281833510859741
8.9891830147042402
9.9413196498930603
9.1221555008589146
10.200642223525291
9.1922290637502311
9.54664078211575
9.5010320229572454
9.6457486716512992
10.027568030303184
8.8925882111354113
8.0380274184109926
8.8487865943763406
8.7491630347752594
8.4319351881241502
8.2672653817777331
8.9369183283036389
9.0895241929783506
8.7252845926304836
8.9419709305435795
8.4592902236195435
8.4421845499440771
8.7798340993970037
9.1369571380161627
8.8195543834738785
8.207852734467572
8.5313922211302113
8.5354993598140378
9.4325190029469077
10.050584056668741
9.3216610957988539
9.0405207655372024
9.2264868028396982
9.6157115332171532
10.164012737117019
9.7836759622647644
10.037347046752435
9.9437366736431372
10.094945162717153
9.1922605087032689
9.2598446815253528
9.3201474086927281
9.618530406497797
8.8015969724344192
10.224882114746471
8.8664245891163986
9.8928546713376804
9.1052617936504969
8.7827177550556854
8.3999997078704265
9.9121307834036312
8.9684763832287047
9.3889644794093563
8.7691026715899838
9.012319628992941
9.2246106415648175
9.5371782440397741
9.0731862936334711
9.0782697871658726
10.140689362840641
10.119982838873293
9.5998498359090618
8.5899777065262199
10.099575312827687
10.019325689577641
9.1740174988560046
9.1730222060297013
7.8063348949185976
9.3047152997089793
9.7226538072498805
7.4461371327066672
9.9426830732083875
8.9307661181840619
9.7651014329837391
9.270258488526812
9.6333945751460046
9.3504492298831163
9.3213521375504964
9.2609962142126356
9.1360145796314232
9.1730673991312912
8.6319931961688354
9.3347471498128147
9.2676044684557759
9.0127927261759471
9.2039873152516645
9.1763752977862207
9.0322244850442424
9.3342053743208968
8.8380905906314453
9.1512544110125802
10.143840673297145
9.3623788582886416
9.4904111312109638
9.3443942704365011
9.5864350674017089
9.3686731564198755
9.6314425110924553
8.640984731347535
8.4058889717610992
9.2950575322726028
9.7788281336722527
9.9270003634041917
9.8356548607347154
10.055461565196335
9.9685376396022498
9.5831671347983445
9.3718645380259282
10.184028587264191
8.9301538314053239
9.7567492135144374
7.8010038937331805
8.9005402926856707
9.8340730821664977
8.9260421405204742
8.9580518334215355
8.9748369955272231
8.6881027919485394
10.099581835635403
9.1760204878309803
7.9537408545106132
9.5383085855511798
8.9667518245391058
9.6263066236545765
8.5143240339245541
9.1736230976635635
8.5379661984171324
9.2349655618518938
9.9928992721643368
10.217818047776763
9.4809806201470472
10.168964911506922
9.3899244031427163
9.3270460585122024
9.1434667925301412
9.9453575547735689
8.7645937715627369
9.8791284304835436
8.0988604141722629
8.462397163215023
9.106475323746297
8.105506637322188
8.8520765087149051
8.3739696586981847
9.1404866613878042
8.0971520817155422
6.985020337091016
8.8307726566622815
8.0963467042724613
8.954224628159098
9.0173312057394508
8.0158739762287645
7.7861424110948656
9.1102044372673987
8.8311480085291283
9.6458065114188845
9.6199780599690943
9.4988694741326487
9.8364472730719203
9.2774470233963857
8.3941759061490373
9.6717823765270303
8.6766821597549466
9.9267439006033431
6.9790316651196056
9.7244198026976463
9.0966588321890338
8.9476011793197898
8.9652008344382228
9.2962654728722089
8.3087433695432189
8.4842843367844463
9.6124079475523097
8.3117964268199866
9.9474822335902271
9.5520289620709651
9.617959051282261
9.8861332930601744
10.192868615631683
9.0286511518768933
8.240804968412915
9.7479844586489488
9.8901697308427448
8.9397986117615424
8.7857439705132112
10.249630530039992
8.8459117770815059
8.0700871339943507
7.6972030035991965
7.4034950305403013
8.609499908952726
8.4830879996066546
10.250066168242371
10.253007725653342
9.8765231547816121
10.282384680421824
9.4003379865398475
10.502834600287052
8.2368115894947671
9.7896771778936404
7.765080629107656
10.036921831970954
7.5075349588575095
8.7148481869039536
7.1414169197075807
10.057791423426176
6.3902366869583931
10.039992139661917
6.792868848474158
9.8569816347458961
10.068253741855569
7.0695250663900433
10.040344374361242
10.121601521494345
7.3038910942051256
8.014741135309583
10.214928232469651
7.7833482842507911
10.119174894820452
9.7849753637700392
7.4562507735503241
8.905513453523012
7.9470663043985166
10.493554337082449
8.2801601323100353
9.6223872764737024
9.7202188229281141
10.024961548235366
9.8585962958058158
10.128024710028063
10.069969437748517
9.8219926094350392
10.135499087796184
8.7351549357905736
10.140026394931802
9.6829364465955692
9.6847372276049626
9.1463946657798409
9.5638891842223437
10.503302574785538
9.694727481265442
10.399015117122584
10.418951887099322
8.638755376516837
8.1644467435524639
8.3211934060390238
9.6075416407258132
10.503297683323524
9.2437390434695459
9.7733413630784565
9.4340140860121053
9.763996979074884
9.9957444117677845
10.290739137866311
10.274608010232694
10.503300391292386
10.503298138272276
7.9207026625052208
9.4088974342867289
10.094286832819021
9.2629073838397193
9.2135085380964465
8.7417647826275608
9.3054539066945718
8.906207790007997
8.9938997244361563
8.8203820366128216
10.168470085723865
9.0491575158644277
10.302013182981389
9.116495587297667
9.4911055698345272
10.102012465823032
9.04607030668957
10.187863797141032
10.241505164547716
9.0659629977652205
9.35061182329828
10.182365009492875
9.9921689879657762
10.437783497402361
10.023617879243364
9.5875200804189262
7.9684287313586655
9.7714101858539681
9.8296702993350014
10.32604257414908
9.5929184813208277
8.5007221752579358
8.8525274766942026
7.7279033541424571
9.7720943775164315
6.9209883979535753
9.4981908114411446
9.9666964364261084
9.0927831213281518
9.9907005944693346
9.9220542431089935
7.8897670525236121
10.396902252874861
8.7760602772693925
9.8571265878130099
9.4227945199415224
10.320792574217412
9.0160787435719651
9.4485125482069616
9.2408829580787462
10.053134434459052
9.2260655060345158
10.092576998044221
8.6342464541222625
9.154015008640993
9.6449086999630502
7.2096147066267102
9.1842636445297021
9.4152211258469478
10.293284149804411
9.740766509318874
10.36799094868068
8.7296374766029867
10.129529134823093
9.2188682632006547
8.8300648642929378
10.122434614153459
9.3802804549878509
10.187580306283508
9.6913291062467888
10.151090212667395
7.8144658275917376
10.213525276645115
7.7396531424682742
10.218829777404828
9.8140671186938722
7.8433782907492029
10.083214291137507
7.7708759269724741
7.6755492677219141
10.030042351301178
10.320255161701249
8.8080161073320919
10.110340127350819
9.4275780785813623
8.9419442430839435
10.500052471533445
9.9624295761511856
10.202958390104632
8.9216830367893039
10.174814132911498
8.4121113412304727
9.0406202856880835
9.950595727707702
10.384550775710558
9.0044093715925406
10.384690517250064
9.373283464570406
9.2495120499397814
9.5649921550804997
9.5794508318726894
9.1939785517250989
9.8749241235028933
10.056124872913241
8.5408830387758385
9.2580984206323524
8.4684456994664181
8.8576196095674273
9.0966089672570565
9.4066046828653693
9.6495492373746785
9.972518898952714
8.9166868814859033
7.9767318140338617
10.480909957592866
8.9757419608205993
9.1955343894007466
9.9384360258154612
9.6809461826526757
8.7349486207973399
9.0481911967002979
10.494607299148655
8.5236121875274442
10.016803038769766
9.8788959192621757
9.3142241158589485
9.1695652519572288
9.4642823027745298
8.910671740641547
7.9232264729287003
7.2100750496461101
9.7347054209893447
7.461991078403762
9.9473161707205033
7.7808326947933937
9.5594251586499368
9.811789187157407
7.598680222897416
9.8113170218616741
9.9295927691028165
7.2640847971597582
7.6915617169491748
10.047774302718535
8.3943952076450223
10.359508452075428
10.213634553819661
8.1391639390775001
9.0613949016683613
8.1261101780312366
10.412665815594028
9.5885751661814389
10.148669647645329
10.170110708140637
9.4547828799377474
9.8896849412828374
9.5268794986400742
9.9189859658301991
9.9336563618566718
9.6475207071244071
9.7257245813445579
8.9077194489875158
9.552094354580646
9.9052998255669955
9.7126720011343473
10.418603312777112
10.491446894313997
8.8322520936149793
10.251031476396955
10.185778367826069
8.6807086863675735
10.215720910640503
7.1653454532838179
8.3514603995386292
10.415024243150929
10.099848844217153
9.4943830522457873
9.0447331719336539
10.029149241456473
9.5565623268617585
10.219386243723333
10.038116149186818
10.439389897647974
9.3245806968134861
9.4780605048550228
8.994860625937827
10.406652934671563
8.9484815037464074
8.8836314628618958
9.5242044270699129
9.0549970875932591
6.476514443110398
9.3896375129552947
6.9938660024658663
9.592588039829586
7.4437611059325102
6.529933593655092
9.47564858851878
6.6911791013959689
6.7825534311082931
9.002027746480957
10.000976040766988
6.7319727789304586
10.018251488586738
8.9809411508744894
8.2378526218464145
10.461482573620343
9.9190960014877199
10.256491828329727
7.6379903008275631
10.047464696979477
9.9941149125525914
9.9367101000763363
8.2958517059926553
9.148883775255138
9.3295163976319717
9.1976347387086363
8.9288561980236629
9.4269852717526543
7.9531292176150092
8.0119497848291097
9.4139978320883841
9.2459887614365392
10.154240272137482
9.8677441744862691
8.9454383756507347
7.4348990722613228
9.4021708984804171
9.815855052438442
8.6691227775602346
10.158445065551406
10.19065925584597
6.7522383953897762
8.3797775580024982
10.483814542130292
6.9801628075791866
8.4799424857514083
9.466437558396505
7.4146486274630652
5.9611477774261648
6.9385091879668854
10.497742322207067
9.8002804891026898
10.083815465423259
10.371823362040256
9.4868357644501593
9.9917419958646096
9.4671809521138126
8.9161099001327138
9.5569207046997011
8.6062588369918132
9.680256145584563
8.3815330721947543
10.363596848006367
9.4999442502551332
8.6084985181066038
9.5252331809443156
9.5793153066365697
8.7256189116001472
8.760828058069146
10.176257878501524
9.1587379256694046
9.2291556666466885
9.1059408575777105
7.688574953543478
7.3440510273391242
8.4166990738616434
10.367143034013598
7.8672762250669352
8.5600789686044596
6.8177854083545828
10.346075804713553
8.8547427740641922
9.239023429609972
8.5300631951469192
8.7350200266969047
9.2669606720034121
8.3494453364602172
10.272117825660345
9.2269425153440743
9.6760606400385658
8.2305906226502739
9.033747695405939
10.278110196086034
9.7756653323737428
10.226878316227682
9.2638162420645802
9.0704785023112962
8.2378301962851275
9.3145267340178624
10.148016923899855
10.370602145051851
7.7086464892829971
10.281291221328331
9.9844477692175531
10.042246467958146
10.413077109945101
10.086827664902417
9.2338349687301644
10.203980052565447
10.488713176051904
4.1282728027997511
9.7715211557113175
9.8242023891905781
10.095102317608697
9.7110765752653396
9.3758923093063427
9.7455800924297868
9.4577488470575073
9.7501969574166996
9.0381081164405046
9.4809661155179743
9.8552542792783999
9.3900678562008597
9.3495244326073266
9.7458687336518945
9.4575479745185991
9.7523205129728296
10.11539896979686
8.8490739969367986
9.3369333824577492
10.258570151033572
8.7446425948642279
10.178689096286289
8.8881672414970936
9.5868915634452314
9.755202431815265
9.5993175935712234
7.3756369014308989
7.9767454680701908
6.4826948188917184
8.2598088071662961
7.7193365666151319
6.9408215749634259
8.2157834973163979
9.0193517502745557
6.9749981050075762
7.5059878847211134
9.5465967309923236
10.090749931005844
9.7850972727108214
9.697642242215661
10.268108492422936
9.4720636937180842
10.156139510873206
9.6023600919376815
10.104026310469219
9.9274437300364742
9.3402079189571872
9.7551493511492566
9.28453732553454
8.8727682044439629
8.4225897003846359
9.2947664488069321
9.0128200138370218
8.7974669282345577
9.8625207248265152
9.765308954001366
9.5915525812042723
9.1380256642630169
7.3965045600989949
6.426340014851232
9.4303034377569794
6.1051134434117236
9.5379343858976391
7.6230377300366596
8.1524300708340984
9.4738575682884605
7.4315179986377551
9.493203901760948
9.6030929308046282
6.5809727156674258
8.7125538851097204
9.9977383534198552
8.320690733709176
9.669532724670022
8.7546747919422359
9.8102299184165815
9.5122525282017989
9.9359242940135086
10.213962577315568
10.035258348979012
9.965649867432667
10.34535254711923
8.7914949143766208
9.5323939969533598
9.9222645593446828
9.1371426609044395
9.5689973777042407
10.193529297089913
8.6644680079218332
9.5711351930021955
10.056484088609835
9.0349197004380386
10.069455932748946
10.052263226259379
10.18874130852717
9.2581974166044674
9.1064571657768951
10.263353668490502
8.8121208653085503
9.8179783067177908
9.113213704041323
7.91680493560765
10.207683796569347
10.233729674485714
8.965966012026767
8.9356954035410467
8.9987070818956063
8.4556882545392469
9.8460038802263306
9.7934820827694509
10.417040272612473
9.0429358338394081
10.156221623357103
9.6778893749294443
6.1366451991370852
9.0841409065677805
6.6082952220091338
9.086187511370289
6.9499021240396139
8.5759312673206232
9.1229783286622155
6.4223861037418422
9.0883613981870752
9.1459761065519043
5.9138565147219788
7.3096333064485108
9.7915246016176933
6.9106831413662633
9.3085625963633429
9.7884199578308433
8.3168660830386099
8.7842371402827801
8.4244428335017787
10.307796245743809
9.5957682931402815
9.7106874009751998
9.958029230715665
8.9964470019842189
9.9032576246901538
9.5539513042971844
9.4764450278295858
9.593999512296719
9.8956053170470177
9.5587176037048192
9.3033537559160351
10.107765952729876
9.4235008442388484
9.6260447642083342
10.074686868118519
10.098979070788854
8.0940241019688042
9.4815895447400749
10.079222431609992
8.0048625306817325
9.1955529270751857
7.5501477561588803
7.2815141296222254
10.29105123211146
9.8210240054120934
8.7235106743825366
8.5412408502624295
9.3295741527462877
8.8091328244614804
9.7015550968961506
9.5284025964088137
10.252601216201853
9.8665399135928382
9.7979019567750658
8.6902684954033873
8.8638068031482451
3.7905982655141344
9.2412902610203318
4.3960573673136123
8.0226538266095986
8.8988553927689313
2.567013970585061
9.0343482162971593
9.222791271341217
1.9546517035751734
6.5044192523437383
9.4709409465261967
6.4382905342697292
9.9906532902919611
9.7074731765662747
8.0227415817585328
9.6329468842675841
8.0502047718858876
9.9163477466948144
9.6128204095689291
9.5746861808032193
10.024898094602221
8.7789598225379102
9.8226478433721045
9.923126335259937
9.4260800120396073
9.7744030670095885
10.085201465221084
9.0055175070561759
9.0716785463610634
10.194994500956117
8.7676270252366439
9.7074534709301687
10.118716785093566
10.117721240158913
8.8050139675176133
10.200955887117177
10.345471241819418
7.1063806596224275
9.8340964937402831
7.3537579111875706
7.449942360000259
10.006102390862697
10.078966457473387
8.8702854502202264
7.944806204947918
8.5408911032793302
8.4791185131641456
9.8753693895503147
9.3566291550571723
10.44631760448994
10.346975093373064
9.483749292910284
9.3162076757300927
9.3610988192503299
2.898958665226699
9.591776820884041
8.5483381805522942
1.0
9.1151731144487051
1.6990072435678971
2.2888817874709426
8.7454512731657754
9.8221309544442885
6.6833568184600525
9.7075705745471481
8.7335356078979558
7.7711797823358069
10.110494988337512
10.334754594207336
9.8569515814723623
7.5487570950655503
10.032816954197163
9.0297912617864373
9.6171305016212045
8.8482419601341533
10.154364635515201
9.3885542027496527
9.8878959167116136
9.1818006831442531
9.4643786370427101
8.6673696728094143
8.4601668925666456
9.4691529239408929
10.091623048431217
10.099537583159703
9.6440911741849202
8.8436403459225996
5.2496583902132627
8.3885571227723528
9.7304871665386514
9.1691796150191944
10.149041437897681
9.7981988019419983
7.1236852200234972
8.4631334659678039
10.449211664440609
6.528605145832147
8.5477208316847886
10.307616472996427
8.3045256278140194
6.9552589087659422
7.2870512851967408
10.460133047303071
9.7112857634986582
9.6929370847388174
10.249309080143709
9.5849058577238981
3.4112751924408062
8.2409405147430288
9.3540122679956301
4.1929171547273505
9.4383116745106062
9.5797967834646904
3.9719080968583085
6.2460992127380317
9.5914195360241532
6.2141927211337791
10.045256439246002
9.7632912382206651
7.5484710674402713
9.0991299769471663
7.9025199928843355
10.136486271929387
9.2282161597466548
9.5876741798118612
9.953176176669313
8.8590281526848838
9.6371754231429883
9.9360411082071085
9.172974077023996
9.6592378977195779
10.219247314636986
8.9432825957047406
9.5916058330624026
10.081770644798969
8.6951269265157851
9.5097330952515158
10.258813774294653
10.163008085353793
9.2882981171718306
10.199099769745951
10.331806672633151
7.099010064389395
9.5042174079470438
7.1715407433389675
7.8021220162130573
10.168059016973528
9.8147935841674592
9.2338294320532004
8.3195043253167835
8.659211468606836
8.840967150277141
9.9871654367938394
9.6262825268565706
10.41378512952692
10.304304486874475
9.1576709661381859
9.1645510009164184
9.6789868394234801
8.8391232065298055
2.9661058576644934
9.31520273308535
1.7401291182868719
1.2353646272424357
9.0952529428513422
9.9008474544711351
7.0272115404945623
9.6979967161351794
8.6401875962732611
8.1302716525333221
10.187261088126276
10.31224779454689
9.9203172617145459
7.8969754563477066
10.196214110665663
8.9727409601317856
9.7247063950205046
8.9946917843876548
10.242190115524931
9.4039794080977046
9.9746891398979844
9.2073215032364129
9.2992206051217234
8.6235431742240483
8.4986567109387927
9.2158233318322296
10.122278359647792
10.212038334932769
9.4489014391588064
9.0635152886020052
5.2632588345408902
8.3107691738179366
9.7503267749670552
9.2503772795899657
10.173487366118598
9.9544406168861936
7.6327236845654802
8.2813020477991373
10.440584435178833
6.4875540345808114
8.4300131720716962
10.212984201825748
8.631547420205516
7.2328359990698727
7.5499838147706528
10.462791786202684
9.7095090578339835
9.7528510663551167
10.259523474012953
8.4410507367351375
9.5576823517498646
3.0326764669009383
9.609550312077662
9.6821127696570315
4.1395465972277821
5.5139177789331795
9.3990824763140903
5.6621622372500093
10.092523967908813
10.123471763127279
6.9349998225898295
9.0470401537462219
7.1740940451873287
10.164521156276706
9.2106642427421317
9.5723237587813497
9.887127131827425
8.9818193653779161
9.9326702658086994
9.9442073850814019
9.4476509500264498
9.9962330043854415
10.151757818433738
9.3595375814148269
9.6876397428813199
10.253660354910714
8.5577398565773688
9.5564271648566059
10.298789062790531
10.120787971075371
9.5206807368424347
10.201067564512641
10.366966442772593
6.3938758296974898
9.3836026575701297
7.2273507733890492
8.0081502117294541
10.1366967279319
9.7114614772733034
9.2471095306986779
8.1429495651377142
8.2865409913906642
9.0990275462092427
9.9262873820492263
9.6286670802501426
10.393148075727717
10.345046598056044
8.9861115329063175
8.8083720205075355
8.5147463281654918
8.3384804026397639
8.6639669880324366
8.7010639973917705
7.9321419055949329
7.6616843866265159
8.5857852859514239
9.3642867703302333
8.8945507234367991
9.4470978602342495
9.7085367806798679
9.5275729083614671
9.4339422880127586
7.7091781663372476
10.39594747914634
9.7810631947854372
10.387926448469125
7.2051517085020897
9.9218164674859057
9.1159798636951006
9.5662696141450709
8.895374907118704
9.0100646301706906
8.4468032356690106
7.0738711700612988
9.1989477832052078
8.5051748938351555
10.283027501893573
10.249292894319474
9.6858065954619761
8.8578481524287493
10.137883019396753
10.108898245168264
8.0435395071651072
10.248813853660138
9.7213275450741126
7.7133081130862573
8.4634609065876987
10.438711083056601
8.8782234150512931
6.1080845360564311
9.3690449737245221
5.9734571969425829
9.061581129121091
6.7944592390836007
10.465014003344697
10.021249045452707
10.318188619684312
9.7505780596415192
9.0765649374046991
1.7403957199781042
2.2906258073069141
8.804165816202504
9.8196430325759856
6.5599406069885076
9.6734339891224383
8.6752184129903558
7.6575359387959709
10.100376350501003
10.368192312343142
9.8525032629388889
7.5895495721120332
9.9398555275168334
9.0223924362098487
9.5457008270679857
8.9147910887785873
10.062935195070979
9.5240817013736638
9.8963245800476063
9.1796680988964781
9.5749531498010523
8.498346641213157
8.5292657347233245
9.479484445698322
10.044474728601006
10.036420035871231
9.6283149484554347
8.8209342175523293
5.2329920594843236
8.3073006465787831
9.6260516780523577
9.0864204750340019
10.12199370920464
9.8425836924656487
7.2249862212303464
8.4336367282266149
10.427660826359011
6.5662442282025388
8.4691914329555757
10.237460291771413
8.3522198809234638
6.9294198672151941
7.1389267055563632
10.429855180982097
9.727908209119887
9.6113385724882807
10.24043478903365
9.1879071842943656
9.3292623097422247
2.6992522865987549
5.9167117120282686
9.3954099061060496
6.0482471220324587
9.9964225893723295
9.8691411147699899
7.3327110469573267
9.5398342104283795
7.492447090875336
10.059341082115411
9.6000321807788342
9.5376162421748845
9.9358723559847828
9.0362380623940624
9.9698844238649524
9.9835438947178741
9.5500544579320881
9.9722324426917162
10.117616481277976
9.2791685894533078
9.4052589735044076
10.298788275125116
8.7014634565265236
9.7716384108532637
10.213316202345059
10.090419157609837
8.9901906283853688
10.006018573487992
10.355746124258483
6.7143897947969711
9.6396578870527545
7.334988237293885
7.7523182921469846
10.008426888034219
9.8999573627136481
8.9802288679488704
7.8318124805310321
8.3783736745047772
8.9578937241580743
9.7957498631948017
9.468767914042818
10.439048099668632
10.38685455261419
9.2442071603777123
9.1513734429696729
1.0549654661337859
8.8865294603854359
9.8388230146183879
6.5474875193214208
9.6862112564846008
8.6161852217661803
7.8650803660581383
10.106915720155234
10.331883250020612
9.8478920562755903
7.6823435382881717
10.070952819581981
8.9908770432787168
9.6620119268398952
8.9045039729651059
10.213654351219594
9.3799138051421682
9.9281667913491578
9.1800838196989947
9.2914255497942317
8.6354431580740965
8.3620865279622016
9.2280930503549055
10.100721651867413
10.094943067118727
9.5848295465159055
8.8491609076357101
4.9848723029744981
8.2350940818423251
9.647734577811466
9.1769891768623229
10.136677272525047
9.8441213087973338
7.3313088788942924
8.2760342894726211
10.445083154341308
6.3075124879339297
8.3905409419279788
10.276927172114181
8.4128069326721615
7.1149933976341764
7.3599142194250975
10.45527723209752
9.7041095053168718
9.6290018773745452
10.274422543366271
9.0794257035368151
9.9203590753659938
6.7078740599208686
9.739338198437558
8.5765330328046367
7.9674464142303005
10.175500683685685
10.328876769441287
9.9262280704294543
7.7268502107615138
10.08171791145879
8.9216210438708092
9.6398429700304966
8.9289312613918668
10.209691071832413
9.3772592526495853
9.9585244603012288
9.1208776108204983
9.2934018333963575
8.5804560979955511
8.3185045959532538
9.2227277469633684
10.072331232793825
10.142096089236068
9.506509754093365
8.9281244212397208
5.1107586931130431
8.364174365058954
9.6456194575884755
9.2515952884665698
10.123241045136622
9.9218360335102318
7.487465198362476
8.1987649734747929
10.415986399871926
6.4969640168500833
8.3125077474863698
10.278186068511463
8.4731830743606302
7.1975308302181684
7.3108302012861008
10.428728699916583
9.7065338806597996
9.6817398815604072
10.248449460562384
6.0799763861542102
9.1516997970270531
6.5072947826931875
10.042249307487634
9.6978787649687455
7.6410251498032746
9.3661132540430234
7.7926105022423036
9.7749186591114263
9.6426466959262651
9.4679319698077471
9.87641702018648
8.7875324246383659
9.8960011263388115
9.8434789526585966
9.531124770414916
9.7999876134104582
10.040666763613167
9.2264039593008356
8.7610652930657089
10.261752688973608
8.7599330845395169
9.7818842956454795
10.127266804887693
9.8464836172172259
8.9117231863499455
9.969395293439625
10.228619911113146
6.7038678216669414
9.6952515477186321
7.4237452547981935
7.0206806365434158
9.7969008312836063
9.8891756365336736
8.87087196674997
7.8001025656246208
8.5708470691752741
8.350502074722316
9.7429112513492395
9.1215403620144233
10.414785675262781
10.346247322354801
9.3120829065705788
9.2093637172119447
9.4961718040285614
6.90427343519496
10.242830149964393
10.363555450787016
6.082638606849474
9.3505848141057584
6.0276601911829308
9.1450460510394507
9.4512345017154757
9.7330440396226177
9.9445687962510387
8.3946713857725221
10.099738064276449
9.8476740297897045
9.6453962719105011
9.8381404918545172
9.9784232149404506
9.8496260830267186
7.9251664440971989
10.18521231395961
8.8065863117952343
9.7578698560799602
10.397852542305822
10.120826207495984
9.5978871301443061
10.344436331599768
9.9935522481551473
5.6510139136465574
9.7098390409238817
7.492421950132881
7.9389040347782664
9.6867225998044635
9.6858369917440328
9.920038905482377
6.852817554966383
8.9832483306081201
8.2293261029228937
10.141391968336821
9.4928362974898217
10.296822978132298
10.399347085321835
9.2663947316376731
9.099493543161822
9.6005741944296936
9.6993549199623743
8.5877311384819777
9.9104199674992017
10.328205412142241
9.6566626689722597
6.2944813086538689
9.9579473831042602
9.6626925148286489
10.111617755345966
9.4595575579927864
10.303231854819741
9.7942028238067689
10.249020444626378
9.4191171493348929
9.7518462323921877
8.8033367929648527
8.3469771983484495
9.69908809381546
10.051114435626445
9.89108727363657
10.068388235406482
7.0840147738579917
7.9312592688248529
8.6160096598556741
9.768037777322915
7.9635318472917165
10.159801448158914
9.735061277913557
6.0729712012290076
6.7377669987366291
9.9369933532737384
8.2083436940755607
8.1463406828426894
10.394585603320001
8.4647509389287059
7.7496993961178378
7.2813883805883988
10.346538688655695
9.7086838767845496
9.6708852130474146
10.147539816966841
9.4306981753060022
10.188319247051787
6.8037032035925273
9.7047792267758197
7.0148368919900301
10.068074109681223
8.8164976631325676
9.8509997630223882
10.118287121467537
9.6567031847408025
10.278609724426033
10.233632683569759
10.176300199824553
10.276106082035724
10.247370037454923
9.7263849725236433
9.5556791809002188
10.299239793346199
9.4898839499444883
8.7355299920991261
10.498100939989779
9.8042618640344621
9.1647236121254583
9.7081757756787628
10.453408167186257
7.301746388636011
8.6940846826615381
5.942876772153781
8.5512599892303847
10.297227429041628
9.006591087163077
9.4955772165562706
8.7970855430412929
9.2336902222255564
9.7224745971249984
10.187796424722219
10.052956167620984
9.0146236034712821
9.8309883800992495
9.6006712397722911
7.8140366487801485
8.7881687032649527
10.360869071367329
10.165615098271481
10.035679612381088
9.1601033443375446
7.973579582017936
9.2032548117799173
9.3603334568401273
8.8116812903710908
9.2122227378719952
8.1735599015563913
9.6321533554222896
8.4288184557896013
7.7713168357958189
8.3548729407726725
9.6274286041210306
7.9966600424233469
10.081109543911383
7.585417976745914
9.6889615002379053
10.170146376753362
8.8740764039217765
9.0593910544568015
8.9334058110022188
10.31609576263339
8.5680720511262649
9.4732792369625169
9.7988190147262557
9.7179564272058094
10.501676888485843
9.1419922656460351
9.2259121926993952
10.403300024012172
9.3761303055217073
8.6688446951288345
8.0107978141053273
10.503073344899628
8.7317238271248101
8.8977773177688668
8.7926532809185645
10.480031684323503
10.221810707949652
10.330051905254985
9.4250923007290393
9.1096316913497954
9.2648223398210163
9.593852568783408
9.4349821470845914
8.5543191236955796
8.9497724275078951
8.8478327845737041
8.4755071523976735
8.5359857647758197
8.1159011506079963
9.2048449881862044
8.7589270851851158
9.663078209287141
9.0247010669797518
9.4929009867384302
9.6720680452370278
8.1461637851787536
8.8111400671707152
9.4221386136913718
9.4817342223003109
9.8688147430906863
9.9373500584492991
8.5592024080903766
9.195668531241008
10.483609531617894
7.7400545158614955
9.452207646057758
10.476680539572646
9.2754751666680004
7.1708901029758572
7.8406192495749956
10.502074272406652
8.9606477449870301
9.0811130051504634
10.094883001646208
8.8003574123958455
3.8327354776748543
9.9393898927230833
9.1116998063489802
9.794985083977485
9.4081902814566618
9.8497264240085745
10.168303657559218
10.110176354046562
10.090027455630954
10.078094517097057
10.187815297439723
9.8650705828915868
8.6282982035906688
10.319630188510109
10.110168287425488
9.6047136529433761
10.33090045298014
10.319446676769433
9.8034604239526626
10.330034232032421
10.312956595311743
7.0460163808903031
8.5501461352877559
7.7044282864891676
9.1738639527493344
10.485382822556641
8.4620954534649862
10.349774146916237
8.9322249173978694
9.9539383773901751
9.7146507372792072
10.455339053284797
10.09178587026441
9.7603791706027003
10.498587137073537
8.2747202251907233
9.1627774432755356
9.0535310611900019
10.420335402890892
9.4265545051151118
9.5247423103456956
8.5407675091269954
9.7248277538020105
8.3095492600888541
8.9631719814231889
8.5709388566514981
9.1496048683804716
9.6122639640978829
8.8165036697935761
9.7910292499786102
9.4258336494403903
8.9227578010678137
9.7734849087757709
10.070292827034299
10.306211575273752
10.254329947284971
10.431287359955721
9.8703128765988666
9.618453525101673
8.4904949502012492
9.9421546811026857
9.7532988521938453
10.428286453819407
8.1182252776116286
9.8033609193343274
9.9420940259590118
9.5771936335824694
9.8861710730259542
10.230407311105383
10.07220542135067
10.099589813468457
9.9255912545995013
8.0127216063363971
8.4821793961779548
9.6647914597324789
8.8730702648049462
9.4630610922047484
9.869940560532136
9.6022258622745298
10.280045343250395
10.233675708303938
10.256248332745614
10.20245215609445
10.297368295819393
9.856033763222058
8.3961279565708651
10.359066376656804
10.23823362247091
9.3507521293329017
10.395017171077214
10.318339863469179
9.4463208493794504
10.117991960469434
10.189982708396236
6.2707161726427971
8.9164191631596523
7.5690558542396724
9.053461497504701
10.331435667288153
9.4431393821129763
10.204143022287598
9.0272991304781574
9.9998888652459428
9.4688443919945087
10.312140415655785
9.9940527371956112
10.165807424212788
10.171790876820674
8.7923433350528075
8.7678713853726524
10.406672725646779
9.7555810538934224
10.087733882937401
7.7617599699027062
10.317307357256439
9.2084815261470343
10.290357571633194
8.6496122510785369
9.0043970537042775
8.5535352106670075
7.3458418266990915
9.1418522702177611
9.3014130035094968
10.333428518611278
10.223270313869319
7.9717491146876363
8.7793435706172627
9.8471522975608714
9.8400785267377824
8.8860157338656229
10.149427164733545
10.17522530119056
7.8265423075173972
7.4853670393759826
9.719390711105266
8.7730695511183665
7.3840686280609278
10.187513384488208
7.8470482302125246
8.8178557377750142
7.4443538289272873
10.4403383042059
9.7434262540498473
10.226449726785152
10.438108234766831
9.2147240372328376
8.9465348118131427
10.440335980933433
9.5854201393792433
9.4860889130955552
9.8720229883021737
9.2638063709099878
9.4516727550720496
8.6007675310519591
10.197417812842124
9.56194022066631
10.223017501169922
3.5085492211035012
9.148756311520156
10.442639635139988
10.316949119630619
9.842391187036041
9.2581549875701814
9.1960877382412303
7.3882624836090578
8.243855357417198
10.070650892868576
9.7978033690927955
9.843918003482667
10.239619153652001
10.118885419156062
10.459718121521817
10.369561571932229
9.4917455910823278
9.3139194353647881
10.478307478222504
9.7027949580914044
6.9862636516323944
8.3152381026283848
8.6312703665663921
9.5951801187341026
9.3472043567578851
10.188387011948475
9.2746974091989269
9.7618469476309251
10.196556197598674
9.2900794161101974
9.9880797781259556
9.9603839629731343
8.9470042606640998
9.1644271452940487
7.0922067889992313
8.7996996955172442
9.5494139569756058
9.1898036012159388
7.7020762972996826
9.7602328694120981
8.9429273273831082
9.581380292669996
9.8273155207798659
8.8101481026058241
10.035385453865533
9.9595542991309944
9.5937421975998394
9.7060228800198285
9.5482148228242654
9.6336385859226024
8.7015547195838732
9.0781798605214927
10.133171096197682
8.7210802653065809
10.19294483737816
10.412631529948484
8.8855656227887323
9.9393109581284467
8.7425049716613081
9.6854741974848011
10.038426919626884
9.1815862821214296
10.234046349367661
10.186776210482087
9.4629143216725033
9.346822883620808
5.9680190565886004
8.9946991563185055
9.4873615991310736
9.541489131014135
8.1622871358052151
10.086697886360831
7.6154923002530532
10.418727209043819
10.258240286449654
9.025445336410673
7.4514096476589682
9.9150520041532193
10.26253752250504
9.3442957599551431
10.453216878742804
8.6672936967860359
8.9465814077510988
9.0926832684825776
10.483733053535651
6.8935184437519625
10.136176998195776
9.036227392087806
8.635025845834452
8.5188675821683066
7.8001416106253458
8.572633431125217
8.2531421307849069
7.6926955883294008
8.8117690789802179
7.6667427739284353
10.396561295202758
10.387631575430778
10.114309732975991
8.8215027878763479
10.476509373716157
9.4601074205877929
9.1240285290509533
10.100002285754327
10.021913305613765
8.7844601023664293
8.9768704969802648
10.382122712580717
8.1848042885642549
7.4498007899944918
7.9433696745844209
6.3528411022972131
9.1840086894384712
8.5261725164089359
10.288599736557698
9.9792867203683393
10.415923258705909
10.409261358756231
9.0697266023573011
5.0488415103291748
8.6954726508285081
9.2164521590984503
8.5386046465743846
10.06690846394927
8.882955478504341
7.0634107117765232
9.8885529454230756
9.8574270967231357
10.482962115213681
9.9983690789219946
10.144479986779894
8.3896359587763953
10.3107512397125
9.5658441976196116
10.349599632603685
10.223599539338842
10.178948720715251
9.6454942177084728
9.0251176967078397
10.244587536940569
7.7412311920238706
9.2793035766431036
8.6342777286003098
9.4222688030269452
10.179628446565658
10.082186595784352
8.911621451531035
10.16472012377541
9.2317458650326145
5.9124278484621851
3.1567705807009947
7.2303626654634732
9.0438965761496206
5.5689652376463306
9.2626504855176837
9.2657332470972271
10.014937695374391
10.402251977415824
9.7050453805643517
10.369678021475773
10.247865318551916
10.220643385281338
9.3424434600352928
9.9884465463350818
9.8618071340685312
9.6813839368326438
9.8518981241440411
9.7753409125088471
9.1752010043963192
9.9292132490455387
9.4762671313258853
9.2652542976097916
8.9244019098609169
10.384842290075913
8.6693532568415375
9.2614009116577183
8.9633774003495095
8.6538425298748543
9.2605811549550161
8.5664759493478151
10.252419473465693
8.9499026350263335
7.849208961979727
9.744685568605064
9.4576176163766466
10.310117550164591
9.3955280872741085
10.292742672574247
9.246789275927366
9.8866942076344078
9.7161446943857772
10.329915405239388
9.6784374828445188
10.103864451283965
9.4864115704881975
8.3441262977620312
9.747234493982031
7.3646196234647183
8.6729809145519496
8.5791667543740662
9.8801383564717558
10.082873255423506
10.155805893871106
8.5871067085619242
10.360550732638709
5.764620234475335
5.6081316439001112
8.7506189032314303
6.9689389572249896
9.1543455866643004
9.0608883830490541
10.289933528553078
10.353645818656384
9.2567712817120746
10.373407111235879
9.9715930133049344
9.7450794776576952
9.5915442981464114
10.227491502241252
9.8076187683140468
8.9271248415207083
9.8154254838706017
9.4388399501265496
8.5068311783866015
9.765444759621472
9.1049507304042816
9.3142425843945027
7.9191354574482142
10.352897851985418
9.5776334520136608
8.6861037114548143
10.149639086392922
7.6673652872027835
8.8345863359282646
4.3671170733647484
9.2681745412462924
9.033313529290016
10.06704540202678
10.449693217862919
9.6421083864357744
10.409780635950712
10.278308695675136
10.302865107758301
9.4325908865309209
10.096713863646167
10.138117143822679
9.5183161148645166
9.9774145429046612
9.4891046321956161
8.9171015344141686
10.018368533060412
9.5692204431344461
9.2486498408921918
8.6113189633119482
10.338896932881248
8.6344842129779558
9.1949160392999634
9.2188000726586701
8.630418426365555
7.9358630255884446
8.8589090002210309
8.5442258211455737
9.5885664469430054
10.129596217862558
8.9705164193280265
10.267659259674149
9.7285037737074873
9.1565962062133277
9.4913746965589887
10.024181550685002
9.2210819522054592
8.7741115329552919
9.7663561178837845
8.8955013206899149
8.8601761214413024
9.498146542582246
8.6829737719786042
8.7129920124724851
7.9771271510668038
10.473636360975034
10.038311238518833
8.0476326147861403
10.136967314507812
8.9582389902322141
8.8626975642554555
10.321704920465635
10.403994469583791
9.5939754841500591
8.9681740359555864
10.30474079268747
10.086381730827405
7.7447338907624914
10.160042814154
9.6732857648394486
8.2703998859766426
7.9541567707280114
10.202930070222855
8.956241826661147
6.9364254292473344
10.336976077455194
6.8157307013997332
9.2134596549536685
7.7975291151669888
10.208100582707525
9.5594316210381685
10.190623814597382
10.196209771218625
9.1763478098627882
9.1553994286673657
10.107924801198003
10.452602835553757
9.5878261339959359
10.467817646422008
10.14784274020529
10.259055670416259
9.9082217358635098
10.128710560391044
10.140226896843307
9.7700182279214722
10.148473761069035
9.4985530529958666
8.9340759115332506
9.8821350018575362
9.7097923721612762
9.4202562479577168
8.6717404948832506
10.188019814170751
8.6708210141775677
9.0116844486272907
9.2682550643893133
10.372795750565013
9.7779495847344897
9.5540096874247471
10.285073142558229
10.399334776381664
8.2618405664258976
9.4266073627823896
9.8649258225721752
10.157617521107397
9.5898275560358233
9.1856496979945277
9.8327517909198718
9.2569258385697299
8.6203367754523512
6.4268085987497381
8.640200136513041
9.2017933584872829
9.3706898447461633
9.7608959160309023
10.039352992846185
9.8753553954521127
10.204243175294216
9.1843558095049058
10.491195948677152
10.31992508624668
9.5894512648601786
9.7779873294976341
9.4579408364709394
7.7523858556857137
8.0520126617389991
10.12356499322228
9.6510159860248326
10.137123061966484
10.217305944888233
10.14994767308572
10.475689136852589
10.36825257242362
9.7984032225456446
9.5986427565257522
10.503191621854517
9.5150469716758597
7.5831192398567469
7.8324228563374492
8.8515636955077479
9.8173866666206493
9.0990876483955283
7.9816360042542511
10.435576047103407
8.3295832594165482
10.434005376579103
10.286892285713376
8.5394599365334543
9.2621114029177711
10.249041863169429
10.229153927006092
9.2752904955681164
10.409845801325838
8.7308875363890586
9.2601939602768759
8.8401637274385827
10.495771853212613
8.365706474401378
10.315081769631394
9.2367104001721785
8.6381548075463161
9.5913492401080855
9.5751476491299936
9.7021563642619402
10.286120732921679
8.5565671585924434
8.6687716353999935
7.4249084955841944
9.4596592891816602
9.5583162930455696
10.205389394825991
9.6142901489637005
9.096543883186607
8.6605674020857393
6.9353109829487423
9.9727063457215177
10.065621150041446
10.333645563341841
8.9056758976935555
10.072915209273516
9.2595356423753454
9.965002722319964
9.1979661685880512
7.2593372753706369
9.5247786509611228
10.159499095089803
5.6540007433537243
8.1135372236327061
10.365657788840243
8.3841514308358818
7.7829560695794351
8.2431386893909586
10.081118829531837
9.7037920149929224
10.163872005120769
9.6738184279065003
8.8644570421965838
10.301785532896179
9.5985560694504439
9.7177614516239519
9.0106480542360838
8.6649288444655781
10.056038051076916
8.9404617370398043
10.332428058701362
10.295500521802722
10.281390216776535
8.8862146877123287
9.2510793076634119
10.029005520610351
8.4856553921220748
9.2156251350688922
9.8933873123505656
10.243884409830285
9.5752962728906983
10.293078027723883
10.173300139019808
8.6871061794114084
10.01335903487236
10.161869924259788
10.14472558762782
8.4822397825442355
9.9519863134467439
8.8186878045600086
9.0040550083867004
10.027259724608484
10.38171781536718
8.4506806797741056
10.443155334712239
9.7272397643376003
8.5121338249457512
6.9118988445130656
9.0897900972772323
9.881146356265619
9.4194943031302163
7.8469217252974355
9.3517946187389853
8.124871750294222
9.3527942717691133
8.7074179634918369
10.349304595211672
10.063323695785279
9.2435581196813121
9.4706128278849597
8.6368932423495455
10.154347942062826
9.9893975877223333
8.5254071864902947
9.6571590242116656
10.270479370767125
9.6503224761936224
9.8941156746560175
9.840802351958656
9.7930172748186113
9.8081658656972071
9.8514130048542068
8.1273175248471006
8.4117379354355553
8.1589413902705985
10.287664455012662
10.38925868092011
9.9953552578694396
8.8223091428521254
10.363770237291867
9.907122024094992
10.292451035046355
10.012618571266904
10.482194491099893
9.7659071150940253
9.5741279985090877
7.3879396277250402
8.8782657879014142
10.248738709095745
7.5641819890877278
7.9119146060960679
9.833544971362036
7.5337267731515283
7.9143774599876906
8.1083536912542211
10.413076171431246
9.2904201880051858
10.146752603660044
9.5048194114389979
10.421787618973779
9.4846440308361153
7.709564001505111
9.9221045854762053
8.445166850266876
8.5705896960526307
8.1254476390669783
10.44522917336627
10.06166413918662
9.3006318276254749
10.492445464336219
10.419672818671582
10.388525385063334
10.027992586553736
10.379286480138193
10.108052672900605
10.331366193642305
6.5513956771794515
10.503293693034786
8.2086895950600418
10.038667318237882
9.1933149800158152
9.2134113784179004
7.234971476473687
6.6945147074589242
9.1223338890616805
10.420675890027239
9.569222377540628
10.244439092624331
10.299646096560974
9.7750263382239968
7.0223864042802724
9.4925938786884601
7.1245291405377733
10.393389157458612
10.037496743243155
10.306258706195692
8.8281640859344801
9.4799132397404513
9.3054691620136811
10.348288323203734
10.002806821561025
10.431806455697782
10.254115018534876
10.31477669836986
8.460860584042619
8.0969616097107711
10.437193343359043
9.8648078058392379
10.436782715560829
10.18905095855777
8.0016161883763246
10.012403241511819
9.9716779623701655
9.5076846129545789
10.429431253789346
10.466570935892575
10.168761394497292
8.9121507896156391
9.9593478605891921
10.501465220563906
10.499727575094347
10.293688624795433
10.482134068718395
8.7524907140947246
9.9662336979560422
