4.1660418013614731
3.7153570027480529
3.3307692069026125
4.3222894325700931
3.885893204914888
3.9200262013075724
4.1481699782020272
4.3131924367655943
3.3813943004653151
4.1448172314195437
4.0249330829887491
4.3355539535785281
3.2746499473806274
3.6973670097684788
3.2766263232822683
4.1070212617022195
2.6777642849828802
4.1001609198180908
3.902581487831966
4.2607043861506
4.3368374607256674
4.0460119760203872
3.308917712845326
3.2225687809289223
3.6185522255796361
4.3394774898705641
4.3132643490483238
3.0948301579772575
2.3235174408869113
4.1396195277414503
2.8279141156289418
2.1297033760223605
4.2644188658805664
2.6007284267271968
3.5656385846906828
3.9627537699874584
4.3303942633195289
4.3306757221964967
4.3451852388889236
4.0489716682398544
3.4794225596598558
4.0031019405988939
4.3262509763496393
4.2477775830652647
3.2038571330090138
4.0286973471388832
3.9262128333239734
4.3394606579693953
2.9577221205932589
3.1948257100384034
3.3119361249740487
4.2426854408806536
3.7280204828852428
4.2623607949818556
4.0338330237834095
4.3189601503953492
3.9163642973558699
3.4769443112137925
4.2342369216992211
4.3318702298545677
4.2769994866638523
3.5770200356667416
4.211159981920372
1.6989885529622977
2.8074475858220485
3.4811094145037407
3.791768914927732
4.0040326303695641
3.9931647451944188
3.1909267225147429
4.0989518338728823
4.3183094275130607
3.6501429102926912
3.4231629004192099
3.3033936513161626
4.0139272205571723
4.1983631488463926
3.9939119658430884
4.3295274902524472
3.7905578119815435
4.0668868138927374
4.079548461127489
4.0687179943148868
3.8245250204254582
4.1613605610019695
3.9693177270317617
2.444761869061411
3.9235429990339314
4.00924057661791
4.2778453217556756
3.5334133565376211
3.4498227243170314
3.7565561092759752
4.3070963305153889
4.1710049556008073
4.1385922005093798
3.2111491062159896
3.9826074878082562
4.0652212122937428
4.3223465159793095
4.3213119831313653
3.3431974246886975
4.2679206277240578
4.1618708055396301
3.5606145283479504
3.9261945849840711
3.9717156011430719
3.1391157395330036
3.9982676065036311
3.9483211389354338
4.0606105704384658
4.1478025852352429
1.3697518224684273
2.1166105384854048
3.8889788284707154
3.0723739408562332
4.3317728155086668
4.2902784959316165
4.3263209935983475
3.2083555281686085
4.20694901715349
2.8319998664099972
4.2115073552988953
3.9937634459135904
3.2429812026889344
4.1578363210747193
4.1815340231866358
4.0977767372261233
4.2904448281788339
3.6084137528666873
4.2144146645115281
3.452012939434733
4.3145052090690532
4.2281591874984077
3.421065632496926
4.1293165082877668
4.2950862742429106
4.0563888968838029
4.1823748360512498
4.3431911255562197
4.171496973711319
4.1309580058585196
1.6457910220777576
4.0660927272310143
4.3405962632387629
4.3370054360349446
3.368251967888046
4.23196670160642
3.2540295542916153
4.3413088824727897
4.2794112974457867
3.8567503439753295
3.254945593561883
3.2308165532919499
4.3425766122790339
3.5208382165097136
3.4933689971676434
4.0933740842340329
4.118254005320428
4.277157753792272
4.2111617257712473
4.2112183111901045
3.4578843150735565
3.926654512839872
4.0172390563077016
3.911902095631516
3.4261136367158969
3.8763305624845792
4.0030764563427166
3.7827653718690368
3.7802517000313416
3.7273561480241164
3.7756444885779294
3.6237860884574218
3.600434968638051
3.1593294722028893
3.5016638307594321
3.7222701009225356
3.9671311026588003
4.2398153834496783
4.119051849034399
3.9610888929060613
3.6934275596167256
4.2518843757584017
4.0167408134101068
4.0254873939970066
3.6474597476267134
3.3876034271582278
4.2202114818340988
3.4387365147429492
3.3043528163434104
4.0695038037062528
3.5373014212446559
3.6820172829884532
3.9708439883527018
3.4240335544800882
4.274184939783944
3.8666106935394544
3.4068115768991776
3.8902924091274977
3.8532236602534873
4.3189101895999489
4.0548582312813704
3.571374155684981
3.5352850315824651
3.6259713777489719
4.3088002523145352
3.9243559469723541
3.6702839339524052
3.7990669263832437
3.8874985727194327
3.9517670629941541
4.3324825902586417
3.9783820548178581
4.0669391050963117
4.0717910430382513
3.8032355997979197
1.6167524650051126
4.2235941882411971
3.7016879774429787
2.9781500417148661
3.5022838674228858
4.2781359367897291
3.7386941588957954
4.0451911885687926
2.1013391506424925
4.1854099588635849
3.9506343659863852
2.8315112385536154
3.2327300495021065
4.1579133430139317
3.8788872745197431
4.297813673375515
3.9567263071871861
4.2560637228208469
3.6524943490835868
3.4688439263266213
4.0135997153286995
4.267596793823488
3.7826302673425722
4.1723294539601126
4.3382524206722977
3.7575676644239682
4.3219798849488278
3.8808380969367171
3.9540927521738238
1.7081390487795367
4.2159193911473203
3.3016564879267905
3.8217367105766367
4.1776935429696973
4.0867170365700272
4.1117896518592163
3.888804931124477
4.2329809413653026
3.8182969216772729
3.9452741422932318
4.184407522277537
4.3474754788199386
4.2309328879787156
4.0952429365922525
3.2568064770593352
3.7237342570278575
4.0506337032407762
3.823658172280469
4.2044816269450642
4.1790519383091977
4.0970109429340047
3.5116375132606064
4.293648370252928
4.0027409768766384
3.7002628148145598
4.0602911432212236
3.5192267586290962
3.8515110020347074
4.0349363075808231
3.9306282038046443
4.0192833430754504
3.8544484533327061
4.0858935948852295
4.1068437278956162
3.5542507501919292
3.9618880683868261
3.6475240506854338
3.9560325065411415
3.711624268711764
3.8133345829244512
3.8884006957120043
3.7689789388148331
2.7079503897777917
3.1606589461022798
3.8078379886331422
4.2965034070041215
3.6344169433227247
3.7814689315296439
4.1500015231866794
4.1077485763971202
3.9511941307156744
3.8111947345435739
3.9473739224451601
3.2130876228787599
3.9767036539042859
4.2494588380810558
3.8313913239708945
3.8283550025574122
3.9148188592223816
3.8479605798867405
4.222820601484524
3.9266680849252888
3.7292054779090731
4.1711946601661509
4.0222295815142974
3.7886853756543242
4.2474163579623818
4.227165561071879
1.7444321800281388
3.9139304708742522
3.0657684745541851
4.3316646361136337
4.3102907807114486
4.3281045652133079
3.6022736456751479
4.0708513203278409
3.1967226662958428
4.2191528132732641
3.9141938425729337
3.1307655583516611
4.162474501359946
4.2186422051384866
4.1354661160735562
4.3022928055355729
3.359104487824677
4.1378830955280419
3.3503579299783981
4.2734594633297593
4.144226853792369
3.3339139064812935
4.1664811123889907
4.3244250897017524
4.1613553921935376
4.1733366424163272
4.3424114157838209
4.2274713501405197
3.9369033380585874
1.9279112460446732
4.0873277943280941
4.3450010663413199
4.3128223364664304
3.23064054925544
4.1274356684810645
2.988070724994055
4.3460584435447229
4.3035905491858131
3.9722691109635355
3.1529671496898852
3.0665770040788334
4.3465209802149189
3.377231897810089
3.3163339169421402
4.1948690433865146
4.116466815203637
4.303967418866967
4.2098925741626392
4.1508937831326653
3.7148533326713489
3.3750875059342977
4.3435712239409092
4.3168141843520873
4.3214987356589516
3.7143921252660159
4.0939134850584669
3.3884684015182707
4.0852024867127303
3.9314255551783166
3.0574822344697039
4.1207508129754231
4.2927959857161975
4.0969922458164314
4.236631919950101
3.7340922069149021
4.08079212200838
3.7983243806119553
4.2435926107906505
4.1023192560050807
3.664269460034554
4.2819327892861168
4.1608196622975413
4.2769316484179765
4.1822377034493048
4.3477535437834058
4.0524717894389317
4.0597157717550152
1.8540372352360988
3.9120716233955601
4.3285866826545805
4.3038798254436825
2.9967355927098329
4.1341725359373136
3.1295379991707706
4.3450791856936837
4.1504765539767936
3.7863109812249252
2.9457944205899738
2.9868001902936574
4.3454891012978187
3.7202591227226938
3.5240171070361042
4.3280659568444202
4.177441562596437
4.3244449687438449
4.2761955615613561
4.1351283793487674
4.2660060212617248
3.7667220554873539
2.9313197812549312
3.4082586588347441
4.2733185675910148
3.9099659881909545
4.0274176773969659
2.2214393704173712
4.1871543685753556
3.6084520657468908
3.095773125413809
3.2135489547282154
4.1613165261355149
4.0392088052202997
4.3169927791011418
4.0788996164552618
4.2499115453667091
3.6843273608047542
3.7847471031460072
4.0582479719926647
4.2628591078347995
3.8276420743488515
4.2128750630087133
4.3453400649541898
3.6131023043296193
4.3348031451217492
3.9817490793663088
3.7555575876539744
1.2581330212751332
4.189012267902406
3.4463323450619074
3.5242245526594211
4.2810891275769505
3.9364628782326854
4.1878054289326805
4.0597466176949286
4.2938099033049273
3.4954870780207665
3.612442792004237
4.2701312280970489
4.3463697881679728
4.2351617977332472
3.9623072294885144
3.04944428331101
3.9068864531581893
4.1595918906912965
3.9132767458011473
4.2503877377798487
4.2553908690805411
4.0804701909412042
3.0375817931928339
4.2056536003370617
2.0604461591069807
4.2030291583497341
3.9073042535668319
3.933356306810424
4.1993985777419249
4.1915008209697708
4.1865883131930239
4.0089652914929133
3.2692825169284521
3.9990280476566689
3.4477668182575223
4.003962830523478
4.1866887848663037
3.2940119467337019
3.2487703038168632
3.5618914409004057
3.9373485091979799
3.6197483746885015
4.3466332481908543
3.4706589210020011
4.0116784866094175
3.4097703400257142
4.3177291963357689
4.1302153233588932
4.1675558393086947
3.912058580607864
3.8660797000011353
3.6469627118417089
4.2648070002339455
4.0950951694309703
3.4553506622632404
3.74880775810069
3.6353273044735608
4.2551697032700746
3.1345771767823618
3.4839591094353541
3.7833127074442778
4.3414914930072843
3.8208006719513112
4.2071664033879674
4.0881088397655772
3.1752886044722373
3.6976477329607835
3.7569163670929564
4.093752632827262
4.1609115595006338
3.205324479013151
4.0988027273718286
4.3200447714474972
3.741794645207972
3.6002640294611874
3.0547321511401231
4.0387465444039385
4.2407298966905849
3.961544107697804
4.3218426827884331
3.9189737819546107
4.2683384934658166
4.0887197089235556
4.0030930280394346
3.9783367879975478
4.1561751788567181
4.1324844682219979
1.9169355690760213
4.1616032269572534
4.1291091257754564
4.325462594779121
3.7115872177954032
3.2757205601206212
3.8876212698783963
4.3089875422595396
4.2221526995351333
4.1741089193029497
2.9242315277168371
3.9671349526985646
4.2291521940541736
4.3151840967851225
4.3088829333829262
2.9473945730356919
4.264775270399662
4.1328553073323473
3.5061177869441553
4.0176302260285652
3.948276415246728
3.194056391221034
4.1069966105640692
3.2891794263249166
4.1596720542220229
3.916320002178213
4.0991149542681367
2.4692153684218794
3.9245661665254552
4.3151301986934012
2.75473404955628
2.9735500231751941
3.80781715015249
4.0219340188866974
4.080330872676118
4.0747468797154882
4.2106929582880426
3.5668235304450429
3.6047429170857725
3.6957653282615719
4.1148952640889247
4.0091421070308257
3.9318902590428202
4.0039596241531168
3.1243470247591834
4.0581720039398705
3.9853120446056249
4.3023046546176724
3.0330887907392392
3.8377866951030399
3.5513168130877366
4.2965184182115674
4.0269721430287113
4.3029353590859545
3.7813091402869166
4.0086751424693521
4.1229931421285402
4.2746596546025133
4.2578204178941705
3.9315922416331914
4.0641573762467829
3.9998280272007474
3.8860797587587155
3.0601816900613654
3.5118540112841581
3.7674410089384383
3.9180255856808097
4.1768461206282206
4.147091430822182
3.7491582978223001
3.413907457370966
4.3321668395084085
4.3251070619753333
3.4773177374503659
3.5055527367222594
3.1734565327259978
3.2844965668032047
4.3086573237574575
3.6117965584334693
4.3237529952394764
2.3340707128745479
4.1153315244490791
4.2450047093904919
4.3190975392890971
3.5828836950925398
4.2369042892197646
4.1805378551066363
3.2721093461133477
4.054427018503926
4.2137209447822102
4.3310582104654163
3.3694734574100709
3.140803110514383
2.3170992229706946
4.3326140207571946
3.2616660801230171
4.331406747205671
3.6821037194168422
2.9872943456032619
4.0966101995283868
4.3343066542780733
4.3321332313903964
3.5571274852000951
4.3242459020574575
4.2827996528837478
3.7232237139537481
3.5558168544411828
4.1481702851082343
4.1332346738138934
4.0752342671559774
4.2378782822791523
2.3869364199774186
4.3050701295363876
3.9276658944474119
4.1787999991314653
4.0926532164764149
4.14317528665525
3.6151167033879403
4.2514422673713703
3.6428778980527827
4.1731125217727119
3.725567733266081
3.7623942704991102
4.2491054594925233
3.7873584926272659
3.7053177922054106
4.1108382214127372
3.9752879576958775
3.7264141070179178
3.9399001015456059
3.7177269342760857
4.2688696838727775
3.615928523298638
4.3178639682582824
3.683108894881713
4.1671326469924201
4.2029919916764138
4.0988107261913758
4.0359188574367861
3.6109119042023292
4.0259069941752763
3.7451458992428583
4.1291832336032304
4.0715664002665237
3.5559204816026351
3.4208515336576979
3.9734038309415678
3.5569879440915657
4.3450186142285379
4.123626621217058
3.6627071953173456
3.7703225148089321
4.2474338993435845
3.8736420205483455
3.4396829107957894
3.796570948191349
4.0321000429514333
3.9400620673350195
4.0092066538356725
3.6473525807532767
3.3249644409731438
3.3218665333748447
3.7586340037722454
4.0943781729480815
3.1054675935964693
3.5279769815501956
3.9762495385514578
3.7796017110142803
3.4404399250983113
3.6574273183867869
4.1608815281681659
3.7990215260996676
1.81386234483502
4.1030536461431319
3.8809069156304816
3.9754872166274611
4.1019751415260366
3.8235997060603455
3.2150518996088913
3.8259904955387092
4.0399179859350758
4.2394478535935018
3.7406487603204908
3.8180189903850832
3.7325780121605208
4.1007896288838959
3.2924859984425803
3.1720303077527836
4.245749550077603
4.2401369919688978
3.8486595389395695
3.8509698768055021
3.8325411092556672
4.1848044148336143
3.8859854947831227
3.9008038672622254
4.1180401227918741
4.0117054499659952
4.053711468678638
4.1484759389618846
3.3003435251957414
4.1960677539575668
3.4151878572316021
3.881533471629663
4.21741646076718
3.3620846303913079
3.5291394104002465
3.8446756620575049
3.9864045619533361
3.6781957258166571
4.1214261184908771
3.5075728516220304
4.1122101252957739
3.2882205503363418
4.1019079030335881
4.0114688089434303
4.0203660850584617
3.9714582898273143
3.8249465016073669
3.7096613909724216
4.1623018784930519
3.983407677953863
3.4133769551742992
3.825654041997987
3.734382920845996
4.1483561912673128
2.971480522013914
3.6374813721716048
3.4023941686153734
4.1973829628830082
4.0414026310643925
4.1263552105435828
4.0459502484368866
3.9891571955626905
4.0950395241445587
2.2861047840783204
3.4353942407728599
3.9472046242044319
3.6897924241664977
4.1756669692923039
3.5094486001772514
4.3051266409377051
3.6677638452941652
3.6853498671114013
3.8809266090012624
3.8510752574980929
3.3871241291891079
3.954929491518163
4.0855089367453488
3.5573993257979879
4.0538910369209189
3.8776763232781009
4.1675648502511997
2.3949703236729563
3.9532501510332292
3.4535898410366603
4.0200471991499009
4.0827291467577256
4.225708270758151
3.9669291160354221
3.7853681127982792
4.1248281584508941
4.0484366106842931
4.1243041515575234
3.992975851407512
4.2600088117504029
4.1143739806226813
4.1702270599776181
3.3903880393820915
3.634811783745084
4.0778523742370671
3.9610309228010752
3.5197409982250223
3.8282142865904305
4.3347773055079575
4.34822647215179
4.0493512245681655
3.5191057064505533
3.3212653530269503
3.7138211093630562
4.3477468407453816
4.3203224845224231
2.8255803056379958
3.2960925818534408
4.2097818232598732
3.175376532608289
2.6474691834781252
4.3279728494513217
3.1552253705813622
3.2568053857022372
3.9337075092406111
4.3172300457823667
4.3481319753808467
4.3470835284860891
3.5510717283280031
3.447852472247841
3.4108709390746466
4.3479545947370717
4.3480737111192891
3.8140511246857023
3.4918183618854566
3.3646248613647778
4.3481512684799251
3.4058875944802414
2.6806674641187902
4.1163806965771421
4.3477868304178653
3.9880462348133352
4.321150844203272
3.9686461337856835
4.2150141448001932
4.3445037973522345
4.3454699437388093
4.3253599505169387
3.9160630682767237
4.0409854217455301
3.7993247808895325
4.3443057282895561
4.1183006650080527
3.7918424733829417
4.191107901698806
4.3256866862870487
4.2326524620374988
4.1848623938484071
4.3444266695003293
4.2633251391847651
3.8117411120305924
2.5628456995438973
3.7226380836814581
4.3445932941185932
4.3432296512441741
1.0192619196966017
4.016356279539119
2.4288121673690322
4.3463465295849373
4.3277192485442679
4.3291851427325181
1.1769829994484033
1.4972729576467114
4.3456704490311768
3.7462217391157409
3.3145378569903015
4.3432775122918619
4.0631094951541193
4.3454804910984803
4.3268209748051092
4.2438394816413547
3.3914067944111395
3.9392742037295365
3.8587267434515939
4.0955160250048559
3.6353266334734839
4.2555922401257611
3.3071061898906731
3.6689759153812083
3.6150205790456815
3.8225826911529031
3.5966097072563823
3.8147528357633926
3.863882002637602
3.8775632455460904
3.8763490633559101
4.0359238379255595
4.1637679904514799
3.392508639550782
3.7787869551861966
3.1711621828151277
4.1728702968330511
3.9041225791569358
4.1370212562740463
4.0551790412854407
3.5169024969023006
4.0708849667576503
4.1190983368485323
4.113150109865126
3.9445087910806249
4.1640879637988428
3.9009715037029333
4.1638608089042854
3.1472941763475282
3.5921132388313017
3.8458275228048562
3.5986973166161156
4.1288631744938016
3.9651775699798235
4.2083086685536513
4.1599660480313867
4.016614495705543
3.5917650368197696
3.3475387413706681
4.0171395658869749
4.1251645414878242
4.0300989025750571
4.2586940792972756
4.3373801140915198
3.3129235029114494
4.3449584462225097
4.0768530958609812
4.2904392930760746
3.1158420383731174
4.1433625195656001
3.3597482667441825
4.3480209270813246
4.0840637089657648
4.0862504443748406
4.1421475180786471
4.0958813651772346
4.1586163698972358
4.339528814067763
4.3315555472113783
4.2104226262280608
4.2503966252704606
4.2405851218023072
3.7399100318707537
2.7675148672078511
3.0711104368706117
3.3538172786089442
3.4486923101618556
3.6227095439064216
4.3353936172512437
3.8577000081524573
4.3305052901892411
2.9224654487631034
4.1277901468679135
4.2773679065554386
4.3151355778370926
3.9815775421929209
4.2256313435119122
4.2815401528395132
3.009448336429597
4.0894349826473233
4.1322981531586356
4.1079879219184781
4.1535391715019259
2.2334170000693034
3.6480622082103427
4.3250791228307675
3.6239532173796372
4.342638137433311
2.2475390003131586
3.5553716288166934
3.7188631421889955
4.3468191522454953
4.3481411165760351
2.17573288599971
4.3481482481710048
4.2919647083147447
3.8881905731690587
4.0986850751618098
4.2105020711665997
3.4866189301943233
3.9133177608715823
4.0898720023306359
2.6247694707078164
4.034859498151854
3.3048302846558446
3.7349689448051042
3.9114430094473698
4.0500564205520346
3.1580377158950124
3.8736394762822997
3.8350552769945767
4.0242155289027393
3.7031606546210707
3.651515868816174
4.2948884464578247
3.9182336540381826
3.6152449840774805
3.4192643458040806
4.3183296421807489
2.403643049365312
4.3302863443697497
3.4320920246589903
3.4924287380130217
3.6248933382936124
4.3165301673127159
4.294658351570269
3.4075941293409082
4.1104001203369487
3.9488363411486898
4.190906911162501
4.1631581723509177
3.6042309585320558
4.2213947180415774
3.9275375498577638
3.8381471055630771
2.9523084027915205
4.2966428848966416
4.2395001477991121
2.7350115902276091
3.6634731513238501
4.2301808464604926
3.7756316745584995
3.2882547463628624
4.3173450223426748
3.5314803735261258
3.2646356498048297
3.8473191733704528
4.3233264673241196
4.3380539565348126
4.3403023291085896
3.9736936927241002
3.4497112241571508
3.8275614700699445
4.3370076699570301
4.3482265065105983
3.7969077913546783
3.876221952511183
3.752503300776596
4.3412803953089547
1.6751837822578619
2.7965475794384718
3.905643483827494
4.3124077418309259
3.7868093924942978
4.1601998747783044
3.810416513990373
4.1556533019566269
3.630189104797128
3.9635457594379577
3.5982735240362946
3.1012898511238816
3.2286707592681423
3.3890286425360552
2.9922554156160475
4.0545359300738664
2.9239155872284961
3.1785950692051128
4.1267028635759608
4.0234926193500602
3.8529186881975801
3.7199769492121306
4.0321015744069548
2.4625336100061186
4.0192621252086225
3.8891625350958439
3.6082264050906101
3.4786257276871013
4.0088488004213891
3.9821030977066716
3.8130909780995719
3.8330236638533264
3.4117113171109854
4.1075881632053095
4.233303644789463
3.8089878453773864
4.3254572234818491
4.1642658438320508
4.3339549841625651
4.3316640827663981
3.1238805414867215
4.178254560529953
4.3366643021528137
3.942746060705054
4.0366900211485603
4.3328560290580169
4.1047655667088474
3.659344939544162
3.6992574955984754
4.2708379574742104
4.3390417638267591
4.3343251052196026
3.8619773875512462
3.685639861694618
3.3560179395867817
4.3302685354518085
4.2898517666913678
4.2253107404574308
3.7665483005534068
3.6483928295445209
4.3380883210709458
2.8714092555819941
3.0915090030458527
3.8537383408834653
4.3291919028487733
4.2546150476044069
4.2121869924096282
4.0323462981711096
3.9099083176585014
4.1895377227355484
4.3304946833425531
3.6219739377850364
4.2926699006656159
4.1612327636393847
3.7828091395364725
4.0303469458857748
4.1347664956728885
4.3058320650390476
3.6086774431897224
2.6975937805458812
2.6018619838045054
4.3136177585783608
3.2374014646394027
4.3000111704295465
3.4028871447235578
2.9739206666799318
4.0786595629575197
4.3432283621285226
4.3312144057822017
3.1342923814792765
4.3416916650584643
4.3075057191099404
4.0104589656824015
3.6535270549712258
4.0306835802291374
3.6342607095789368
3.6327925401206853
4.1282782357684766
4.1856040504606584
3.6530536352246217
3.9565260622796914
4.1953446602537188
4.2819420421346965
4.1778422653486755
3.3676263559996613
4.1256309303215346
3.7395890632320818
4.1772496423122334
3.9358813595075981
4.0049864950739984
3.9059735386036092
4.0477283583915167
4.1929293539738151
4.2426264689709603
3.7823950396930122
4.1510463070313817
4.209125856156767
4.2543375394097236
4.3255340573519474
4.3226182480890554
4.3408357507696138
3.7188943330135151
3.1712916571791143
3.6199267182770742
3.5455345483742966
3.6485125827519749
4.2547606604722787
3.1105419957362352
2.9343971599151097
4.2257801112120816
3.2280086294474004
3.0210097946164245
3.6242556810656246
4.0918463798702884
4.2823616689246071
4.2506555541622104
3.8563024736986042
3.3160893312496751
3.6389969137038265
4.2834956340371688
4.3118428117407577
3.6759619878171761
3.626098276053058
3.4621118009529783
4.2787027722584652
2.5476378284109158
1.4645976781639936
3.9543726842090856
4.1400659903168977
3.7400882603935792
4.1142099243937045
3.9659737531536319
3.5957519331807886
3.4130897699674709
2.6624976424360867
4.2054358725123944
2.7863105496817719
3.9387706769312474
4.2334247375509602
4.3194541586384396
4.3201830871851037
4.3352180343280402
4.1007287114011621
3.8020786416903194
4.0788736514789514
4.3130449029234121
4.2951225571765086
2.8243845986609601
4.1040375031533554
4.0838492292625244
4.3287986410673671
3.4918467840844105
3.7682676834774584
3.5256275146825158
3.9997133022262816
3.4452776584537084
4.1778438931972879
4.0291989988674066
3.9676377120396551
4.0005889684696321
4.2165451556437556
3.6201684372238714
3.8345544406440011
4.2255371538897339
3.85003122239211
3.887515670022744
3.6921872353041874
4.2550486290886687
3.4725562419906932
4.2789585557483925
4.150780757640069
3.8214584830788332
3.7652752141607442
4.2543798303162097
4.2725999804676755
4.1578478623271371
4.3268452686571184
4.3092508279436261
4.2700588003877726
3.970888827989556
3.6092396399224627
4.1754878566638993
4.1208677018801607
3.0582585697409761
4.3087979381777499
3.1734928769701334
3.2417629309082532
4.1692456460503493
4.2507258467144799
4.2425207604236501
4.3162712516830446
4.1929442781716313
3.5932405475164928
4.2046314920150927
4.2272747180602375
4.0168929132383564
3.7103456472563572
4.170320682442707
4.0905506755082772
4.2849637053728529
3.725311827272471
3.1155851735688174
3.9740055032723456
4.003067202840108
3.790815486308083
4.2403886194997984
4.062344487185527
4.3131966135224866
1.6891053682377009
3.3755177635817439
4.2249538991056461
4.3425828896343193
4.2576391742286921
4.1793324959981755
4.1066730094368742
3.1348201174318042
3.9152849111812817
4.329051381723219
4.0637378772932546
2.9582541524123305
4.1252497085246951
4.0165452350605841
4.3247234104930392
3.0875995458395074
3.1127719786693282
3.7448882081614547
4.3411319431691426
3.5995220322862989
4.2738404717602432
3.7832112115701517
4.3375512402871435
4.2520283098086979
4.3465928283553978
3.5979314214068103
3.1256249038595132
3.6765528999504764
4.3454766842001931
4.1515273315484507
4.2138116711732607
3.0025330360602465
3.9746764923906173
4.3420208685036448
4.3418061983399721
4.3047918274532586
3.0565291346117882
4.3446771871438763
4.2675196202028749
2.9566487187998254
3.6974508160051114
4.0289405555088633
3.3312901528632048
3.9915829014909119
3.5393343433637687
4.1872571483054353
4.3258267653653943
4.1652583346971923
4.0356628433264436
4.2070031424088707
3.1385105775798592
4.185139399301085
4.2839991991099495
3.5902823556145771
2.4861644435630454
4.1930277342518698
4.134391637591408
4.2966050189608476
3.3351363332052109
3.393758032749405
3.8151994872341688
4.3482253275181808
3.6441332759200389
4.3305329582924026
3.9780469299012906
4.0385605560123334
3.980403770666801
4.1403127708809997
4.2151493556752353
3.8624728008676978
3.1153018007196009
3.8537574681287898
4.1777076857101889
4.3064954228716577
3.7055830957234241
3.8443274247152845
3.7441173984395602
4.2284972716448586
3.2506488397802977
2.6680958014025338
4.2064040624239034
4.2952574842640567
3.8684707097891455
3.9345943407222186
4.0050163380638013
3.9224358148944249
4.3394191764048564
4.3246753096744062
2.6323276090137213
4.1865055571979131
3.0130634784948449
4.3477909464900284
4.2750500489505514
4.0028259032227878
2.5668411680768219
2.6596605781735936
4.3480151651851218
3.7126420853060709
3.4333751445246161
4.2523227997946691
4.0676059081375948
4.3332716809911993
4.2659891033258148
4.273413059011153
4.2470480897046263
3.3295174058102521
3.6401251713802463
4.2114992305016612
4.1093931218039961
4.1110430251357712
4.0047444909220316
4.246121491650289
3.7028935263966698
3.8117889058388794
4.1914064371245541
4.3480549374955997
4.269958920721205
3.917689294860716
3.1310099602369621
3.8888151100111839
4.1999817260514805
3.9345758881395629
3.6012273943990656
4.3450155555632106
3.558068967241613
4.3482231082177849
2.2861137518022367
3.4029797553558438
4.1579425446853087
4.3482279844107223
4.3481916277031143
2.0895061536563668
4.3460106851145746
4.292822104408474
3.782257821253066
4.1222150716960106
4.2799570652140053
3.2864255213992366
3.9791988114681396
4.3059359155541648
3.5608360692049219
4.2875162729947887
3.8817400125805537
2.767006730123168
4.1518413471307074
4.342877358922566
4.3273572646383327
3.7531203286896355
4.3482078906641748
4.3146787562014266
3.9026335108086641
3.5474197380329255
3.9729657132433092
3.9945222965516334
3.665477418597527
4.0224367964319701
2.4212936928502966
4.3479653063072554
4.3424614650343738
4.2884591320952943
1.0188246546250883
1.5674721433450571
4.3479213190753647
3.8625923852979627
3.4427677783427155
4.3333516931697122
4.1307022064506702
4.3048791853904342
4.3273285127549013
4.1516595142587187
4.0291308481727004
3.7684209057381248
3.5000210638434917
3.432865118528226
4.0049335902845415
3.9325812381897891
3.6701820973531727
3.3490300640336428
3.1545022449814817
4.048364790363947
4.2613260139828437
3.7562357558024786
4.3146539240013775
4.1417964809274732
4.3482269362840791
4.347421527177052
4.3006978465323238
2.4023608068654401
2.2074631406008662
4.3482264537900832
3.6663591463692864
3.2254090323540323
4.2208721000009399
4.2152411111014008
4.3055443056041405
4.1215544991604833
3.8842184146974255
3.6943720088666092
4.2340957142577862
4.3482018384931225
4.3476273535783188
1.0225071195609534
4.3471494874585295
4.2723776562956983
4.1011871641808613
4.1990114064095279
4.2360218102861946
3.3689754189617038
3.9857116845363669
3.9760505455427553
4.3470591739906919
4.3477892043631021
3.5385988577267664
4.3482267603659039
4.3035308330732205
4.26480751059177
4.1075867182358943
4.2861397146315552
4.1532182215629492
3.8227461282651132
4.2944545299372283
4.2746506633755699
4.276393284854386
3.5363407449278275
3.8290143315171767
3.6959309884092608
4.2732775246064163
3.5989016597072667
4.3207626536832384
3.8373053743135479
1.0
4.348107732258975
3.7274356914203293
3.2173377791455176
4.3363911866747493
4.1318551169184694
4.2754518356973845
4.3261862094772452
4.2521749097257313
4.3475459198557855
3.5772200031771448
3.0322789327476309
4.2881503922439821
4.1071894786286016
4.229468261450652
4.2952027276829945
4.1492304961286335
4.3469744395477772
4.2749083702340034
4.0456836478166061
4.2299089149285871
4.2716889933672082
3.2932125773349479
3.9822245976234587
2.4726776968906576
3.6602545113047937
4.3482256219461011
3.8097154150210328
4.2297475665938249
4.0120677393879509
4.1502829037238822
4.336035085550777
4.0450712916753169
4.2405498287933003
4.1694596070619054
3.8038907932527644
3.7813243812341559
3.9609376964423468
3.9596072912247084
3.1518442501256194
3.8624968061003617
3.598353604647611
3.5831678416929273
3.2090655879283303
3.5622666454526737
