1.8599278857291737
1.8763963764191554
1.3315203592555493
1.8108645812720583
2.6195959277836889
2.696748340020716
2.7928703576994258
2.9077574654278924
2.5604018869656837
2.9795801382015314
2.8904390506242112
2.6522601176466787
2.610458497738279
2.2245746815099072
1.9538426116609491
2.917963695863111
2.6373312445747579
2.8832073071110678
2.9443705290915041
1.6191524889454523
2.8385816373602681
2.2729647568900488
2.738925291684009
2.8688870408696667
2.8603483340337643
2.412323249087085
2.9825201557268972
2.4231145590339467
2.6522412496102343
2.3343190468772117
2.7546538094783095
2.4112630037382341
2.5581255894208281
2.8598291320227212
2.4934933584155123
2.3846492962559269
2.9449998229867091
2.5157294643615065
2.7499935901844004
2.356700566364434
2.1744096228486942
2.2445974045437467
2.8389288109199571
2.3775616971125184
2.7191541455721522
2.9143133746656149
2.4673441059610979
3.0172541637340351
2.5901710917270053
2.7580904614028308
2.761990141151017
2.0834544068231122
2.3450896276098012
2.9261700706057163
2.2605268019770408
2.5893299523458531
2.706331764492321
1.4855084148633053
2.723126938105203
1.6968137611118994
2.5855839306587942
2.6265289413163351
2.9946005089626992
2.4898329770395047
2.9934895971679083
2.1512709422747043
2.4247627534204033
2.2281735343975715
2.4117354243774658
2.2620708932938416
2.4301000443390337
2.7065302865814469
1.9036151988611569
2.2820218077944792
2.9769741069428028
2.6641073596221894
2.7601422288225832
1.8789874690154618
1.8477237035059302
2.752324467208997
2.944980099217982
2.813608840905732
2.962384143625759
2.409695662683061
2.9195679341739509
2.7962785415420961
2.7529268098057638
2.7596511584537935
2.6099394168397931
1.7808936427234852
3.0459965873538781
2.9023690328722109
3.038941552377298
3.0475698897268448
1.9761582784393821
3.0168327811930653
2.7322249877473719
2.837739309035284
2.9919973064174283
2.7437983878527556
1.9496729292962991
2.9653750709438351
2.7398833217120537
2.4673891959764402
2.2598033340311163
2.9483586119164031
2.1993984948170864
2.6822943601606024
2.9179757169370193
2.8547516124940882
2.4711166947750298
2.9449548197042414
2.0857308656873466
2.8243302546350719
1.3487874554009218
2.6838638051972681
2.7979308650013275
2.799926147575321
2.9449988413579566
2.6467218672642008
2.9517156109023857
2.8963097871234398
2.7575635105875582
2.721207637326982
2.4081317299301643
1.6628296725478835
3.018206181791832
2.7564503207072022
2.9485333317899873
2.9889068418275957
1.7145189151508129
2.8775798843994496
2.5030034539709569
2.765657551535905
2.9464279236437632
2.8583203517631164
2.1243988846324657
3.0121428171210565
2.3592399579828207
2.5271512213224785
2.294458563211383
2.8762810172717921
2.4088204542107565
2.4785888882213496
2.88682724675835
2.58186331963145
2.4677268551961062
2.9725249856151175
2.3424042026549237
2.7456033048988644
2.7605048857492713
2.8351050124650672
2.7327919569786081
2.8763104621608546
2.6825780564986896
2.9695651638676495
2.8800538801588473
2.6230637384057292
2.7072013241427042
2.6876950787204348
1.3998247748823831
3.041027226577246
2.8765267637008742
2.9815772393488378
3.0123201893831051
1.9069534164225981
2.8886977822173563
2.7082600647002519
2.8344184106932153
2.9335909127849971
2.781073418696085
2.030767956877733
3.0173317047989019
2.355861650408007
2.5250296886049624
2.3809700651227312
2.9331823748171097
2.4739190654563648
2.561145390962781
2.8846203526799123
2.7080275667113143
2.5573406908095722
2.8798675700496337
2.3343332380086603
2.7442057285831489
2.7666089823807289
2.5915194191001145
2.701232332865767
2.5674766683727461
2.5443364268603843
2.4893380653867161
2.1528599064907796
2.1694653302656257
2.7894176335092937
2.6975590127954443
2.7008571291865251
2.7792864578548837
2.6796502222188163
2.5356272608989232
2.7557859803495153
2.7792313143935399
2.610209437038737
2.7590292567519814
2.6034155310219207
2.7349905317850638
2.7632991532692266
2.6700857665574427
2.7203378013518202
2.6910090482543878
2.672282589508387
2.7229853340430217
2.7678184846049017
2.8667445711726907
2.8137789645058544
2.5989649454815322
2.7800092651972292
2.5757256117623513
2.7232749197820372
2.6957861190840378
2.7612091236577916
2.480694642455473
2.6612369884348319
2.4653568200145006
2.6691884530049501
2.8385619487468339
2.8798603894464518
2.2308474061678685
2.8890041643242252
2.7625696220984275
1.9857410194556584
1.7393057644191203
2.1001196836578711
2.684193978854525
1.4009047596246966
2.4389088739813407
2.6440142264355511
2.3318612028026959
2.8721682891886848
2.8926759016822192
2.0654461699526614
2.7160661012895417
2.4895507388490223
2.6827923479496878
2.1243456384922452
2.7791600998437911
2.4679755740048428
2.8781243451473477
1.9775900660288572
2.6967972277981294
2.964082000214499
2.7725986823094071
2.4665367544246721
2.7321077264592777
3.0057694628031042
3.0178956719038359
2.1997352043695919
2.6768744258521227
2.3858906809205127
2.8125632260741948
2.7957179673216852
2.5052052590373686
2.5491892529019924
2.7453175852477854
2.665597473427924
2.7647817594465489
2.9875963460477659
2.7212846170284202
2.3489968644813879
2.8048895303680128
2.9808447835973473
2.7908929423371021
3.0486402000461932
2.6115676453195991
2.4006745264096456
2.7669571563883522
2.651545499862662
2.971731113962039
2.9814089543397611
3.0204059862248656
2.7425192726434418
2.8721244846810601
2.8821801876168469
2.8458621207965895
2.9813606297919786
2.6458776363099332
2.8224487549520729
2.7253291687048415
2.7871098499126408
2.5820908631879136
2.7411792425629753
2.9315862476617482
2.2277515861926847
2.5984761466535891
2.4878158107935611
2.4665875830725317
2.9559911695129149
2.4095606211819045
2.8924358569460247
2.7044238294573173
2.5683061950252881
2.6202828211648277
2.9389103816613056
2.3731274775132993
2.5396172834641386
2.7674835979673218
2.8952000226139938
2.5025889269779746
2.7774653606541539
2.5436436544314391
2.4890479365005418
2.8654597018130872
2.7585689432887719
2.6540165450722508
2.9062860856369128
2.5336707372429843
2.5923987262413011
2.9577068659326362
2.5362055542716466
2.8541501678618486
2.8845752864613399
2.6811422527811799
2.8772781295432162
2.95859596431941
2.923708559447161
2.9435937911902208
2.469196533508228
2.7322735438552708
2.5639483663631073
2.696021460449014
2.8491519625971624
2.6242564040260556
2.7198350421031856
2.5528418809205271
2.9394483960744333
2.9882727140145446
2.6665118195251627
2.932872465730568
2.6908873846184789
2.6743117482222649
2.9382926346008302
2.7203504643820557
2.6588169163250188
2.7843684336455352
2.7528407527289249
2.4968930089285157
2.8826741363329527
2.3229298190667609
2.8811792845226019
2.9549679486741041
2.9275794271026854
2.8251356940221362
2.8415594376849818
2.5552435366804587
2.6425185386105863
2.9924300728796185
2.6161658242811741
2.9060513550690841
3.0320291113360667
2.7761955546210384
2.5272984454141958
2.9842269241987482
1.9023217010232931
2.9776336766494373
2.9975105360371344
2.7375838870858167
2.8837187515665934
2.968034209054923
3.0143398766120404
3.0463123203581146
2.8621222296944606
3.008092115567262
2.476003872392007
2.8137560951540022
2.6857213174769154
2.5725515320349546
2.6591348109387893
2.7299198255221304
2.9286698885989568
2.6137354718245329
2.6169134636152038
2.5593189475118194
2.4995989308966804
2.8584180826859149
2.8831853376831207
2.6390189254668757
2.7673019534053038
2.7701731222819936
2.9788435847402748
2.7921759555620702
3.0446460346697157
2.7716094307720942
2.6451282907474147
2.6563869972978034
2.4621485925800255
2.8711407008079859
2.9898330242796649
2.8038885847997257
2.5883598221421744
2.8802452130234721
2.8345071357532117
2.6809171414350867
2.9822874886524313
2.3251904145719315
2.5915503916936267
2.680464668094531
2.6189771687026604
2.8449554970705067
2.6902285491282658
2.7096861152130982
2.7596039623745865
2.7702280286283782
2.6598764493121738
2.8959318136925098
2.6810264268404458
2.6054311650081567
2.8183418641026745
2.5293818482979007
2.6840973297150286
2.717922625746156
2.7482747811857915
2.8501889197988928
2.7331237737308873
2.8113111132551558
2.9033267483942589
2.7090903878632036
2.74716312852419
2.2544545321125944
2.8161799670911933
2.6990623555226656
2.4923734562850184
2.6848766992111548
2.5209577882383476
2.6681989958264491
2.7469058346002417
2.7508527424206748
2.6911284777076623
2.8172170363892404
2.5516532643327001
2.5321397835668567
2.7054929270471835
3.0512170840754043
2.7992963259013384
2.8152845553482448
2.4993225764055116
2.6251651750072722
2.4902380680275975
2.7670814204587066
2.582092460967961
2.6418457530867387
2.7837844574001158
2.5876252592525941
2.4693419746794976
2.9554877182180017
2.826159593983542
2.7969269545628541
2.6305213895377317
2.7228679445634523
1.6374499349041511
1.9953821260306146
2.3293435987666684
2.2874969209123899
2.4732867732429833
1.9109204457175961
2.810818020053921
2.46737298100056
3.0202012529733762
2.8393272570589239
2.9155840969468958
2.0293853723628623
2.2436419690750924
2.1728532136557437
2.0456247194265935
2.1372566856446134
2.4093258501700925
2.3831795926591659
1.7628254868725801
2.1125213236493812
3.0436707571860251
2.78106685037418
2.8078506345985494
3.0549806372036499
2.7830307709964073
3.0071684774709118
3.0335429817711601
1.9614671481370141
2.9650655930154843
2.7696334987526416
2.7972703476759508
2.9470786973648408
2.8064174861753206
2.1661413216581482
2.9989675887623237
2.4072891782518351
2.6674453724258287
2.300474450844189
2.9491816623903944
2.61274832826158
2.7395292236021467
2.9853042200587274
2.7397288384026997
2.5013186548444999
2.8466594112559278
2.4233507972973372
2.7351172654873661
2.4549161679370566
2.3036871593081769
2.0768611669280395
3.0305808211632046
2.855037799387409
2.7843308099004966
2.4636360469330212
2.2808535561611012
3.0213725522684665
3.0560042754432644
2.9080501287123468
2.5892234039168072
2.6813266809402383
2.9152590205651423
2.1176064157019128
2.9028366134173043
2.73950041575505
2.3054234334349823
2.9570157767092793
2.8527573666471486
2.9939511832122609
3.0570937648785881
2.890134589449485
1.5191569015828366
1.6246151875363439
2.6419606721344713
2.4220635090542282
2.0358300808145851
2.5039618052100288
2.0082629727027559
2.9888643021399397
2.910025904245499
2.7716071839896301
1.8442803871971294
2.0188714072394065
2.3069167157114872
1.5418250969939591
2.3741896433436507
2.2618483559565798
2.298171535397731
1.928343826432914
2.3326426135845568
3.0299649440313798
2.6940522928272861
2.8206977555886881
1.0
2.8549793805810939
1.8781020991182951
2.2657622021749182
2.6185163982022339
1.6804885456541352
2.993604176250233
3.0015976809346903
2.5261320498939566
2.3797375531981992
2.3071992530243448
2.519892940437594
1.4863182851249535
2.5469201958373371
2.3780507606738217
2.4701328902419135
1.9525926631124835
2.4684414573660072
3.0468369358179248
2.903366021257987
2.6650080150978046
2.9260296749470456
2.2558026081423095
2.3921861930823565
2.5281525547695005
1.4592670920235051
3.0027386833424075
3.0088188408809802
2.6271633465895454
2.4015497949368663
2.32386236777874
2.5995744301617409
1.714247279774143
2.6694554398744033
2.3926267854580683
2.5048621260376698
2.2651157573083847
2.5704077399367065
3.0360874696906874
2.8778739197888092
2.7035906859491488
2.8182299185139938
2.0996644111689755
2.5271463736368975
2.6827956026791657
2.9519611407274482
2.1604529504866163
2.9913481222791867
2.4083823025783473
2.5325631002915086
2.0020107831420386
2.7530658773333969
2.1498187574625973
2.2823151634400491
2.8205790107025677
2.2650453414111129
2.017942745207161
2.9391388038422757
2.5759413063811105
2.5321538438657067
2.6196996963673467
2.7318272658167242
2.224033252259034
2.9090172148830504
2.8597910967607096
1.975783744851749
3.0097426371535447
2.8173726830888337
2.7921037394364983
2.4173976348099018
2.7175326881394977
2.316198067067921
2.9659080485353124
2.1760122940482614
2.5999085821138648
2.9839206214801361
2.790818173695413
2.290337372352083
2.4188464098161249
2.2072379263225597
3.0033539792803383
2.5788303406864252
2.7367494913883115
2.2017532911456779
2.3629614677068393
2.2649083623386828
2.2693432460262755
2.2271399073606299
2.4029858321738282
2.7177564806597196
1.5466847168192548
2.2015106731212191
3.0455342059521158
2.655007164377011
2.6022406714368147
2.2496720371039634
2.999706587412748
2.6714758852242313
2.6703156698376076
2.6678232275885283
2.5853974663297246
2.3216975706891927
2.4766550400037497
2.4473954528852291
2.1407028240665311
3.0533650362696303
2.6869431750109425
2.197127616956283
2.9247342311020517
2.8243905996987988
2.2147623539181311
2.9677223235985699
2.7920217172152206
2.4614812901226699
2.5803175490083583
2.577634474241604
2.3682887775878152
2.1932464703388308
2.3038775005120464
1.899490549332058
2.6612803600177579
2.3312810834702402
2.0035723278451489
2.9945653024340939
2.7375086429448183
2.1615947944125566
2.9239901360876925
2.396146532835842
3.0580101090905907
3.0296080391544025
2.7771721057397984
2.9635403323774239
2.9668616450511203
2.9827102240192009
2.9209188994399757
2.9920411230594608
2.9007840463268821
1.7710027766044298
2.7800408407911714
2.7241278546781933
2.9612234321692776
2.9678387818319316
2.4590927290656253
2.3445279614193986
2.8469943377821192
2.0016918677523305
2.4178874642777877
2.9045925541105104
2.8210828770358192
2.4585018980372624
2.876002072867518
1.642479243891368
2.6362054307338569
3.0586869038166871
3.0034784594637944
2.7641948983105671
2.8726720844868612
2.7432303992051263
2.5361438926439233
3.0451896770906246
2.7263129595030859
2.7402215871013267
2.5138516612942006
2.7937675008025611
2.1180232293858396
2.2406303182420686
2.4924238828317473
2.2476177042180487
2.4837364067731165
2.5030882829013654
2.3111270652595821
2.1567024683257578
2.4730901933301839
2.989637961672039
2.9174016810710541
2.9234357175564085
2.3382610487810078
2.076278414762069
2.1774533390804014
2.512721451046974
2.5672481654985089
2.2560410744771042
2.5309823401217177
2.9866171398492622
2.5548848407644664
2.9738578365479587
2.4575804364828921
1.5221611642719568
1.9749039832684041
2.5707927242701953
2.4263261680638832
1.2110960769750185
2.8033614727386236
2.5026268014013988
2.0614285829438916
2.4774524560655671
2.4267118378948078
2.0376349053402301
2.1670755378217517
2.4256561151225293
2.9453292690153701
2.9244777644689517
2.7703983577951199
1.6979386137886248
2.3721783942200343
2.470209587561575
1.3903389662936403
2.9569556508948911
2.2940692403013889
2.2637921468204034
2.4915373557001308
2.5396675629819683
1.498635123820041
2.9794252538305956
2.4983630633675968
1.8043716750984897
2.7400533389494681
2.5260338473131876
2.9615027838512265
2.9119452831846044
2.9103024903041153
2.4348016222208004
3.0560910101920427
2.8015648467110292
2.8034341712724133
2.9064185639948139
2.7578290697697794
1.7389897717941416
2.9432625648849928
2.6878785506754204
2.8951427170751249
