8.0300219818974696
7.1748294850050387
7.9838501998305782
6.340995578479272
8.1179640720989283
8.0323013166238564
7.6128840243895004
4.3571012419378397
7.9042153967746192
5.413065538602333
8.0585337172616835
5.796192323241967
6.2781805211240052
7.0708725319589796
7.6315767354907766
7.490787025014229
6.9553340312465641
7.6180646311603217
7.1094496328439138
7.8110837208343904
6.1374634666946335
7.0648639156457058
6.1466181193115421
7.2209096687841692
7.0507362182990443
7.6487801717094674
5.9190129623260201
6.8963637400770068
7.6464564362115084
7.9849199652396967
7.3582056392490571
8.0714242573611905
7.569784278349232
7.7927037202311373
7.1350398094906469
8.1113156039702918
7.0247600420641056
8.1210840869627159
7.9542033031906083
8.1282135060453982
8.1231378413802755
7.8296909272425337
8.1164807434840736
7.5723071657679304
7.1705473220775771
7.6717669479024133
6.9389305185459582
7.1753067918129165
7.8332005912095459
7.263956169934767
7.3791828122692253
8.0221746907128786
7.6391918747384251
7.0056657835934351
7.8688044467654761
6.757628704195823
7.6474557838788408
6.6655629345879008
7.9171834756996429
4.9642221591694469
5.5697212662283624
8.0548541825425986
7.5568549039354762
4.525908282113094
5.3105663569832311
7.7887345757527564
7.4952808417335364
7.9775619233909394
6.5337766962979451
7.5699582641457752
8.0829684115689897
7.9417462400207421
7.3726722517957928
7.4320838807203966
6.6421179643211019
7.8219253491494243
7.5476468615454175
6.2416925689896594
6.7590741986480163
7.9244282372481658
7.76550349459073
7.954622002926734
6.4331296591479772
6.8692923089977675
7.9244751872822716
8.1189314939985895
6.5064149066519823
6.1782255110212079
6.9252278033616141
5.816808921023636
6.4664146835207799
7.3610283422001244
8.0057818569692287
5.229408595383263
7.5964308688824591
6.8974039943747325
6.4183280301190049
6.513189238647958
6.7484372603785969
6.4255537432826797
6.5737534830393107
5.081003303896547
7.4180122260013741
6.1737078646497956
7.0145559114621561
7.4306979514016369
7.2541678539247751
6.3422701173684564
7.9519263540075604
6.6656801725080186
7.9972594053932546
7.9914999295719182
7.8870703347831954
7.7059593054848783
6.8825278885656918
8.0198504510282618
7.4328212119458339
3.7104455312788143
7.8337382009686101
7.2672545622350855
5.1731531829718378
6.0876522628838581
7.2409955445390448
7.5982349377583001
7.3074362407080704
6.8697992194459436
6.3689943235237134
7.7175190839311609
7.8299920065605795
7.8233354402130191
7.2972351949461434
6.3974445731937637
7.9005039620871456
7.2879146266997461
6.5355074210161828
7.0472166763134183
7.9452399816803529
7.6424335323507142
7.8373371992023486
6.3140343927136549
7.3023522512164476
7.4811726075507385
7.8238273545291195
7.2594609404475294
4.3886646807204555
7.0589126735487344
4.0985454569891795
6.9357721375877679
7.7999067804916438
7.9007333427710451
6.5406045687761978
6.0914857107187563
6.2766536915356319
7.2502895430782992
5.647350470374084
6.2205879428400319
7.2980294081711525
5.7561309142432853
6.2369266311484219
7.1397660726620522
6.0947544046564808
7.3657422075671128
7.6612110962696702
7.6348633348319259
7.0407891301129446
7.6651595476082512
7.3758662504137256
7.9834507449716909
7.5195449737418967
7.879225439993589
7.9346794732992327
6.8058945520798391
7.8951936014475637
7.3730942221572526
8.1263753960609186
7.5701449438160626
6.1863363749451725
6.6306310310704299
7.9021412040565533
7.4277092382662273
7.4650547650525034
6.8045039573705894
7.039632948970147
8.0835923332892357
7.7587055455874143
7.9797773638378802
7.0842906161800627
6.7959542487050353
7.870301652369724
7.3895389216230898
6.6314476785155172
7.7833037415397728
7.9715623471506669
8.1249409896384694
8.1053707853406785
6.477337541597687
7.3588208831715836
8.0907927417310663
8.1336783593281154
7.5163708745932949
3.4252786715523698
7.3563963526968363
3.704089510489923
6.9158867886015285
7.9746515959489104
7.9498860538433638
6.4082350968237831
6.3026347671044984
5.8513931579929279
7.42690707724657
5.1535469978551003
5.7746370331785624
7.0672762170607495
5.2033345991851538
6.1164389368825978
7.4562224328173698
6.1054541134887286
7.8065717572235362
7.7159111801233164
7.5237873355125489
7.0914167284938063
7.7924859011682654
7.0095565189739153
8.1149951460179892
7.9529417794683273
7.9729354115413873
8.0342772186336884
7.0688143628095066
8.0859992975073212
7.4632915954315084
8.0103821456346882
7.8649091100574164
7.5123463560075887
6.1278094632056668
6.8851931567210238
5.5721481277108946
8.1335900206755749
6.6698655371167579
6.8658814200582494
5.4500873731437434
6.6767815662865972
7.190731918696069
7.4357614397933203
6.6367465252465481
5.5683740052176374
7.8317283120159162
6.7747219320046232
6.5386892080018288
5.4042752816880864
7.4831524234680096
7.9422734204829952
8.0806440180731656
4.153332428839307
5.7844971718909717
8.0209298915990406
8.0998448270474999
7.9624833049864137
8.0970365917543585
7.8734428926208659
6.4309250194499521
4.9689743734948504
7.9761864688842428
7.106711940355356
8.1088431872424778
7.1252335662702704
8.1085980037795373
8.1112404557945528
7.9812314981019243
8.1142489967999971
8.097914325158623
7.7209406511225236
8.023330152758108
6.8741659044130472
7.611882570955621
7.1727978517266635
7.7260680180238674
7.8825645668582567
7.9318363496308431
7.8073872645301901
7.689967021668151
8.0179851793984032
7.0136649785749654
8.1350733758076785
7.4472579287462324
7.5028991081886094
6.7322611339185485
7.8198799406769233
7.5658822982435501
6.4242119465443235
7.9663624449441715
7.6873762873184024
7.2675770009996405
8.1188350411224555
7.9211539564982703
7.1982704015070773
6.5555819938309652
7.8042982747303027
8.065222703265972
7.8571817805415938
7.3490346701018767
8.0931611482440307
8.0779478262498099
7.9881593030537541
8.0556247017932563
6.7463040421870852
6.31396250142335
8.0663861190128774
8.1186175402878931
6.7783499800360021
7.6265920778100265
6.7474770298214626
7.2392761621141748
8.0141730754297225
7.5164000701450231
7.9679410689921326
6.2294819435806232
7.593954830603038
7.0060813261282036
6.9283939646496515
6.7645619791356166
6.959868075914013
7.6362746241451509
6.73798979795958
6.7557247017559101
7.5063318576540468
6.2245087167820934
7.9269177054092141
6.5789343664163411
6.8561898620037871
8.0396348855747473
6.78233922355356
7.5475977286543889
6.3814608377549753
7.9971079834864698
6.9778930123363283
7.2148202865844793
6.0222572734231434
7.4804667817508967
6.5771287141454993
5.6226197025547693
7.6514073979248396
7.2642609819431323
7.8956174963165608
6.5242931125174231
7.3751185690835035
7.8382179456127545
7.7804491054910256
7.4325723329473288
7.4358962063609333
6.4364771640542315
7.8433213039115737
7.2745966486925751
6.2123161309496959
6.9676856765570916
7.8851234372093399
7.6109185261021191
7.8764102215178804
6.2795823483875779
6.7109682330915925
7.929907717043549
8.132749605223573
6.5034684179647435
6.1837485296355821
7.5099757453440468
6.4844457268331563
6.8218878564199636
7.1882679457492253
7.8945629313831356
5.5740058727880974
7.6508914289671646
7.4202946036262887
6.6206374169109035
7.166152952248348
7.2247809982519851
6.5889164837194159
6.9912663323366759
5.8983235025750407
7.6384120434591063
6.6128922058476016
7.1082355364287997
7.3329886710022096
6.9662321862723848
6.6082001557758598
7.1180350601533835
6.6448353655886097
7.1754288020401296
7.6224648836372371
8.034131887090231
7.7890534919011376
7.0405944109302032
8.0809802559246453
7.0908933268029557
7.867766255732767
7.8990757423868931
7.947954206835341
6.7283371847166382
6.8880233138795388
7.66629079658032
6.7185237105914313
7.7831942453306073
7.8450595420074798
6.8875067258126705
7.7012236153904086
6.3122244911647538
6.4464198247724562
6.8747867098241837
7.5909872414765927
7.1066069496534663
7.9617235614563002
7.0849946555407906
7.0432010713252717
7.9813898842184168
7.0501595323674007
7.0956341600281103
6.1080870363632576
7.9703596238917234
6.860700916062088
6.2407267989435251
7.9100834772490538
6.9256858878056375
6.4000793197255144
7.3927912759709669
7.688105799310688
7.4722492351530354
7.481547957940994
7.6231718941210813
7.0556578659614893
7.6827485763802628
6.2793302593177902
7.8436560439894221
7.3859942022844143
6.6827620649374522
7.7757884570088871
7.3098498043461397
5.8933001610662537
7.9455490829879851
7.2215538664784145
7.9832874741210986
7.9581385392654473
7.5203560073514062
7.6891787323048195
7.4989032590917866
7.8410050462788865
7.7085190816286664
7.4112563171203076
4.7288730833223189
7.9401149601548422
5.7076978969266294
5.7971218504475139
7.5046841687982404
7.6996097546132223
7.4106945547529284
7.2848060800026699
7.33207613897748
7.4700590173205175
7.7479546809154893
5.5877101006530978
7.3425606226263094
6.8586460108597356
6.8834798471400251
6.2798349897466652
7.1848785272040807
5.1946429395281699
6.7785580582292884
7.2777710372880868
7.9133917944516305
7.4159851774282251
7.895713873532519
7.8608268674989592
7.5364003972950071
7.2846135772641984
7.5096082260063399
5.9053096079678671
8.004629128263927
7.7679712318958281
7.8907125588393345
7.9543710201974793
7.6435632743551594
7.8276359670538733
7.4867943684119744
7.0153530247243365
7.1770293830439558
6.7933008504480963
7.038279205286984
7.6467109617984015
7.6604168822792111
6.5747605663175523
7.8613071278056941
6.9210316587494383
6.692551475331201
7.5438667113948501
5.7578672627779088
7.1918871565384226
5.8926000339330296
7.4461182838677189
7.4176980679841753
7.8577864660653036
7.9417933959656155
7.8683137973834532
7.0691401302197292
5.4740867070060597
3.8874168178611246
7.4631410463822991
6.5246379913974106
6.6861323274507685
7.551364729107811
8.0323340260826352
6.7615206069795031
6.7522368006262843
7.7287565518121948
6.8645046888736916
5.5878889644100642
6.8537026865503705
7.8390102652210727
5.3998498868099025
7.548398441711953
6.0334984782430459
7.6644016797457972
7.8813812516111206
4.9119421269631856
6.9418741199968856
6.9118081827935773
7.2386974281010987
7.4139500222359613
4.835050392345658
7.3681371896387189
7.4076620461402456
6.9353988716549129
7.247616479863769
6.8942855316036686
6.9484432270957504
6.429918962480409
7.7716593435072108
5.4511473312436785
5.5036581380973342
7.9388306459007216
6.8412254768906351
6.7351600664237905
7.0573288629561821
7.3473548564349995
7.3599812162149822
6.9525579049342454
6.4485825626985687
7.275853944831467
6.8759376314283429
8.1114016984510329
5.1947665889439749
6.1364096327739146
7.2927664863041262
7.3135809529310851
7.3593185788433892
7.555157858982354
7.016070671740553
7.3361962513224972
7.9150949057472957
6.2488446335625385
7.0464882398838027
6.6547254863924117
7.0111534385009531
7.2211283528996226
7.8611640942009817
4.8853023862467344
6.8909051984225735
7.7836696356491712
7.5811881960116452
7.7222115516672236
7.4775613648693842
7.9760441413394654
6.9959288683944649
7.0033762822403833
7.8539058266005002
5.3834790787907822
7.2857342551507465
7.876423626335721
7.4488840124304589
7.3006651360762413
7.6172112525828259
7.1727104942265143
8.0321449985249576
6.8726973599457182
7.7771088816717047
7.1863111330847378
6.9867789608298132
7.1294252764687567
7.8247944553326656
6.4783754768041462
7.8508129469123977
7.255993119905173
6.879571745816742
7.9494622140436899
6.116715390340385
7.6108395609234609
6.9136909411683156
7.5268602189873297
8.0465753234667154
7.5069959903515793
7.6477143096822919
7.7638900549947554
7.7533924782442192
6.9347246742668744
7.9107947685669977
7.6451117156549246
3.0908607730330075
7.155524204338735
8.0806033326304263
8.1350740422266696
8.0545215304156947
6.3887399061535781
7.7727446945386038
8.1111849875509527
8.0757448014460156
7.5665028401556897
6.6044586376322272
7.3984851892313106
7.3459861669323248
5.7562471794979979
7.9898236532438913
7.8225859766434924
5.7731297024259369
8.0873815965658871
7.5847796554820439
7.4958287160794086
6.9489450087741478
7.4191024915906993
7.4832588447862394
7.3143672859697597
5.835633462288035
8.0830498033869844
6.4550117165487579
7.2957099409319834
7.725125462825166
7.5396847454578024
5.4075925844567809
8.0796982015318601
7.486939392492407
7.9990997712261436
7.9394052836123254
7.3538600457077585
7.6791108486647861
6.7006116366936137
7.7742386501690168
6.7218546503642385
6.3395323989255923
7.5513685920730396
7.27937959690209
7.8013506922842941
7.3768076086762919
7.5490581130452261
7.4256985854046462
7.8648652396642182
6.2413084801438652
7.3722981101952136
6.6360459951347472
7.152396050186498
6.9990793057384666
7.9728792138785938
6.1378693275180192
7.2653460776168899
7.9670802543010817
7.0211506326108593
8.001494461507578
7.107405178254167
7.6681711358963582
7.7189623692070626
7.4833081650579523
7.956408008505532
5.4601256645231997
7.6712030011206638
8.0231371446851139
7.1051845372311684
7.5894798349183157
7.8243556342821252
7.3272296839451299
8.0184498957830765
7.3354574434698838
7.5971963056158049
6.9753239531517535
7.057513130487413
7.3394410993462911
7.7517028128995795
6.6502415253263667
7.938430904672594
7.2220157693492508
7.0851494602020253
7.9718612375736226
6.722969086964742
7.9689757859223151
7.1436679775417415
7.5450661958380998
7.676055420062549
7.7537812631620717
8.0488944891441214
7.0865589932813435
7.7791861843638879
7.566155781160087
7.410862336238293
5.4753806762939163
7.5938515345077802
6.7321395067993617
5.6128249964232957
7.3854998120880655
8.1189271999045758
6.0460344863781899
6.2547934730012251
8.1292352885463721
7.7510515339376864
7.5312153276089626
8.0873608532083114
7.0827463064280822
7.4222758688466142
7.3936414576789966
7.868136218597404
6.7174973789126238
8.1330827910544077
7.8638240464753419
7.8762333318316635
8.1331888264423444
7.6872383984940535
8.1163286880514605
7.9553112278851383
7.0318009045863761
7.9395526655257447
6.4968645443794664
6.9016275735546069
7.4387524043099251
7.2537901758249115
7.0801301541595638
7.810669082573372
6.4007279229775422
5.2644039445181532
7.7714570091235675
5.512665969859829
8.0566562174347975
5.9971892680722254
7.1440726427080055
6.5802654350316612
7.1282670553901735
6.1107011781836622
6.9723752102953362
3.1720414403020514
7.7201920667204904
7.3809061824415849
6.7239928630319783
5.207637693130204
7.6188499049058223
7.9585651917309113
8.0307268013345308
6.5152779541385266
5.8137237155795676
7.6394120914701737
7.645941136004943
7.7268297312643464
7.6811480502819576
7.6475972245620545
6.1801952212167901
2.589188590772356
7.9991123247437361
7.864015619044066
8.1091903010658442
6.7830976195036641
8.1282602709543639
8.1219289541189887
6.9672595043548018
8.1345515583723369
8.1347023481352654
7.0695029274158285
8.0150192175975015
7.282007054515061
7.2379613255811313
6.7517078600511615
7.5645500673010444
7.9549765092834015
6.7722986383189197
7.8806522601254221
7.8008420658514614
7.4961834194282106
7.4811909727021844
8.1350702849670053
7.4461698161963872
7.4231492156032646
6.0015373002124957
6.7583544218001617
6.9333532035520333
6.5156476553627387
7.6148009036047499
7.7958031716483642
6.6034398197634978
5.9040041526227496
7.3365445448123836
7.1054642409187361
6.9854924767691031
6.5748319553181895
7.8697713629792334
6.4587680706666042
8.0187875844659295
6.6609746397354614
8.0078323820519461
7.6077658463848303
4.2470313305599428
6.6600583840430776
7.5273521740877625
7.6255028592194529
8.1062340886445146
4.4280562892661015
8.0948075626040765
8.1028261953237504
6.9181234604444182
8.0568926713107967
7.4730623757672294
6.6452148703453862
7.2129441438428472
7.7363710810022353
5.6353716345835076
5.4896298215583226
7.7147362755617195
6.9535864193886168
6.8328591705896526
7.4203588518580714
7.3869429771542698
7.3357348922984027
7.1181797089422778
7.7161861884279981
7.1315168463488199
7.1364194710426032
7.527939514912279
6.1927664768980186
6.7347237355671679
7.3567410503185053
8.0609736946249502
6.9366827376998579
6.9268094537959328
8.024592137164154
6.4253398361906999
5.0660063908635244
7.1183615045114195
7.9939332154432643
4.873728155181241
7.3829722102271349
6.3565951444595106
7.5388607801251162
7.7879101732357601
5.7961349443637706
7.1045100560798335
6.5662052884485211
7.5938023984336072
7.1522862921331596
5.2407443896574399
6.964516600081553
7.1765312988998602
6.8961186950701689
7.0143839004317892
6.0121473298267949
7.6227204124548962
5.7890768042332237
7.6474109383139357
5.8154236334775895
5.3837663168163399
7.918896340997776
6.805910177902212
6.8715938383953494
7.4106415459196588
7.6054954942691131
7.0184028716387354
7.0778236074178054
5.9981859215085729
7.2082772054712478
6.9687876977020808
7.4049878338611963
6.1163564454285515
6.8797400087874188
6.7477070717789873
7.0648443711134723
5.9836229402295453
7.2219897987571988
6.7920793124880507
7.6598555295149762
7.1784580680081174
7.0401929518681419
7.3061598991190451
6.7797909243528478
6.9901606812909858
6.819937586578698
6.7888591009028536
6.4282889455768588
6.4511185554944088
7.1346856633054561
7.7229434239923398
7.7569485162762364
6.3607882529770459
7.8453844732882505
7.6449785481814505
7.0289900927336983
7.6145761770873346
7.1208397516746409
6.755401901088363
7.1148652125649425
7.3512272203103146
7.0278226883177339
7.0173930725450102
6.6706925649725441
7.6331489459810493
6.9645276770413274
7.8524283517781761
7.0333913603069851
7.7525952750120846
7.3972055318698278
7.500391639189937
7.4050410084930549
7.1626296982642748
6.8599715074966925
7.7206552296846214
7.5956452881727108
5.2819387523907162
6.5255624215173826
8.1211809832529056
8.0963565528964576
7.5821592273044374
6.5704093786941922
7.4392240514389787
6.7025341294929124
7.7851952419456998
7.9629451087069159
7.9678651728323251
7.8432053268992341
6.2987003717605603
6.8838277172125251
8.044662480544309
7.4494845730335699
8.0757712891104401
7.2456996138985712
8.0062337682949209
8.0833170918562391
7.6702486479768783
8.0893169465080046
8.0576051920524829
7.4795181330780913
8.0817194006492628
7.8683810563265952
7.5119951947300789
7.0219408670185262
7.7913738899439204
7.1621915129669116
7.3835587577172657
8.0636745916337489
7.9647230670229732
8.1346208962170294
7.5364708569516914
8.0935629381688958
8.0601499363366536
7.278041150254464
7.6897407360796404
7.0748397501683309
6.6417081099165731
4.5934318143362596
7.8564839242159152
7.4926256594599625
7.1608433823514632
6.5120887219142132
6.0409723701911693
6.9276939661713843
7.579048705339777
7.7135485887978206
7.7108901941588517
7.6031247780578228
6.2661017333275355
3.9103450261204387
7.7129219359901491
7.8022014206962158
8.1030089532942853
6.3745856008510904
8.1251463552498624
8.1173867915128977
6.4277203236941247
8.1325935757632521
7.6391270060655572
7.3166281088189562
7.6792161997352899
6.9151643419893984
7.1084364829704789
6.3630717811138835
7.4599988277968432
7.8955202638358211
6.3734548802565358
7.8672602838171874
7.64605088137266
7.4749677355162252
7.6589246249746292
7.8450124039326674
7.628114232215375
7.452065685746259
7.1529450211942596
7.9369352818214898
7.7911180291659958
8.0731312857379578
5.8376747873254695
7.6257679036290202
7.9405415417826672
7.9998346014798329
7.7385424579886442
6.4282082353189924
7.0394825034016142
7.1032449502291763
5.2440535934502837
7.8587918820504523
7.7777299295980828
5.2847597164802176
7.8971033266678123
7.3392644265054461
7.2255669934782691
6.462371752417658
7.0744865239701014
7.9823782332200954
6.9203830860058684
5.3470608737260603
8.0420154659478467
5.7804761157227782
7.2922957189634134
7.4214957587644124
7.4901428531394476
4.8620176413000635
8.1044401406244528
8.0334955821607288
7.9925879566954823
8.0056793293060675
7.2821513968070164
7.7120320430685823
6.214220589292454
7.7607684646214024
6.9611467544447381
7.4848627797998004
6.8850488240043584
7.094992993857792
7.4973483693088641
7.5681274554218145
5.9802210230307766
6.1426058114066349
7.6363090036127437
7.7882495320635146
7.8539318078786557
8.0573609726691142
7.1564143206509154
7.6680287000944682
7.2498319477653164
7.3367227355071334
7.0488506187052682
8.1347439568001469
7.9438216475123458
7.7863761860723306
8.1350765390873825
7.155718938440784
8.1249275774235645
7.3408389749027814
7.4062406248172454
8.1266556644149404
4.2948458617828429
7.5721751804731969
7.5113383906836244
6.9559870130282402
7.2927971983275421
7.3519238168587657
7.373125252221568
6.4901062133555563
7.5201069155428657
6.4060309106909505
8.0367120413184026
6.4655814378608669
7.1275940716053903
5.7705919797381373
7.6993531028731832
8.0787746370994356
7.8512557247747523
6.8452020275562688
7.335720877359682
7.1820474811363422
7.9177497167353348
7.8258990288077319
8.0208736539032586
7.6417364316155902
6.0492365618554738
6.5266918122338584
8.1186918404146127
7.5966283961374899
8.1025034904423343
7.0220682480544045
8.126489084865991
8.1126932223849177
7.3350819718924489
8.1315792966754579
8.1083240554305487
7.1985113758184038
8.0901598218406097
7.3746941178065493
7.342176338402675
6.5601800019045049
7.4371022920681371
7.7521052645150048
7.0480503958602876
7.7525660258992897
7.7598868951518991
7.0931463960957588
7.5983265148686057
8.1350728148392175
7.9239203935120335
7.2366165058677705
7.2314821874861854
7.6957007849996222
7.9096815384728574
6.1052377356872674
6.9497223359132079
7.5374402962249043
8.1182952570566194
7.6200900425359261
8.0308131997951513
7.4793642993017153
5.3844843187499043
5.3382150014386864
8.1115024052668065
7.4392627374344311
8.1275184474330011
6.2110901958664977
8.1328700403427892
8.1307323829527345
7.6339646264032472
8.1349090285692096
8.1350726260375552
6.5488888541864014
8.0383875543805416
7.2959692806675713
6.7763512286571004
6.0922874027826568
7.2674622587326887
7.2768522461463574
7.4275522819988575
7.8733555702597355
7.2034819609132663
8.135079152160408
7.3491601181927537
8.1350748829093114
7.622060641138285
7.6616772749976443
7.5831222343891369
7.7605205425514683
7.4238293215657327
7.8129522441431503
7.9575781559259173
7.9885064999774871
6.6814639835969958
8.0762253197990592
7.4952607084163869
7.229049368062296
7.5019871105647944
8.1086009995386785
6.7646424686592486
8.1295290926490509
7.6505477937496016
8.0828340890140726
8.1350717319567263
6.7793017182433815
8.1235098999176572
8.09618825437156
5.9847830988296922
8.101545407233596
7.8098752274359375
6.3333285008840434
6.6767886475913736
7.7441377013668529
6.4832418555837181
6.8813350859745723
6.3472641217917758
4.5067152667879267
7.7260298289942746
5.67298145554021
8.1242716525250227
5.955591383027782
7.6631387044003274
5.6245206683027815
7.5078471499362402
7.9028846882203787
6.1098127492644778
6.6291481838586792
5.8061934223243492
6.9677020553119986
6.9608734116397031
7.7997291002837636
7.9383858390205555
5.0985704599550692
7.0981390061780925
7.2220963927385728
6.1981776280849479
7.1093361241404587
6.9109510994563568
7.008973231060005
6.6234284549419575
4.781618642402929
7.6399571878835655
3.0393612504677465
7.3943004553968743
6.1208850207249679
6.9317576623796295
6.8485360692234742
7.4164015755408181
7.4626321656872747
7.1249931020565072
7.288958993369417
6.3799304479652426
6.416265798232283
5.0959994416809291
6.1811106263373263
6.6623421750140999
7.925146757836969
8.0497173392960448
3.1694592834192941
7.7161490967158617
6.2026814922491651
7.8434725822312013
8.0942976718120416
7.4115693336958142
8.0910127514942953
6.4064064458837713
7.8702240730718751
7.7758967260424861
5.8211778455994816
7.6745974458460813
7.7736288890989265
5.8094430188775616
7.585177584479192
5.6089103597119037
7.8237306052179783
5.7727906960859006
7.1193331852735087
5.9461283788807577
5.685948954971761
8.0230183072671686
7.5474319962527554
6.3122797276863469
7.2807788084482343
7.6720116921300301
6.53307178878865
6.8175279570806566
5.5430955019463042
6.5005999536190391
6.8881859449046114
5.8425382054174033
7.7768109465841695
8.101495961500186
7.9082104603477168
7.9249747105314858
8.1145491697206236
6.1816118348506093
5.8288495728202303
8.1281355856857811
6.6690000984774533
7.7929534837898586
7.0518574377505834
8.0409866482026402
7.8043531446583065
7.8984497718809106
7.9261824198200177
8.0844131339034799
7.232213089949675
7.8739834011556242
6.4108661218523144
7.1197956695527793
7.3044473692277379
8.1177929978485714
7.5826290255542776
7.9615409937333546
7.8450043598233536
7.3580776631252691
8.0250233002610329
6.5942473767394478
8.0249284698201357
7.1093972578421587
7.3695242725078893
8.1185023499610374
8.1292300892447518
8.0151752488706904
8.1278534906591542
7.6199277026455441
7.7276984458789544
5.5681526263939158
8.1284250540921139
7.4856117883406235
8.1341839097267652
7.9398395229911358
8.1307129082294711
8.1345442999416111
8.1341904218515797
8.1266763815251775
8.1298530377237661
8.0378927487465308
8.0011117625673283
5.5495853137890681
7.7634725872959942
8.0954485352168657
7.6157260550949086
8.1152927560997856
8.1322217772470182
7.451390654756354
7.465718052399489
7.1536839370434935
7.1161638876360156
8.1350663816913471
6.4518177860336694
6.6820178321357622
7.7702203115723245
6.3491016333007426
7.6942149698260254
8.1028932090987151
6.2269036402588664
7.8659601268145929
6.6587648988951971
7.8754672350185313
7.9444571927318215
5.4052223820502689
7.888494034391119
7.9429643622931003
5.289921524918844
7.7962292202611119
6.12823781649442
7.2826906217470446
6.3260070128864321
7.2213290027218671
5.8759682420995523
5.7301843392303553
8.0183412553373561
7.0064728543950308
5.4484213159092372
7.2898719581830305
7.6650952657766469
6.9303331283720455
6.9639936123854307
6.0008058063859977
6.9443850587074571
7.0297088877440217
7.7400573854820554
4.1839496055230461
6.9075073602171013
7.8723544819779567
7.8784826279534528
6.522377689476996
6.2150311638626006
6.6562018728181345
7.8168209017761612
5.9322658037185461
6.569258955062578
7.2603429277209228
6.1272913104134306
6.5773471874250395
7.3680245671485833
6.6302581832630594
7.8371655351588831
7.9608182965541214
7.7354384543039654
6.8739812506597033
7.7836165939391631
7.1392516641875847
8.0944867843448769
7.942054149165318
8.110377146790567
8.0353917416850873
7.626591757965639
8.1245362896845457
7.5689131344001925
7.5537987033346043
7.0987859435826302
7.1949487453348073
7.7431675042558155
6.2326425215956283
7.6985818674977748
7.4150033034825693
5.6931526991444406
7.2240810398542612
7.3002714808860087
6.7021876304661498
7.0556726432577781
6.1027140296905369
6.4173317270427521
5.0863951844716908
7.9621312930458226
5.2934653987637539
6.6436321039118935
7.4441188857475753
7.6530818455974918
6.8968788390584752
7.3909707992004092
6.8452135786212622
6.4636770525404232
6.5900755898204304
5.9099033960634255
6.3568474836574129
6.9683155057973201
7.1519962375682455
7.7279452943337903
7.8789494740440951
6.8046967859976109
5.8062946225072638
5.2874599063313124
7.4856502525076651
4.8483673514195402
5.2812989198483198
7.5344163139620459
4.7794891838102318
7.09876129167613
6.6734943071069814
6.5252277824934071
8.0565409832337451
7.874213988253949
7.8864246003133607
7.2950063372597809
7.8471217119027807
7.3783322730167606
8.1163701460532742
8.11814127914068
8.1100268075600308
8.0080790394301289
7.5158375934484232
8.1289043516528796
7.3706777569809399
8.1201098242958434
7.6201377513201782
6.1119293835861601
7.9966327718238972
7.4031546969592208
7.6357372276783808
6.9166960189970057
7.304597489666194
8.0606812519965221
7.2783830979818109
6.5959500126458597
8.092731503073793
6.7562225673416574
7.3560144523258799
8.0266620611615238
8.1030117289409311
2.4960099015388755
8.1258621305462082
8.0510210210258126
7.789742921265888
7.6908534939053625
7.6478456378459416
7.3678523236910829
7.409201313474461
7.2448843360680888
7.6472449451821243
6.1658158499300004
7.951260341137222
7.4092060946574101
8.0471167808389179
4.8644610557268981
8.0010934139828542
8.0425620293171249
6.7491264871900185
7.9874004107651633
8.0771146680792114
5.9959842125500629
7.8950479137805623
7.8227985609709716
5.8027095899088907
5.6926056794147417
8.1262648630673748
6.4900885730696594
6.2288564117833944
7.4875595923460914
7.2859599334430216
8.0317029572122518
7.2912307116232373
7.7713667000402866
7.6657198973271292
7.2595499780632027
8.0364423669645095
7.7332938513812906
8.1143690450213573
6.8886198378092196
8.1282106170105273
8.123831442483608
7.279099396727104
8.1346049236425912
8.1345105132160409
7.3370928718956918
7.9768118140251554
7.2223462374543788
7.2636361344168057
7.0417167504717399
7.5965880666022274
8.0317095692022562
7.1645500654318539
7.8765286053218917
7.7428232050647852
7.3294842586043663
7.1592302847193228
8.1350702213166262
7.5096431290954202
7.1973890618068417
7.7302615819818143
7.0389203414054595
6.397140750277071
6.8313302991900384
6.8281139140844598
6.9623745702931741
6.7127711619153372
3.6044154807263977
7.9181258136993087
4.6575070417497324
6.8573466951578377
6.7558835715823164
6.9716921424574574
5.9769400533929629
7.4117688775617552
7.1021173868133216
7.0578810023854475
7.9054918341542653
6.8867272399505062
7.0374567201829974
5.8355838272450535
7.504170231320618
6.8799439767527444
6.591978936402926
7.7506757184656054
6.5003585098059702
6.6184103198558253
7.5182845898581387
6.5079505042501591
7.9342343034433824
5.9413336062526465
7.5872157538782643
7.5728169109014987
6.9887407643885355
7.2635985664382439
8.0285988550586094
6.2623596872291536
7.6184427479346857
7.1800605322748714
6.6002811179069178
7.9552478629633301
6.4912545361490865
7.8053317120593144
7.0982932409342618
7.514643257845286
7.6660611946024098
4.6271097518909245
1.0
8.1064251773690721
3.1246624891742085
7.1560635681882641
7.4733912092175405
6.391969041861679
8.1338731225349257
7.7640004150018225
7.8259342639426768
7.6463454832249003
7.9786621257270243
8.0378617997389643
8.1013157050828788
8.1286880132360153
7.8484473738832694
8.030637896831827
7.2733855086292341
8.1301623146989304
7.6081409862840887
7.5802915522708272
7.5734855896074302
6.4960618582076526
7.4336893092047198
6.1738551720784276
6.5002488082110927
5.9946173901201973
7.5224557441348727
4.6834957686698901
4.995080812373474
7.6657191497379857
7.592539628489563
6.5964687449796395
7.7365054026776878
7.5041070600053299
6.9516355560780463
7.0180673980402402
6.8172864164382529
7.23810445056841
6.8116533256791776
4.5545059891046842
8.0181302942526322
3.3546203291614964
6.9857758291436918
7.8384932565383769
6.2217441138353768
7.9239949909961549
7.6387018183176814
7.8789367019851122
7.1783721010316999
7.7397403810641769
7.9777757802513456
7.9870236174912534
8.1162844949859885
7.7025020784501246
7.8205479686258386
6.9437001897009596
8.0777440611574818
7.4025495582630869
8.1031351082279155
2.7704764855791129
6.9238959795628521
7.5940939736347648
6.0869599970041675
8.1313296215051416
7.6632540483874125
7.8345762686185578
7.5354579438445368
7.9665012759997698
8.0518832065175232
8.0652607688602131
8.1295176007354879
7.7514317388707168
8.0036713795817036
7.1915015561146625
8.1024773736210047
7.5204576552226223
8.0431338218714625
6.6491036179491481
6.6748087070547388
7.2446139378528995
7.1076897931017031
6.2985430649901177
5.3941282004829025
7.9135499160525731
7.1406719987830689
2.1932612396553655
7.5072033512163792
7.2592680869229316
7.528152602623341
7.1813589643636062
7.3240663954794458
7.437114053771789
7.3735843825542391
6.7305390715481019
7.8311197984320877
5.8056502096391425
8.1083376725509098
7.5415429719443763
7.786251849198945
7.5022844000765234
7.7722945024739429
8.029764033264323
7.8879317613164828
8.1123306141638079
7.6229488504688234
7.8881479146133193
6.7602008503141144
7.9869454321864435
7.1521197844937809
8.1350656879766863
4.4667258448800746
6.9109597764865942
6.487762144691839
6.5180013502681353
6.4545249537573817
8.0404805294585255
7.0652082614103335
7.5640878248960997
7.8392162807685892
6.5853245800521218
6.9216136082343578
5.6335776003152471
7.2557592391437806
6.7536657874351906
8.1181027187323842
7.9615709794235583
5.8259328749104329
6.4373480805580785
8.0885128344725636
6.4165620902728415
6.4304020067687047
7.6159784557828871
6.4435701844053721
8.1333957013919704
6.9178893467695914
8.1350679448503662
7.2559188382751012
7.865468457118503
7.8802192165594578
6.3259617597151001
7.0806005535828413
6.856509054821819
7.9921824491438347
7.6615510954186119
7.4435465303817718
7.8617218359785808
6.1854617173562003
7.1151090962620271
4.7706391743386654
6.7525355943424632
6.6152814034174829
7.4899996317664526
7.3273838093444281
7.2154983950814007
7.7714085525213656
7.1793269791797538
7.3005183566248322
7.4275709357445878
6.7973089855686695
7.1841296227374682
7.8461530735259055
6.7288060650362844
6.973868314930213
5.277590780635923
8.0793092656286429
6.4014152539375919
6.4536171679238246
6.7289283482693785
6.3631282512977503
6.726494427330417
5.9484710401889291
6.8674739185147686
6.3997877891588404
6.7839447279516794
8.056021521258133
6.890635877552798
5.6868674799900711
7.4989415357618805
7.012666506085905
7.3998717079891172
6.7082516548241609
7.0039417975495768
7.2024661546444273
6.7532567437183166
8.0889870498226504
7.9151819735898092
7.9121123097988431
7.799474598157107
7.6720511800570144
7.5262737306970635
7.3656642358451911
7.6556882421501449
7.6057493768936091
6.8921776565360258
5.7345475837679256
6.1824055515889667
8.1109427168122803
6.6642399938314734
7.4577661461846745
7.1356366721196371
7.6596867210922239
7.5752045442494795
7.3528378931640894
7.7871714974095614
7.3975177286151954
7.6331229260749609
7.7291196598748675
7.4695514812780237
4.909314192445442
6.8931253578400105
5.530809914153024
7.1655531263794598
6.0537317596651503
6.3466558782612967
7.0113718077520746
5.1538907821910556
7.9481303771136833
5.5295239970833174
7.2926795453199249
6.7254302742762606
6.651907601591267
6.019217807482268
7.0189660964046654
7.317915499175677
4.4018179850555317
6.410015302330323
7.162467302614596
6.7984108596407395
6.6358206671836282
