2.3744450792256302
2.322356042419492
2.313052279721461
2.1806717481045075
2.0464116884509838
2.1245266190541847
2.0135197962952769
2.346685596061759
1.8985520032236889
1.9092695825481107
2.3609801088372295
1.9674437399012121
2.1285677523483226
2.0498851919158199
2.2818635988065537
2.0628208651607274
2.2939431087298092
1.7966271387019763
2.1801311444065758
2.0777534803434552
1.9699985704092455
2.005812385372693
2.2597833161040701
2.1421914749628543
2.3404113753341185
1.8391146558375175
2.3650501838260505
2.2938085259232537
1.9223678611682933
2.1005884079316579
2.0958175619267192
2.1968952155969426
2.2447169673131135
2.0018491035241142
2.1651232653827184
2.3684019228537969
2.0153540896033708
1.0
1.7670366768496888
2.1111864021067528
2.3225804891338493
2.3463770159679358
2.044342089378925
2.3357390805395708
2.2591568655748873
2.154915455006817
2.3424211195068669
2.0209932895806095
2.2893596220595782
2.1841732036307508
2.1288835890599045
1.920660367257369
2.294635816437169
2.2398653524347627
1.7077664385514337
2.0922348381220486
2.3161101927426322
2.3669034745250697
2.0052422534532148
2.3424008545634547
2.1695713395427751
2.2752805652794761
2.3257419105327188
2.1041323949716131
2.2753444004721928
2.1968896594178116
2.1201010824938122
2.1170127987149976
2.3457731435758036
2.2861423838898189
2.1623582348918324
2.374686477512304
2.3494503966788902
2.27742285728907
2.2244778745535716
2.12273742500967
2.1633845473041471
2.3746276099633725
2.0155752049132571
2.1866384309040443
2.318256328064134
1.9831264436007632
2.1574715929800043
2.1661255179795487
2.2445067938793231
1.9186246040647452
2.2551451437694046
2.0767724422397165
2.3129203339068947
1.9297281144343237
2.3420601186342074
1.8675021379749313
2.1984809193200823
2.0040093311896516
2.2238702784022135
2.0974075816341684
2.0325115419596682
2.2621770170653197
2.3193146661970458
2.3736145655405019
1.944142818239581
2.3681141799858763
2.3018665355732013
2.2449635346621637
1.3787088741095832
2.2427475399721502
2.1333069659934436
2.234610441637582
2.1803286334697005
2.2729866771964127
2.347443632199735
2.230811512585964
2.3745454330356774
1.8203317357096644
2.3516923627558319
2.2468591591745772
2.3255819886462858
2.2149913774958545
2.063499925314368
2.1320816165065177
1.8875952721399578
2.1913691147882193
2.036948762904164
1.7719172007175796
2.3573542076112703
2.2096814002345959
2.222963540878236
1.861578400594309
2.0758296180256011
2.1233471765979512
2.1855605717219353
2.1801825809927626
2.1961376544063271
2.2896791228631486
2.2233418015187789
2.2804082775615919
2.2154231445027439
2.3575225089100913
1.9710484296498445
1.9732982320773169
2.1055540490187519
2.0428073280277856
2.2758302075957708
1.811299222026739
1.7693262646065782
2.3738591544764693
2.1617400096664308
2.0591994895438313
2.0816915969213095
1.9279170738793314
2.1033449985110444
2.3189925233868416
2.0863502288604838
2.2843751119104341
2.2412563168836561
2.0342982673231091
1.9246307238281182
2.0891655515538132
1.8082732290500907
1.9110750759028152
2.1209949875726819
1.7069241804999564
2.1718575016921515
2.0874622284616207
2.2211142452809165
2.0819390094527432
2.198701931795088
2.2787507020492028
2.3388382629507478
1.8579683285616719
1.71826095592599
1.9755431361630933
2.1763093971471461
1.7655212235772646
1.8769852752630274
1.7584341703465962
1.5594027396483685
2.0108488202412991
2.0199803070205906
1.7299158550317115
1.98826294086653
2.2245992120210674
2.0990269500269156
1.7895021502979833
1.9672718127861237
2.1013210633332702
1.7076128332881666
2.2122509269840851
1.9826721412620238
2.0020923534237456
