1.4600635279639047
1.0972705966162841
1.6087583709418998
2.0662701686702998
1.6178945444705219
1.4393280350853788
1.3215291722631668
2.0662239429437226
1.9337978074844133
1.8204895055106896
1.6715266017158348
1.9091067248285398
1.8864427504426438
1.9788429661668965
2.0440732932720733
1.7258360247862292
1.8817095779740298
1.9195781292951175
1.7505764912017048
2.0352300203349585
1.448455315266268
1.8462525444742404
1.6902071447227272
1.2887819775341689
1.4277187125268782
2.0662712891817527
1.4145726456236287
1.687224091440352
1.4627973210562821
2.0661830169012507
1.6796402836578437
1.6882058548384029
1.9721382763174158
1.6869735526061549
2.0046763646625165
1.6779149241245674
2.0237154224991802
1.9123475640616607
1.8211517892382625
1.7687342125631509
1.9288833421026159
2.0567138717838396
1.8664207466875877
1.8227667326686936
1.7439674006302364
1.3087207985693645
2.0662722018864019
1.3201445927121147
1.6229622021382437
1.4389455542095906
2.0660472500931473
1.9799147746476782
1.8446073896178903
1.7232892424866564
1.778319003853797
2.0093686229298839
1.8482362846347
2.0251728085443044
1.8208072061390528
1.8042591989788705
1.9087814237158514
1.7371755643074334
2.0466593795336294
1.5898065996740212
1.9054213503608166
1.6088867459641829
2.066270120119333
1.1645956888386073
1.9888152452995065
1.8461582981993867
1.7202475665622661
1.9093077102777647
1.8148018291261658
1.9651660167516665
1.6904330450042364
2.0298870108418452
1.8631413101613641
1.8698338652767192
1.8506758561153374
1.9628691901153559
1.770089279035288
1.7186553024892592
1.756272780939939
1.8559187021564543
1.719638236508773
1.5724634139646043
2.0624838831660957
2.0449308697738151
2.0662708373617433
1.8463634955801429
1.8805419294292682
1.9650985416239628
2.0599846598405969
2.028387975825984
1.8301362853187833
1.7729663724484885
1.8307051029592218
1.9536598977411952
1.9093382964035337
2.0327746600429109
2.0662704584327081
2.0405558089042066
1.9755219187955126
2.0605311733898763
2.0146400478078621
2.0043870548036309
1.8644830802524082
1.7396675314378311
1.892332435484477
1.7768245803808846
2.0127836230632972
1.7721145657526787
1.895437577322524
1.8796167859785919
1.7641737686611061
1.751613405653627
1.8915591787083086
1.9492778965029758
1.9023593763656139
1.9299020050845852
1.7730804270445939
1.8857434072744166
1.7073358417388445
1.0
2.0661972621675622
2.0151926412660641
1.9750198013771996
1.8171888321221823
1.9551684852564057
1.674311083934678
1.919386617799862
2.0034326169576531
1.7622030464019651
1.7867199796242228
1.5794259727653379
1.9539233521381638
2.0499508892766061
1.6872587972701438
1.966824345501154
1.7734889689844942
2.0661695375574451
1.8860543326253865
2.0210353157356025
1.8896978070400985
2.0275309482365373
1.6963835971447752
1.9452577237241337
2.0598431657916421
1.6684949108191753
1.7647155297502619
1.7322570828674095
1.9448458680951402
2.0567933648110239
1.5918103690174288
1.8892531942753765
1.7814996291709249
1.771615900120427
2.0247845876890294
2.031874985385997
2.0195328061580833
1.3075177204241066
1.854294228224062
1.892044991454495
1.8203842807616504
1.9507438124099148
1.8655701017166377
1.929092800113378
1.7362595626230264
1.7278934737523592
1.9655245764256442
1.9465506709287239
1.6900762520422126
2.0465129575534773
1.7611683285494999
1.8561088839511741
1.4748439359584291
2.0636902532752726
1.8634184787985724
1.8915775665114394
1.8959714669961232
2.0176251777968242
1.9684341320344874
1.9330636773173173
1.8965491159693753
1.9790739310559262
1.8605371636291335
1.4534190583835185
2.0489109405403862
1.9824086987862819
1.9879349406450519
1.8986315703776366
1.9399655119451258
2.0200590074189906
1.9610250149124151
2.0185524778508284
1.9799890236419562
2.0330511272555101
1.855477267651255
1.9279365578229648
2.0275669679005106
2.0485518238287779
2.0066799095715946
1.8488049146418357
1.7787217198923557
1.922012642768977
1.7799355933200152
1.7526649130196459
1.8580021713231405
1.7091741193629595
1.805298374217355
2.0649575985359858
1.8836290028043361
1.9094644255373501
1.8149895269611458
1.9115700102611568
1.914066833493882
1.8601711935282779
1.9908061005679434
1.8917595095692368
1.9417391535573563
1.7946777037753501
1.8016963601633156
1.9861095503478663
1.6668628038216444
2.0158275922160316
1.7895264729742226
2.0400360270410323
2.0205065835289382
1.5384178374113058
2.0314794396753575
1.9382722035245972
2.013335865191439
1.8606352613346617
1.7885004697326354
1.64436792516284
2.0379045818633856
1.9512837732230579
1.8073903530388973
1.8875449351878821
1.89156500195178
1.8848538544238389
1.7363420244988845
1.9599026154868815
1.7926205687618906
1.7959703504772548
2.0393304274288644
1.6722794812305368
1.8857135078988032
1.9103896469314334
1.6807232411554007
1.7684211131547138
1.9384347918508722
1.3405750794667917
1.8479777720355628
1.7532003269288767
1.7410346946398105
1.8578125509642405
1.7393595394209134
1.9126724853186963
1.5776889183708402
1.703204110846873
1.9417741271756204
1.7909717612470326
1.7930420147143671
1.7141339546435876
1.6807217017622089
1.8322206043712297
1.7791282344991493
1.8379453354195212
1.719250598604104
1.973411385470764
1.6545063225596637
1.9476641423021173
1.9717196623981101
1.7213200891933056
1.8218703930336195
