6.3516538280505985
6.3184896697877004
6.3459365860241768
2.8900691244918688
5.5212673595117385
3.2494541575728624
7.1290152288959137
7.0963525425697673
7.0777214733046714
7.0224778364671918
5.9757661190315341
7.1037258570084214
6.2638249947779734
7.0804120618910309
5.0507440677688171
7.1183188514433509
3.5404655925674198
3.13225951317547
6.2927206410925622
6.6048823096599856
2.2169656469743719
5.953351924370506
7.1293750933949545
7.1231198412355585
6.545793961877127
7.1178417079122998
7.0370353222246536
6.5225410646895536
6.7261925918332963
6.4725055027182057
6.3200889584323505
6.5829906188955638
6.4985123923855639
7.1496448334808784
6.7525433742876633
7.1316328341944848
6.611419475110349
2.3518914827300219
7.0695251806913895
2.5802301778917887
7.1548430206673554
5.9157561299378898
7.1032031018622295
6.492408695805155
6.4329470192936276
6.9006363359534735
5.9891953121584649
6.4174222578046809
2.724097002084692
7.1718352151219431
7.0803576727074011
6.5102409679547151
7.013639153994899
6.1018234476858302
6.5300811637392062
3.6193762031330885
6.4551577538181668
7.0608623632635057
6.4349867589529373
5.7841561965097439
6.0330697062305143
5.8803592916508594
6.314755276718369
6.6810859561634999
6.1711420189003965
6.4973087362677955
5.9571101035576985
7.0898863566574297
6.2675424536924806
5.8267962604221655
6.1101625389984475
5.2525522039389845
7.1379015126627294
6.5503480706420385
6.7304202246084319
6.2356547258207247
5.5664863512355849
7.0342492086180153
6.9106540735618527
6.1245861461965756
4.5327776426712862
6.4399734518027305
7.1464755799902679
6.433284659624988
6.2779770619034316
6.3759585177302096
6.2376822811672072
6.3239389809436544
6.4438893581966772
6.5620364710933305
6.2077469698597811
6.3353506705322769
7.1853145868300681
6.5782671677172209
6.2634777123726897
6.2594419127985015
5.7995312958047611
7.1237175645607014
6.546210250377559
6.4775323208327906
6.4458369517125167
6.1765563341905265
7.1317896718112586
7.0671795109070343
6.4988668434677956
5.0738952323523563
6.0780226234275334
1.0
7.1229198659645263
7.1441771897856876
7.1020402711381578
6.9745736972902392
5.9251504664786445
7.1470443805894739
6.0832070937201168
7.0997903502267112
5.6309514853450739
7.1568907475227022
3.132511700507687
2.7551780128072263
6.2249339757503925
6.7153639640076088
2.5324907260809133
6.1553477696136447
7.1616520140754787
7.0992182455361235
6.9154580338834624
7.126329227294903
6.7154521751462255
6.3121207755965383
6.2689447154141087
6.9215364206056282
6.1950299725078821
6.9377897601242298
6.5005015727101467
6.3326451351097823
6.0735846119343107
6.6461528820303357
6.9453316998656689
4.8127720379052814
6.45908859871468
5.8519758782411841
5.7318901757410661
6.6906413419954411
6.9133244553011082
5.6921383138464545
6.1547988865020979
6.2545127922791499
6.5327015781090152
5.1534307616642225
5.7675754477827921
6.2547997736281289
7.144989488379748
7.1252579114849208
7.1413282811199776
7.1032049364744889
7.0526447454765453
6.1101632581571907
7.1360840845671953
6.2344473151875368
7.0933193852202576
5.8165887018507796
7.1419295414915025
3.5181907174420983
3.1351615963431518
6.152449045415235
6.8314367295022631
2.8041657684724535
6.3522214115521738
7.1520465956427559
7.1037305032932236
7.0205558523756881
7.1409636185008623
6.7258563583747879
6.2784355303899657
6.3967724551948377
1.7649385126790169
5.9090385815835011
7.1842198696474808
4.1097802037269648
7.1802140038754469
2.3576740739872535
7.1811675817859237
4.557110566403975
6.1249223168430129
6.4540720524133643
7.0821643643381416
6.3933890548471206
6.9569059470630403
7.1853077283346494
4.6446272598889626
3.4966606073091615
7.1849343045600396
6.1940129134807425
5.1440997845895033
5.7979574830889264
6.3335000028305934
5.1588352078214896
6.7599395968754123
6.2786942639870391
6.7688276957915923
6.4514154449891778
6.807476654294458
6.1828864380388042
6.9904457061468603
7.0709872646454199
5.5511790643445051
6.5582473071023264
7.1671529878400095
6.7200884044609781
5.6288109795884731
6.1407928086546519
6.3167287673837089
5.3033983424002749
6.1587350480731349
6.3856230395178013
5.8849530464693256
7.1743475168241373
4.67661169933052
7.16861765867763
1.5294342858830079
7.182683944280555
4.8630512485058173
6.1282148196990285
6.457731670958335
6.9665339584963561
6.473428891739287
6.9041344411653292
7.1787905450318279
4.8229002067028617
4.305577060858675
7.1810029033722849
6.2089412122329062
5.1473717579249278
5.9645961317329226
6.6603968545214247
6.2392788391575662
6.6250854257777831
6.0288526693530349
6.9496330609860406
5.7281614778759229
6.8819358347179662
6.8268886578469603
6.2928205163402149
7.0734007890431174
7.0584403166560934
6.6471414377403093
4.9666632466632494
6.0848889439418388
6.5777012878126344
5.3374500688218376
6.012219159040022
6.5235564193024214
7.1675250627163871
1.4690526124144248
7.1825053446319469
5.5523824445179821
7.1151659558276368
6.2367948522601999
6.1970404161133237
6.828811360305302
5.8918915653302122
6.0374600614346265
1.8473759438927402
7.1850655253310913
7.1663468004619757
6.8332044583040297
7.1488214557005358
6.2144954543149415
6.5189696556139944
7.1800635376553226
4.9964846043575601
6.9037788855863536
4.890467382883342
6.2809259270571074
6.2516404081588117
7.0244680828800972
6.5603744957616064
6.9943198714016432
7.1774841838439443
5.0446848043977361
3.5846603777412041
6.5200183274087298
6.3332060923781288
5.5988209006154879
5.567043177238868
7.1773559583907929
6.031293780966692
7.1345679927903767
6.4397919411636799
6.3678274952703156
6.7542978809004826
6.0094135096025081
6.3158255134049632
2.1220728044863644
7.1849064354329277
7.1657114795048917
6.8837778321769365
7.1193319382906388
6.2848612093712948
6.4504284904145459
7.1750010199596117
4.7775895571167659
6.1654058541808263
6.5538639936105181
6.9928852676553497
6.1193291289028062
6.8322249266453197
7.1852919649938025
4.8684518526200726
4.6777040330875952
7.1746861569346265
6.1861762088676882
5.4055915308949203
6.0554704789233158
6.3544385402088865
6.1042506153319485
5.9381218418045023
6.720439694413006
6.0910558107976396
5.2994466561113169
5.3443235176046144
6.3960773913924651
6.9641388223097227
6.1175595444088104
6.281086094528967
7.0276564576242624
7.1853117884778994
6.4208631751671215
6.6422953228389963
6.7306185367518339
6.3372085235058053
7.1008196340369452
7.0907522219611492
2.1982673902461709
4.9976290166398636
7.1529582305463091
6.1912045833154004
5.689749533541022
6.1825307343854403
2.0527509184039636
6.3848619692725492
6.6136673851413343
3.341237145702264
6.38854097937981
6.451999916277865
6.4972591871032437
6.6919501005633739
7.0197365463689554
5.9697951265108191
5.9374252402379124
6.3683039926571023
6.7527839799681733
3.1370354877286677
6.3181406104560054
6.699061203503426
6.6895014689063821
6.7273348401304105
7.0649157191894023
6.5107569464187565
6.1976176422594449
7.1719677669906226
6.3875053767186794
6.9241885385697088
6.6110155691670203
6.7859391949026726
6.0502273219969016
6.1234259352360816
6.8314150724785181
6.508775991355269
6.4630661553905266
5.8153258088961017
6.661952453420005
6.7822150338911014
7.1832537741348306
6.9315448912671451
7.1629671847458383
7.1831700868078192
6.0924693263655811
7.116098497944968
7.1327844412379608
6.6657887308422019
7.1014908007347559
6.9214918614785939
6.4742870038191418
7.1174188921461976
7.150174910237669
6.57447639404415
7.0480957993482081
6.4942697001849572
6.6235367001510053
5.2130274668533971
7.0779622473508335
5.4394136233168151
5.6366840672405214
6.1732977951202388
6.8391773551079948
6.0976830940062063
5.5440663065300724
5.2536806956756843
6.3204018420706678
6.7292321291648793
7.1803986231340646
6.5870377459067635
7.1616767543720643
5.7457701538103878
