3.4038530588464639
3.4984788932147599
3.9419494072005006
2.2955895098541856
2.8338476715192518
3.9440453031008937
3.1828864710817606
3.8597025829846112
3.794575400756846
3.9791842726354125
3.8746640904765943
3.1261002291437645
3.8286067631492728
3.3679816805390188
2.8917102375204005
2.0527224131509558
3.9468683773235012
1.7669205525187257
3.9065711784816339
3.9328306590380655
3.7696485425793567
1.3835513398505108
3.2332362256354878
3.938333251363582
3.9615315877798967
3.7820881333942031
3.6569877363972072
3.9009267559756902
3.3506052499016117
3.5408795936353865
3.943199761435328
3.705281505711322
3.9889373685715284
3.8111597301561568
3.7497478846043277
3.9913475360067836
1.5530738886511315
3.9858624189233804
1.2731144528894285
3.819808865317321
3.6058096984402956
3.9565054361092606
3.5651958581378618
3.4752581342146827
3.9502022182188576
3.3827608576250565
3.6415610090387256
1.3801700870058204
3.9641162134349419
3.9778516229955296
3.265217546008969
3.9494439174865805
3.3678113511661252
3.5649918174378947
3.3477735270993878
3.94072067524543
3.3107854002977932
3.9711082417096848
3.535739103314679
3.1237708335466352
3.6154349537620396
3.1755030079169346
3.6219977338878704
3.9518579392049951
3.3264715495148116
3.4096469330546362
3.3081686500626821
3.58819134317178
3.5496656535006648
3.976587657224472
3.63590216371216
3.7174194350313692
3.408309469326297
3.1029902742077971
3.2065526827017026
3.8839158713387558
3.8606698938287458
3.4182666514084614
3.4789620432098993
3.1638763778729837
3.4621214715247479
3.3538368894000099
3.2105723811869655
3.8493242647086623
3.6183910431339079
3.9709198738529508
3.283179266242378
3.7800864531652456
2.93896894827129
3.8451148415515255
3.3247637983060483
2.5850340483860119
3.6497859474272145
3.8887253142622042
3.9032848499017154
2.9633904669239577
3.2661063126757659
3.9547577765569941
1.8505517540534404
3.9200214234890933
3.4493088637362415
3.8733115649650398
3.9817039680828445
3.9627348359682997
3.8606381879941476
3.3003607037656906
3.8245885871458745
3.3059072786993742
3.1705909520009166
2.1116774309318833
3.9178063172613062
2.1476731286026607
3.7820890460260608
3.9577394338900027
3.8266834842242679
2.1914125128144448
3.341440717219665
3.9111749513791385
3.8401698070926442
3.6367754758884168
3.950794651705249
3.7363416347346718
3.9421002248113561
3.9836905406280754
3.9928234670268181
3.9469667740285339
3.5360202169767674
3.9519671963578138
3.5671830875030879
3.4872801171051
2.4401701955852531
3.9631772536432459
2.3474709853048763
3.8034122682398777
3.9349661606295601
3.9008181201643133
2.6611928572195604
3.6899397741363096
3.9559423347897811
3.9502359712284094
3.631099859213176
3.2512735058682396
2.4389151138002223
3.0573753786856948
3.4672229804477572
2.7189117086840713
4.0030735480289552
3.2030840973568133
3.9994086880048143
3.6344052491961105
3.5165529686685009
2.6064833263126501
3.5443994566688151
3.6315219620459391
2.6525269336518287
3.6799858990017591
3.9237697320090055
3.970173545756011
2.6423828051083591
1.6972175963341802
2.9793650973810299
3.8411349636782486
2.5796003826019058
3.3371219059536568
3.8923426518547815
3.5690186034505946
3.8878444193208583
3.7199058726851866
2.9628797168147489
3.1383770083954938
3.6443343750082819
3.1975841950870221
3.4378925605534856
3.4775147172743464
3.8345247735612218
3.148052300126488
3.5361715190336063
3.607541276705295
3.7294207176654233
3.6699839969834516
3.9407932920909703
3.6558931495174476
1.1873209098015161
3.998711060138457
1.8662065351093282
4.0042966060856964
3.7706654689082169
3.32443957130238
2.6440168660648591
3.4130690621289399
3.7964152076132769
2.81301800149406
3.5404224907741204
3.7380519434438262
4.0043039376389942
2.4909204003277767
2.2340169242648376
2.9671449814348234
3.1308397734219264
3.9671623921373702
3.7687149656945422
3.9847576932276385
3.9065399551285207
3.5552274433382611
3.7957879199489057
3.6924738584820531
3.770289898767655
3.4522757036688043
3.4528110543482899
3.6844674394052479
3.8196103422099523
3.7593805932260924
3.7334694312301471
3.4655663918701616
3.8578415150701248
3.5270654493342177
3.8634051034802352
3.5226411252793408
3.7030721994871754
3.8563583651618325
3.9430358429041772
3.4272901489931531
3.9365600995186094
2.7309801654652825
3.175756807117152
3.6456651905157789
3.9995513991439511
3.7337022887850297
3.1242636604004104
3.5060810037318171
3.6227938951080243
3.9982877514755635
1.5459589210208611
3.9984891647787868
3.8010168202971695
3.513251165138731
2.9376842542661197
3.5426540355030149
3.7671784502596424
2.8941310918170498
3.3989616183319304
3.7592771706765253
4.0024664180707621
2.7414774556967831
2.3261559130507203
3.1048358451906783
3.9973643811370154
1.4050319187022939
3.5994543748171575
3.5404678005126131
3.9090917924764033
3.3749240535646496
3.4729442666298067
3.9719882525486119
3.3408589926953693
3.4056833850007115
1.0477052683327996
3.9681881774520122
3.9977768986852604
3.375686308574311
3.9982844660236463
3.9390340700656052
3.552080592889526
2.9325105504948379
3.5728694233559808
3.7269852328022126
3.208823723276653
3.3446581458095661
3.7354593591770726
4.0031277611571232
2.7882044192010511
2.8436133759089248
3.074266561746597
3.8513598516406446
3.6323145520924514
4.0043800162546699
3.579567666041771
3.2745204062255442
3.9501933183607378
3.2782908004249927
3.6149815333469415
1.101036903147153
3.9773857830464019
4.0020925828513203
3.4573822013443811
2.9951697314034034
3.4501765716574622
3.0699360631626806
3.689121450428634
3.480164871197446
3.4077126457488944
2.9222591730888903
3.6487978025422096
3.5738681242006463
3.673103358308742
3.9772400769124023
3.6021996486600631
1.0
3.8864462830206965
3.7792361525516056
3.7249905959036962
1.8039452841026122
3.5375633981009083
3.5732886791129186
3.7639699370088513
3.5500794429676477
3.6572417118837435
3.1411072534933613
2.1453741204166481
3.382369499761261
3.9292223574593863
3.9709920843187545
1.2497879041713729
2.7459795131673959
3.159461553156989
3.8965308728965842
3.7502855941790951
3.7529628737759384
1.6762190546616094
3.4981742376207756
3.6353596305822959
3.7240177539019843
3.4215433483111242
3.0503292675739591
3.4998816385194522
3.9363625595849583
3.3759366856017197
3.1794498120394858
3.6940933056943068
3.7231507630502985
3.6226532024291496
3.9826242308008282
3.9389964788783223
1.7905566943773563
2.6603358878522392
3.2571941322684546
3.6873792094260387
3.272691909477206
3.4719402280343439
3.6749216106999256
3.9910025676769334
3.4600915110922936
3.9269117955659119
3.9842538259053337
3.9060684920060504
3.9620978970029048
3.9828232199221154
3.5344383454378461
2.7461288741293757
3.0569463097594607
3.0255436920237169
