0 0 0 0.310085 0 0 0 0 0 0 0 0.0626494 0.310085 0 0 0 0 0 0 0 0.296296 0 0 0 0 0 0 0 0.0927223 0.00250351 0 0 0 0 0 0.310085 0 0 0 0 0 0 0 0.310085 0.148074 0 0 0 0 0 0 0.135842 0.310085 0 0 0 0 0 0 0 0.310085 0 0 0 0 0 0.112514 0.0260452 0 0 0 0 0 0.00291474 0.0218675 0.138015 0 0 0 0 0 0 0.0180769 0.310085 0 0 0 0 0 0 0 0.163106 0.310085 0 0 0 0 0.132739 0.0180856 0 0 0 0 0 0.00994178 0.0774963 0 0 0 0 0 0 0.00109193 0.00566831 0.0397454 0.0185886 0 0 0 0 0 0 0.00918276 0.0588106 0.0269322 0 0 0 
0 0 0.000969711 0.0030187 0.0823781 0.00104662 0.00359404 0.00447389 0.0442483 0 0 0 0 0 0 0.231127 0.0629407 0 0 0 0 0.0116985 0.0854352 0.0878537 0 0.0136433 0.0976295 0.00693773 0.00644764 0 0 0 0.0250591 0 0 0 0.0555265 0.00182915 0 0.0552903 0 0 0 0 0 0 0.032845 0.280101 0 0 0 0 0.126178 0.268638 0.27636 0 0 0 0 0.0209021 0.250997 0 0 0 0.178756 0 0.000417856 0.022076 0 0 0 0 0.280101 0 0 0 0 0 0 0.280101 0 0 0 0 0.280101 0.00578877 0.0433048 0 0 0 0 0 0.280101 0 0 0 0.247462 0 0.00133437 0.00891615 0 0 0 0 0.280101 0 0 0 0 0 0 0.0571172 0 0 0 0 0.280101 0 0 0 0 0 0 0.0199122 0.156827 0 0 0 
0.0308663 0 0.000474683 0.000643459 0.0438457 0 0 0 0.281792 0 0 0 0 0 0 0 0 0 0 0 0.159433 0.0130879 0.0133413 0.203048 0 0 0 0.00819373 0.281792 0 0 0 0.0339106 0 0 0.00358684 0.0234425 0.00224416 0.00222902 0.044958 0.281792 0 0 0 0 0 0 0 0.025735 0 0 0 0.281792 0 0.0044147 0.109224 0 0 0 0.0245207 0.281792 0 0 0 0.102161 0.0536744 0.00845363 0 0 0 0 0 0.281792 0.191685 0 0 0 0 0 0 0.024618 0.0619183 0.0763558 0.281792 0.0960621 0 0 0 0 0 0 0.0883931 0.281792 0 0.00184101 0 0.0238714 0.0256623 0 0 0 0 0.000754605 0.00165598 0.00235543 0.281792 0.00634966 0 0 0 0 0 0 0 0.22641 0.244206 0 0 0 0 0 0 0 0.0770516 0.0516953 0.00518275 0.01358 0 
0 0 0.322164 0.111184 0 0 0 0 0 0 0.0164514 0.23778 0.0970765 0 0 0 0 0 0 0 0.207485 0.206604 0 0 0 0 0 0 0 0.322164 0 0 0 0 0.149402 0.322164 0 0 0 0 0 0 0 0.322164 0.322164 0 0 0 0 0 0 0 0.322164 0.036406 0 0 0 0 0 0 0.0343649 0.322164 0 0 0 0 0.0309965 0.0888666 0 0 0 0 0 0 0.00487726 0.124098 0.0469475 0 0 0 0 0 0 0.0550727 0.20111 0 0 0 0 0 0 0.00411678 0.0839405 0.0615517 0.0187184 0 0 0 0.0290314 0.00694412 0 0 0 0 0 0 0.00512593 0.0119001 0.0157807 0.00115296 0 0 0 0 0 0.0267741 0.0115712 0 0 0 0 0 0 0.0313333 0.00247066 0 0 0 
0 0 0 0.00164383 0.0081518 0 0 0 0 0 0 0 0.100795 0 0 0 0 0 0 0 0.302808 0 0 0 0 0 0 0 0.302808 0 0 0 0 0 0 0.00303805 0.0113615 0 0 0 0 0 0 0 0.177953 0 0 0 0 0 0 0 0.302808 0 0 0 0 0 0 0 0.302808 0 0 0 0 0 0 0 0.0389706 0 0 0 0 0 0 0 0.26117 0 0 0 0 0 0 0.0758264 0.302808 0 0 0 0 0 0 0.193364 0.241658 0 0 0 0 0 0 0 0.088412 0 0 0 0 0 0 0 0.302808 0 0 0 0 0 0 0.212835 0.302808 0 0 0 0 0 0.00661528 0.302808 0 0 0 0 
0 0 0 0 0.26405 0 0 0 0 0 0 0 0.323428 0 0 0 0 0 0 0 0.323428 0 0 0 0 0 0 0 0.323428 0 0 0 0 0 0 0 0.323428 0 0 0 0 0 0 0 0.323428 0 0 0 0 0 0 0 0.323428 0 0 0 0 0 0 0 0.323428 0 0 0 0 0 0 0 0.323428 0 0 0 0 0 0 0 0.223395 0.0187452 0.0109294 0.00646107 0.031732 0 0 0.00561818 0.0490351 0 0 0.0227963 0.10441 0 0 0.00631423 0 0 0 0 0.00350556 0 0 0 0.00455773 0.00153665 0.00202119 0.0393565 0.0130361 0 0 0 0 0 0.00301925 0.0677953 0.111709 0 0 0 0 0 0 0.00724635 0.0959274 0.00352886 0.00119925 0 0 0 0 0 
0 0 0 0.0345757 0.125503 0.0588149 0 0 0 0 0 0 0 0.17009 0.093126 0 0 0 0 0 0 0.269173 0 0 0 0 0 0.0013656 0.0264755 0.0490035 0.0115199 0.00627535 0.122931 0.0982605 0.0366692 0 0 0.00203378 0.0151698 0.0297507 0 0 0 0 0 0.0910217 0.191128 0.0753302 0 0 0 0 0.269173 0.176136 0 0 0 0 0 0 0.269173 0 0 0 0.269173 0.0244828 0 0 0 0 0 0.029913 0.124904 0.0104746 0.0330552 0 0 0.004335 0 0.0744603 0 0 0.0882276 0.269173 0.0128331 0 0 0 0 0.0189408 0.207546 0.171532 0.00741382 0 0 0 0.0281701 0 0 0 0 0 0 0.269173 0.031157 0 0.0208429 0.18127 0 0 0 0.0683205 0 0 0.269173 0.269173 0 0 0 0 0.109023 0.215791 0.217803 0 0 0 0 0 
0 0.0229999 0.0318435 0.0431062 0 0 0 0 0 0 0.164147 0.0639483 0 0 0 0 0 0.0293182 0.264398 0 0 0 0 0 0 0.00311704 0.0731898 0.00965897 0.00847801 0 0 0 0 0 0 0.0693892 0.110699 0.115605 0 0 0 0 0.126221 0.211728 0.0189016 0 0 0 0.0561926 0.239186 0.16344 0 0 0 0 0 0.0827848 0.139306 0.00416464 0 0 0 0 0.004739 0 0 0 0 0.0947723 0.269328 0 0 0.0338685 0.00614964 0 0.00447378 0.0503852 0.0503221 0.0104595 0.0421481 0.269328 0 0 0 0 0 0 0.199945 0.032605 0 0 0 0 0 0.134864 0.269328 0 0 0 0 0.269328 0 0 0 0.269328 0 0 0 0.0021335 0.0258912 0.00573909 0.00721564 0.269328 0 0 0 0 0 0 0.19851 0 0 0 0 0 0.177024 0.201445 0.246281 
0.00288287 0 0 0.00359417 0.0285035 0.00388965 0.00441062 0.0331533 0.00452564 0 0 0 0 0 0 0.279026 0 0 0 0 0 0.0472322 0.164606 0.0513727 0 0 0.00294251 0.0330353 0.0580191 0.0305028 0 0 0 0 0 0 0.0150227 0 0.00257405 0.149152 0 0 0 0 0 0 0 0.279026 0 0 0 0 0.0675134 0.19196 0.193061 0 0 0 0 0 0.279026 0 0 0 0.221768 0.0014064 0.000463496 0 0 0 0 0 0.198362 0 0 0 0 0 0 0.279026 0 0 0 0 0.279026 0.0353926 0 0.0603716 0 0 0 0 0.279026 0 0 0 0.252905 0 0 0 0 0 0 0 0.279026 0 0 0 0 0 0 0.0340219 0 0 0 0 0.279026 0 0.00108671 0.0156741 0 0 0 0 0.279026 0 0 0 
0.0184562 0.0152525 0.0107808 0.00212112 0 0.000962665 0 0.0444452 0.032322 0 0 0 0 0 0.022934 0.21174 0 0 0 0 0 0.057638 0.17328 0.0229289 0 0 0 0.00267943 0.0775109 0.0763932 0 0 0 0 0 0 0 0 0.00455385 0.251658 0 0 0 0 0 0 0.0274684 0.273517 0 0 0 0 0 0.264493 0.260237 0 0 0 0 0 0.273517 0.100041 0 0 0.202724 0 0 0 0 0 0 0.0674079 0.193899 0 0 0 0 0 0 0.273517 0 0 0 0 0.205573 0.0505418 0.0133058 0.066986 0 0 0 0 0.273517 0 0 0 0.273517 0 0 0 0 0 0 0 0.273517 0 0 0 0 0 0 0 0.00952211 0 0 0 0.191461 0 0 0.0161011 0 0 0 0 0.273517 0 0 0 
0.188379 0 0.00361204 0.00362566 0 0 0 0 0.269256 0 0 0 0 0 0 0 0.075575 0 0 0 0.105387 0 0 0 0 0 0 0.0225923 0.254023 0 0 0 0.269256 0.00580562 0 0 0 0 0 0 0.269256 0 0 0 0 0 0 0 0.0521862 0 0 0.0396266 0.152212 0 0 0 0 0 0 0.0529721 0.269256 0 0 0 0.269256 0 0 0 0 0 0 0 0.269256 0.0836199 0 0 0 0 0 0 0 0.0212934 0.0438585 0.269256 0 0 0 0 0 0 0 0.265427 0.0710202 0 0 0 0.175324 0.00682019 0 0 0 0 0 0 0.0427836 0.269256 0.031872 0 0 0 0 0 0 0 0.235367 0.189117 0 0 0 0 0 0 0 0.250359 0 0 0 0 
0.275684 0 0 0 0 0 0 0 0.275684 0 0 0 0 0 0 0 0.0421986 0 0 0.00231835 0.0868519 0 0 0 0 0 0 0 0.253032 0 0 0 0.275684 0 0 0 0 0 0 0 0.275684 0.0161813 0 0 0 0 0 0 0.0188884 0.0247065 0.010512 0.122501 0.0455645 0 0 0 0 0 0 0.160668 0.169875 0 0 0 0.275684 0 0 0 0 0 0 0 0.107868 0.275684 0 0 0 0 0 0 0 0 0.252769 0.225954 0 0 0 0 0 0 0 0.275684 0 0 0 0 0.0695176 0.0556158 0 0 0 0 0 0 0 0.23436 0.0658178 0 0 0 0 0 0 0 0.275684 0.0214404 0 0 0 0 0 0 0 0.226525 0 0 0 0 
0 0 0 0 0 0 0 0.262007 0 0 0 0 0 0 0 0.268718 0 0 0 0.0193439 0.0728896 0.0203661 0.0193798 0.0141683 0 0 0 0.262793 0.0165047 0 0 0 0 0 0 0 0 0 0 0.268718 0 0 0 0 0 0 0.0430922 0.268718 0 0 0 0 0.246957 0.0305816 0.0337571 0 0 0 0 0.179006 0.169246 0 0 0 0 0 0 0 0 0 0.183703 0.268718 0 0 0 0 0 0 0.0234571 0.268718 0 0 0 0 0.268718 0.0285293 0 0 0 0 0 0 0.268718 0 0 0 0 0 0 0 0 0 0.268718 0.0194298 0.00101081 0.000870775 0 0 0 0 0 0.152455 0 0 0 0.0337189 0.138342 0 0 0 0 0 0 0 0.268718 0.0290381 0 0 
0 0 0 0 0 0 0 0.268443 0 0 0 0 0 0 0.00961372 0.268443 0 0 0 0.0889783 0.0686992 0.0128896 0.0065375 0 0 0 0 0.268443 0 0 0 0 0 0 0 0 0 0 0 0.268443 0 0 0 0 0 0 0.0617933 0.268443 0 0 0 0 0.268443 0.0451251 0 0 0 0 0 0.268443 0.0921944 0 0 0 0 0 0 0 0 0 0.268443 0.215658 0 0 0 0 0 0.00868694 0.0167685 0.259177 0 0 0 0 0.268443 0 0 0 0 0 0 0 0.268443 0 0 0 0 0 0 0 0 0 0.233421 0 0.00165185 0.00105229 0.00426459 0.00226517 0.00194281 0 0 0.0619016 0 0 0 0.0638488 0.115592 0 0 0 0 0 0 0 0.240443 0.0667503 0 0 
0 0 0 0 0.274353 0 0 0 0 0 0 0.0168727 0.274353 0 0 0 0.0844471 0.0261015 0.0215741 0.0353914 0.00780838 0 0 0 0.274353 0 0 0 0 0 0 0 0 0 0 0.274353 0.201041 0 0 0 0 0 0 0.192761 0.274353 0 0 0 0.0194887 0.234574 0.038315 0.0262183 0 0 0 0 0.274353 0 0 0 0 0 0 0 0 0 0.0424956 0.274353 0 0 0 0 0 0 0 0.18422 0.178238 0 0 0 0.206133 0.0605961 0.0200033 0 0 0 0.00219223 0 0.217921 0.271244 0 0 0 0 0 0 0 0 0.0740105 0.105897 0 0 0 0 0 0 0 0.0435658 0.0546566 0.0161116 0 0 0.112148 0 0 0 0 0 0.0139336 0.0161204 0.0504064 0.235692 0 0 0 0 0 0 
0 0 0 0 0 0 0 0.280758 0 0 0 0 0 0 0.0156455 0.280758 0 0 0 0.0298517 0.125692 0 0.0320418 0.00423684 0 0 0 0.280758 0 0 0 0 0 0 0 0 0 0 0.255865 0.238396 0 0 0 0 0 0 0.129704 0.280758 0 0 0 0 0.280758 0.0700216 0.0115162 0 0 0 0 0.0672434 0.280758 0 0 0 0 0 0 0 0 0 0.280758 0 0 0 0 0 0 0 0.0688003 0.253534 0 0 0.00331623 0.0563962 0.198939 0.0211799 0 0 0 0 0 0 0.280758 0 0 0 0 0 0 0 0 0.00745087 0.145181 0 0.0121822 0 0 0 0 0 0.0392272 0.0391416 0 0.00380574 0.00594973 0.0718298 0.00277755 0 0 0 0 0 0 0 0.246865 0 0 0 
0 0 0 0 0 0 0.0102156 0.0043579 0 0 0 0 0 0.0345972 0.0597464 0 0 0 0 0 0 0.128452 0.00342009 0 0 0 0 0 8.41425e-05 0.0217481 0.000499884 0 0 0 0 0 0 0 0.00637906 0.15943 0 0 0 0 0 0 0.313046 0.200638 0 0 0 0 0.111615 0.313046 0 0 0 0 0 0 0.141396 0.0774062 0 0 0.107725 0 0 0 0 0 0 0.100267 0.313046 0 0 0 0 0 0 0.304396 0.0104933 0 0 0 0.313046 0.0439536 0 0 0 0 0 0 0.313046 0 0 0 0.103822 0 0 0 0 0 0 0.0118758 0.313046 0 0 0 0 0 0 0 0.0569947 0 0 0.0164582 0.239134 0 0 0 0 0 0 0 0.313046 0 0 0 
0 0 0 0.269089 0.159745 0 0 0 0 0 0 0 0.269089 0 0 0 0 0 0 0 0.19491 0 0 0 0 0 0 0.00853595 0.0129304 0 0 0 0.0627274 0.0135894 0.00846119 0.212211 0 0 0 0 0 0 0.0102602 0.269089 0.269089 0 0 0 0 0 0 0.269089 0.223951 0 0 0 0 0 0 0.161279 0.00716264 0 0 0 0.187947 0 0 0 0 0 0 0 0.233157 0.065958 0.0376854 0 0 0 0 0 0 0.0548545 0.269089 0.253581 0 0 0 0 0 0 0.198279 0.121922 0 0 0 0 0.0325642 0.000213833 0 0 0 0 0 0.00321186 0.0584262 0.0216668 0 0 0 0.00115959 0 0.000772423 0 0.0976137 0.269089 0 0 0 0 0 0 0 0.269089 0 0 0 0 0 
0.0743824 0.00330633 0.00398431 0.112758 0.0316019 0 0 0 0.265896 0 0 0 0 0 0 0 0 0 0 0 0.265896 0 0.000971382 0 0.0903903 0 0 0.00707009 0.107382 0 0 0 0.179933 0.0561035 0 0.217062 0 0 0 0 0.265896 0.0195563 0 0 0 0 0 0 0 0 0 0.256926 0.195448 0 0 0 0.178584 0 0.0136595 0.109957 0.0219591 0 0 0 0.262119 0.00242578 0.0320284 0.0965124 0 0 0 0 0.265896 0.265896 0.0683492 0 0 0 0 0 0 0 0.265896 0.265896 0 0 0 0 0.265896 0.0184003 0.0248176 0.121904 0 0 0 0 0.0427764 0 0.00251973 0 0 0 0 0.00854922 0.029538 0.146879 0 0 0 0 0 0 0 0.00998749 0.171237 0.0283002 0 0 0 0 0.0955736 0.0010581 0.00125635 0.0145016 0 0 0 0.00467465 
0.0494847 0 0 0.041419 0.14557 0 0 0 0.284207 0 0 0 0 0 0 0 0.0287323 0 0 0 0.218345 0 0 0 0.0384028 0 0 0.00386424 0.204033 0 0 0 0.115932 0 0.0416741 0.284207 0 0 0 0 0.284207 0 0 0 0 0 0 0 0.0156315 0.025293 0 0.210306 0.122605 0 0 0 0.0817162 0 0.021361 0.175258 0.0797567 0 0 0 0.132018 0.0218605 0 0.164082 0 0 0 0.0039063 0.284207 0.284207 0 0 0 0 0 0 0 0 0.284207 0.284207 0 0 0 0 0.105679 0.0374651 0.0108251 0.284207 0 0 0 0 0.0248771 0.00286433 0.00523824 0 0 0 0 0.00209381 0.024172 0.109924 0.000777427 0 0 0 0 0 0 0 0.208016 0.00502236 0 0 0 0 0.0444023 0.00125834 0.00863882 0.0331689 0 0 0 0 
0 0 0.00259008 0.0813986 0.000775802 0 0 0 0 0 0.26237 0.0299609 0 0 0 0 0 0.218974 0.112212 0 0 0 0 0 0.00421627 0.147384 0 0 0 0 0 0 0 0 0 0.149103 0.0854121 0 0 0 0 0 0.13627 0.26237 0 0 0 0 0.114166 0.26237 0.0929459 0 0 0 0 0 0.26237 0.0383154 0 0 0 0 0 0 0 0 0 0 0.26237 0 0 0 0 0 0 0.110256 0.26237 0 0 0 0.26237 0.0268239 0 0 0 0 0 0 0.26237 0 0 0 0 0 0 0 0 0 0 0 0.26237 0 0 0 0 0 0 0 0.26237 0 0 0 0.26237 0.00437172 0 0 0 0 0 0 0.26237 0 0 0 0 0 0 0 
0 0 0 0 0 0.052695 0.00565275 0.0669171 0 0 0 0 0 0 0.177779 0.135806 0 0 0 0 0.0212206 0.22785 0.0702821 0 0 0 0 0.0314438 0.194841 0 0 0 0 0 0 0 0.0552617 0.0173831 0.00292448 0.167298 0 0 0 0 0 0 0.138285 0.278525 0 0 0 0 0.278525 0.207535 0.0216172 0 0 0 0 0 0.278525 0 0 0 0.176995 0 0 0 0.0423916 0 0 0.00450794 0.252169 0 0 0 0 0 0 0.113388 0 0 0 0 0.278525 0.0114088 0 0 0 0 0 0 0.278525 0 0 0 0.169283 0 0 0 0.0243864 0 0 0 0.265242 0 0 0 0 0 0 0.000432887 0 0 0 0 0.278525 0 0 0 0 0 0 0.00586677 0.278525 0 0 0 
0.111701 0 0 0.0216888 0.0326349 0 0 0 0.265548 0 0 0 0 0 0 0 0 0 0 0 0.265548 0 0 0 0 0 0 0 0.265548 0 0 0 0.18618 0.0164584 0.0353766 0.0675746 0 0 0 0 0.265548 0.0046535 0.0180433 0 0 0 0 0 0 0 0 0.220075 0.265548 0 0 0 0 0 0 0 0.265548 0 0 0 0.0629181 0.197681 0.0945401 0 0 0 0 0 0.109214 0.265548 0.120084 0 0 0 0 0 0 0 0.12073 0.265548 0 0 0 0 0 0 0 0.214861 0.0766195 0.00151806 0 0 0.00391434 0.126335 0.0245717 0 0 0 0 0 0 0.265548 0.090535 0 0 0 0 0 0 0 0.265548 0.0988133 0 0 0 0 0.00724588 0.00209467 0.0102272 0.107936 0 0 0 0.00308406 
0 0 0 0 0 0.0894101 0.107178 0 0 0 0 0 0 0.284403 0 0 0 0 0 0 0 0.115466 0.0510043 0 0 0 0 0 0.00164855 0.00451942 0.0111035 0.00359286 0 0 0 0 0 0 0.284403 0 0 0 0 0 0 0 0.284403 0 0 0 0 0 0 0 0.12531 0.14341 0.0749214 0 0 0 0 0 0 0.0264443 0 0 0 0 0 0 0.284403 0.0181663 0 0 0 0 0 0 0.178625 0.284403 0.271065 0 0 0 0 0 0 0.284403 0.284403 0 0 0 0 0 0 0 0 0 0 0 0 0 0.0347942 0.0653324 0 0 0 0 0 0 0 0.284403 0.282659 0 0 0 0 0 0 0.0528043 0.284403 0 0 0 0 0 0 0 
0 0 0 0 0.0433925 0 0 0 0 0 0 0.135134 0.216102 0 0 0 0.275967 0.00983516 0 0.0361852 0.00629346 0 0 0 0.215229 0 0 0 0 0 0 0 0 0 0 0.0280984 0.0955367 0 0 0 0 0 0 0.275967 0.0358278 0 0 0 0.275967 0.071391 0.0887193 0 0 0 0 0 0.275967 0 0 0 0 0 0 0 0 0 0.0310732 0.228772 0.0481646 0 0 0 0 0 0 0.263166 0.275967 0 0 0 0.275967 0.0117729 0 0 0 0 0.00773154 0.0327116 0.273131 0.177282 0 0 0 0 0 0 0 0 0.106953 0.191358 0 0 0 0 0 0 0 0.162642 0.0551422 0.0315151 0.0126406 0 0.0927978 0 0 0 0 0.00302139 0.0706635 0.0601581 0 0.275967 0 0.000696155 0 0 0 0 
0 0 0 0 0.00154096 0 0 0 0 0 0 0 0.0497215 0 0 0 0 0 0 0 0.343611 0 0 0 0 0 0 0 0.343611 0 0 0 0 0 0 0 0.0037697 0 0 0 0 0 0 0 0.119988 0 0 0 0 0 0 0 0.343611 0 0 0 0 0 0 0.0223906 0.343611 0 0 0 0 0 0 0 0.00742308 0 0 0 0 0 0 0 0.203924 0 0 0 0 0 0 0 0.343611 0 0 0 0 0.00270929 0.00224135 0.0429351 0.343611 0 0 0 0 0 0 0 0.012666 0 0 0 0 0 0 0 0.258303 0 0 0 0 0 0 0 0.343611 0 0 0 0.0259498 0 0 0.00813374 0.212163 0 0.00100415 0 
0 0 0 0 0 0.219985 0 0 0 0 0.0227812 0.0111096 0.0431637 0.197299 0 0 0 0.118101 0.157554 0 0 0 0 0 0 0.0333822 0.0156842 0.00143646 0 0.00777509 0 0 0 0 0 0 0.162857 0.196628 0 0 0 0 0 0.094638 0.269056 0.0932499 0 0 0 0 0.323316 0 0 0 0 0 0 0 0.104663 0.0855853 0.0300321 0.00283276 0 0 0 0 0 0 0.323316 0 0 0 0 0 0 0.0824728 0.323316 0 0 0 0 0 0.323316 0 0 0 0 0 0 0 0 0.323316 0 0 0 0 0 0 0 0 0.292239 0 0 0 0.00810608 0 0.00848878 0 0.069577 0.00328106 0 0.0028725 0.00296813 0.0189262 0.149459 0 0 0 0 0 0 0 0.0115444 0.229906 0 0 0 0 
