0 0 0 0 0 0.322735 0 0 0 0 0 0 0 0.322735 0.0917609 0 0 0 0 0.00398427 0.0464645 0.0367607 0.0510311 0 0 0 0 0.0279971 0.00147706 0 0 0 0 0 0 0 0.200304 0.217719 0 0 0 0 0 0 0.322735 0.0402309 0 0 0 0 0 0.0471801 0.215056 0 0 0 0 0 0 0.0322705 0.0124266 0 0 0 0 0 0.0164892 0.216023 0.118324 0 0 0 0 0 0 0.322735 0.322735 0 0 0 0 0 0.00343538 0.0920976 0.1007 0 0 0 0 0 0.00319036 0.0152747 0.0137138 0.0025567 0 0 0 0 0.322735 0.132917 0 0 0 0 0 0 0.0338021 0.322735 0 0 0 0 0 0 0.0148028 0.129938 0 0 0 0 0 0 0.025643 0.0127925 0 0 0 0 
0 0 0 0 0.0513673 0.00318068 0 0 0 0 0 0 0.321004 0 0 0 0 0 0 0 0.321004 0 0 0 0.00113462 0.00090123 0.00487491 0.00794186 0.0604042 0.0109007 0 0 0 0 0 0.00291387 0.140275 0 0 0 0 0 0 0 0.321004 0 0 0 0 0 0 0.321004 0.191733 0 0 0 0 0 0.0136259 0.114559 0 0 0 0 0 0 0 0.00398706 0.316907 0 0 0 0 0 0 0 0.321004 0 0 0 0 0 0.0144116 0.27187 0 0 0 0 0.00387439 0.021486 0.0178199 0.00493857 0 0 0 0 0 0 0 0.321004 0.0875284 0 0 0 0 0 0 0.321004 0.0424012 0 0 0 0 0 0.0503605 0.0800925 0 0 0 0 0.00224323 0.0922031 0.0115279 0 0 0 0 0 
0 0 0 0 0 0 0.216568 0 0.0792326 0 0 0 0 0 0 0.0690917 0.156202 0.0137203 0 0 0 0 0 0 0.0300784 0 0.00115034 0.00148996 0.00487242 0 0 0.0304407 0.00589507 0 0.0108502 0.00644847 0.0375079 0.0310161 0.0576049 0.0101099 0.290353 0.0997793 0 0 0 0 0 0.0150231 0.290353 0 0 0 0 0 0 0 0.290353 0 0 0 0 0 0 0 0 0 0.0804149 0.186239 0.0787257 0 0 0 0 0.110305 0.290353 0.290353 0 0 0 0 0.13037 0 0.0298725 0.19613 0.130014 0 0 0 0.133341 0 0 0 0.19425 0 0 0.00989633 0.0119858 0.00561876 0.0160317 0.0777832 0.0135598 0 0.000631196 0 0 0 0.00875108 0.290353 0 0 0 0 0 0 0 0.256162 0.220348 0 0 0 0 0 0 0 0.290353 0 0 0 
0.161118 0 0 0 0.0352387 0.000684116 0.00761331 0 0.147412 0 0 0 0.0931041 0 0 0.00610958 0.0862359 0.00122939 0.00285909 0 0.153685 0 0 0.00785158 0.00885813 0.0159687 0.0158486 0.00512134 0.0636931 0 0 0 0.286497 0.00447746 0 0.00289492 0 0 0 0 0.286497 0 0 0 0 0 0 0 0.286497 0 0 0 0 0 0 0.26063 0.121727 0.00321865 0 0 0 0 0 0.207061 0 0 0 0.26581 0.0805496 0 0 0 0 0 0 0.0128558 0.286497 0 0 0.0169209 0 0 0 0 0.215753 0.234194 0.100035 0.0896794 0 0 0 0 0 0.174199 0.238944 0 0 0.000758222 0.000642562 0.0512997 0.0684825 0 0 0 0 0 0 0.0632481 0.200571 0 0 0 0 0 0 0 0.268568 0.0914077 0 0 0 0 0 0 0.000906246 0.189772 0 0 
0.293767 0 0 0 0 0 0 0 0.293767 0 0 0 0 0 0 0 0.293767 0 0 0 0 0 0 0.131567 0 0 0 0 0 0 0.00664816 0.293767 0.293767 0 0 0 0 0 0 0 0.293767 0 0 0 0 0 0 0 0.293767 0 0 0 0 0 0 0.188906 0.290937 0 0 0 0 0 0 0.293767 0.1084 0 0 0 0 0 0 0 0.173084 0 0 0 0 0 0 0 0.0618945 0 0 0 0 0 0 0.177065 0.293767 0 0 0 0 0 0 0.0312851 0.00827538 0 0 0 0 0 0 0.00195575 0.00604121 0 0 0 0 0 0 0.00853501 0.0196929 0 0 0 0 0 0 0.010472 0.0841103 0 0 0 0 0 0 0 
0 0 0 0.295934 0 0 0 0 0 0 0 0.138447 0.279011 0 0 0 0 0 0 0 0.295934 0.0747649 0 0 0 0 0 0 0.0922771 0.214988 0 0 0 0 0 0.284244 0.0696539 0 0 0 0 0 0 0.0313056 0.295934 0 0 0 0 0 0 0 0.295934 0 0 0 0 0 0 0 0.247115 0 0 0 0 0 0 0 0.0308221 0 0.0447002 0.165136 0 0 0 0 0.0662079 0.0426642 0.105732 0.100582 0.00643 0 0.00328469 0.00932874 0.0569935 0.0205635 0.0152589 0.104899 0.0271432 0.0037232 0.0035025 0.0194444 0 0 0 0.00140562 0 0 0 0 0 0 0 0.295934 0 0 0 0 0 0 0.0258433 0.295934 0 0 0 0 0 0 0.137704 0.264181 0 0 0 0 0 0 0.0651213 0.0440302 
0.0641801 0 0 0 0 0 0.0060912 0.0395061 0.267469 0 0 0 0 0 0 0.00490811 0.267469 0 0 0 0 0 0 0 0.267469 0 0 0 0 0 0 0 0.0486613 0.0924805 0.0420791 0 0 0 0 0 0.229596 0.263986 0 0 0 0 0 0 0.267469 0.0207326 0 0 0 0 0 0 0.267469 0 0 0 0 0 0 0 0 0 0.168113 0.09357 0 0 0 0 0 0 0.267469 0.213522 0 0 0 0 0 0.0249115 0.0274361 0.263607 0.0240378 0 0 0 0.0197501 0 0 0.00776388 0.169027 0 0 0 0 0 0 0.148121 0.0211182 0.0046502 0 0 0 0 0 0.267469 0 0 0 0 0 0 0 0.215429 0.185824 0 0 0 0 0 0 0 0.267469 0 0 0 
0 0 0 0 0.280969 0 0 0 0 0 0 0 0.280969 0.0364443 0 0 0 0 0 0 0 0.280969 0 0 0 0 0 0 0 0.257291 0.0998784 0 0 0 0 0 0.280969 0.012695 0 0 0 0 0 0 0.280969 0.150592 0 0 0 0 0 0 0.18974 0.280969 0 0 0 0 0 0 0.0607742 0.213969 0 0 0.174836 0 0 0 0 0 0.0143298 0.0393081 0.0685572 0 0 0 0 0.0580701 0.0253065 0.14553 0.122186 0 0.00235566 0 0.0226963 0.0386511 0.0179406 0.0180134 0.00947057 0.0305308 0.0156175 0.00559858 0.0134538 0 0 0 0.280969 0 0 0 0 0 0 0 0.280969 0 0 0 0 0 0 0.0520917 0.204488 0 0 0 0 0 0 0.222544 0.055844 0 0 0 0 0 0.00257646 0.0645905 
0 0 0 0 0 0 0.0760071 0.0775165 0.208837 0 0 0 0 0 0 0.0625123 0.283505 0.00318833 0 0 0 0 0 0 0.185237 0.00404298 0.000952053 0.00132039 0 0 0 0 0.0677848 0.0509668 0.0284541 0.00581372 0 0 0 0.0130441 0.283505 0.109845 0 0 0 0 0 0 0.283505 0 0 0 0 0 0 0 0.283505 0 0 0 0 0 0 0 0 0 0.0987166 0.236123 0 0 0 0 0 0.0195223 0.189962 0.283505 0 0 0 0 0.0312609 0.0332646 0 0.283505 0.0275899 0 0 0 0.0527429 0 0 0.00856754 0.159313 0 0.000224411 0 0 0 0.013534 0.150017 0 0 0 0.00060052 0 0 0 0.283505 0 0 0 0 0 0 0 0.249363 0.15862 0 0 0 0 0 0 0 0.283505 0 0 0 
0.0112799 0 0 0 0 0.0244864 0.0293122 0.00418139 0 0 0 0 0.107304 0.120663 0.0016937 0 0 0.0197094 0.0802025 0.251623 0.0515445 0 0 0 0 0.212493 0.153853 0.247731 0 0 0 0 0 0 0 0 0 0.0552424 0.20775 0 0 0 0 0 0.0908273 0.251623 0.0948925 0 0 0 0 0.251623 0.24967 0 0 0 0 0 0 0.251623 0.251623 0 0 0 0 0 0 0 0 0 0.194504 0.0549172 0.017795 0 0 0 0 0 0.145477 0.207936 0.0552833 0.0612743 0.0216323 0.121729 0.0125709 0 0 0 0 0.0413722 0.0098999 0.0976607 0.21416 0 0 0 0 0 0 0 0 0.0143081 0.0648693 0.042906 0.144866 0.0383515 0 0 0 0 0 0.134201 0.213966 0.219925 0 0 0 0 0 0 0.251623 0.0325586 0 0 0 0 0 0 
0 0 0 0.274585 0 0 0 0 0 0 0 0.274585 0.0930612 0 0 0 0 0 0 0 0.274585 0 0 0 0 0 0 0 0.200232 0.113883 0 0 0 0 0 0.11052 0.0444545 0.0106078 0.00456734 0 0 0 0 0.0464373 0.234879 0.0266535 0 0 0 0 0 0 0.274585 0 0 0 0 0 0 0.0162042 0.210909 0 0 0 0 0 0 0 0 0 0 0.274585 0 0 0 0 0 0 0.0554154 0.274585 0 0 0 0 0 0.00654221 0.0156806 0.274585 0.00739693 0.00327627 0.0041352 0.00209498 0.00109535 0 0 0.0650808 0 0 0 0 0 0 0 0.274585 0 0 0 0 0 0 0 0.274585 0 0 0 0 0 0 0.187171 0.274585 0 0 0 0 0 0 0.152674 0.0343337 
0.00233518 0.00239923 0.00314341 0 0.0303434 0.0254523 0.00646775 0.00370216 0 0 0 0.0110175 0.280877 0 0 0 0 0.00758824 0.0842966 0.180102 0.0574348 0 0 0 0.101731 0.136049 0.243053 0 0 0 0 0 0 0 0 0 0 0.280877 0 0 0 0 0 0 0.280877 0.180474 0 0 0 0 0.0366547 0.280877 0.0121025 0 0 0 0 0 0.130386 0.280877 0 0 0 0 0 0 0 0 0 0.0224151 0.259765 0 0 0 0 0 0 0.0691379 0.211223 0.0961117 0.201583 0.0259823 0.0538763 0 0.0026051 0 0 0.0305242 0.10322 0.019131 0.063581 0.165987 0 0 0 0 0 0 0 0 0.152318 0.0919694 0.0148294 0 0.0989032 0.0467628 0.0139052 0.0138753 0.00615667 0 0.0305745 0.0470241 0.280877 0 0 0 0 0 0 0 0.280877 0 0 0 0 0 0 0.0479416 
0 0 0 0.272601 0 0 0 0 0 0 0 0.157093 0.177947 0 0 0 0 0 0 0 0.276839 0 0 0 0 0 0 0 0.26587 0.0979459 0 0 0 0 0 0.0379064 0.0445415 0.0116084 0.00991408 0.0209996 0 0 0 0 0.221712 0.0239374 0.0333169 0 0 0 0 0 0.276839 0.0247019 0 0 0 0 0 0.00617782 0.217331 0 0 0 0 0 0 0 0 0 0 0.276839 0 0 0 0 0 0 0 0.276839 0 0 0 0 0 0 0 0.276839 0.0100372 0.00149915 0 0 0 0 0 0.148613 0 0 0 0 0 0 0 0.272508 0 0 0 0 0 0 0 0.276839 0 0 0 0 0 0 0.134671 0.276839 0 0 0 0 0 0 0.172637 0.0733572 
0.159119 0 0 0 0 0 0 0.0487608 0.0213502 0 0 0 0 0 0 0.258545 0.00783573 0 0 0 0 0 0 0.253421 0.0501443 0.00145715 0 0 0 0 0 0.0440456 0.236996 0 0 0 0 0 0 0 0.157346 0 0 0 0 0 0 0.218695 0 0 0 0 0 0 0.0256596 0.258545 0 0 0 0 0 0 0.106475 0.198651 0 0 0 0 0.228117 0.0014477 0.00174931 0.00196709 0 0 0 0 0.207227 0.051942 0.011916 0.0178811 0 0 0 0 0 0.256024 0.233236 0 0 0 0 0 0 0.0703426 0.258545 0 0 0 0 0 0.258545 0 0 0 0 0 0 0 0.258545 0 0 0 0 0 0 0 0.223244 0.221227 0 0 0 0 0 0 0 0.258545 0 0 
0.325709 0 0 0 0 0 0 0 0.325709 0.00247826 0 0 0 0 0 0 0 0 0 0.00527418 0.105721 0 0 0.00148204 0 0 0 0 0.0877307 0.00624435 0.00331047 0 0.325709 0 0 0 0 0 0 0 0.325709 0 0 0 0 0 0 0 0.0405094 0.00673526 0 0.0384191 0.0286076 0 0 0 0 0 0 0.00858239 0.110531 0 0 0 0.325709 0 0 0 0 0 0 0 0.325709 0 0 0 0 0 0 0 0.185953 0.025659 0.0141175 0.0140514 0 0 0 0 0 0 0 0.0814715 0.0130672 0 0 0 0.275194 0 0 0 0 0 0 0 0.325709 0 0 0 0 0 0 0 0.31993 0.0053898 0 0 0 0 0 0 0.00178914 0.000871144 0.00459478 0.0395872 0.00377427 0 0 0 
0.138768 0 0 0 0 0 0.00377778 0.047786 0.102257 0 0 0 0 0.00992673 0.00720258 0.11035 0.140907 0 0 0 0.0203861 0.00380404 0 0.0245842 0.0561733 0 0 0 0.028064 0.00121112 0.00132624 0.00185941 0.2741 0 0 0 0 0 0 0.0334703 0.2741 0 0 0 0 0 0 0.0753623 0.162201 0 0 0 0 0 0 0.2741 0 0 0 0 0 0 0 0.2741 0 0 0 0 0.2741 0.00295978 0 0 0 0 0 0 0.2741 0.00819306 0.0032669 0.035779 0 0 0 0 0.141547 0.145853 0.0510871 0.0883959 0 0 0 0 0 0.173477 0.268157 0 0 0 0 0 0.2741 0 0 0 0 0 0 0 0.2741 0 0 0 0 0 0 0 0.2741 0 0 0 0 0 0 0 0.0497548 0.252899 0 0 
0 0 0.000740495 0.0111408 0.00423605 0 0 0 0 0 0.0168413 0.100112 0 0 0 0 0 0 0.279386 0.0261788 0 0 0 0 0 0 0.279386 0 0 0 0 0 0 0 0 0.00485948 0.112183 0 0 0 0 0 0 0.279386 0.0367136 0 0 0 0 0.0245553 0.279386 0.279386 0 0 0 0 0 0.126215 0.279386 0 0 0 0 0 0 0 0 0 0.279386 0 0 0 0 0 0 0.279386 0.279386 0 0 0 0.241004 0.0366652 0.0168252 0.0472976 0 0 0 0 0.0830276 0.020111 0 0 0 0.000420326 0 0.00034208 0 0 0 0.279386 0.176266 0 0 0 0.0458179 0 0.0074015 0.107615 0.116164 0 0 0 0.22135 0 0 0 0 0 0 0 0.0354218 0.0020905 0 0 0.000288655 0 0 0.00325594 
0.221721 0 0 0 0.0328923 0 0 0 0.0827899 0 0 0 0.0798913 0 0.0166625 0.170404 0 0 0 0 0.098847 0.0505667 0 0.289473 0.00136528 0 0 0 0.0337484 0.00272396 0.00354837 0.026612 0.195811 0 0 0 0.0357699 0 0 0.0131701 0.086239 0 0 0 0.0169636 0.0280757 0 0.261998 0 0 0 0 0 0 0.289473 0.289473 0 0 0 0 0 0 0.168434 0.0284616 0 0 0 0 0.289473 0 0 0 0 0 0 0 0.289473 0.0217882 0 0 0 0 0 0 0.219435 0.289473 0 0 0 0 0 0 0.003548 0.166218 0.00109927 0 0.189663 0 0 0 0.0377356 0 0 0.005819 0 0 0 0 0.124923 0.0108319 0.0223132 0.280527 0.00965303 0 0 0 0.134808 0.0226898 0 0.126509 0 0.000624389 0 0 0.0264586 0.00238665 0 0.00173607 
0.13614 0 0 0.0078415 0.0746104 0 0 0 0.057567 0 0 0 0.168748 0 0.0091845 0.0769005 0 0 0 0 0.280533 0.0302486 0.0124524 0.126542 0.00958197 0.000588292 0 0 0.0742285 0.0261118 0 0 0.280533 0 0 0 0 0 0.000374849 0.00818308 0.180821 0 0 0 0 0 0 0.280533 0 0 0 0 0 0 0.252252 0.280533 0 0 0 0 0 0.00972739 0.117984 0.0533966 0 0 0 0 0.280533 0 0 0 0 0 0 0 0.280533 0.0228202 0 0 0 0 0 0 0.192868 0.280533 0.0741456 0 0 0 0 0 0.00226329 0.20634 0.0241792 0 0.0972835 0 0 0 0.0589523 0.00226407 0 0.0409596 0 0 0 0 0.184739 0.0190114 0 0.214774 0 0 0 0 0.241728 0 0.0106124 0.0963534 0.000794457 0 0 0.00828727 0.0274902 0.015929 0 0 
0 0 0 0 8.70882e-05 0.00974342 0.000376231 0 0 0 0 0 0.182998 0.00727654 0 0 0 0 0 0.0122309 0.304338 0 0 0 0 0 0 0 0.304338 0 0 0 0 0 0 0 0 0.101607 0.00280946 0 0 0 0 0 0.160177 0.304338 0 0 0 0 0 0 0.304338 0.0483792 0.00581923 0.00776667 0.021801 0 0 0 0.304338 0 0 0.0193036 0 0 0 0 0 0.0362328 0.0726615 0 0 0 0 0 0 0 0.304338 0.115177 0.304338 0 0 0 0 0 0.0283162 0.304338 0.304338 0 0 0 0 0 0 0 0 0 0 0 0 0 0.0263805 0 0 0 0 0 0 0 0.0573866 0.134208 0.165616 0 0 0 0 0 0 0.0636456 0.1386 0 0 0 0 0 0 0 
0 0 0 0 0.042643 0.0591992 0 0 0 0 0 0 0.25658 0 0 0 0 0 0 0 0.25658 0 0 0 0 0 0 0 0.25658 0 0 0 0 0 0 0 0 0.214425 0.0891279 0 0 0 0 0 0.180242 0.235998 0.0741076 0 0 0 0 0 0.25658 0.0276665 0 0 0 0 0 0 0.25658 0.00212123 0 0 0 0 0 0 0 0 0.25658 0 0 0 0 0 0 0 0.180246 0.25658 0.231264 0 0 0 0 0 0 0.182833 0.25658 0 0 0 0 0 0 0 0 0 0 0 0 0 0.0312252 0.0619668 0 0 0 0 0 0 0 0.25658 0.25658 0 0 0 0 0 0 0.0255834 0.251219 0 0 0 0 0 0 0 
0.162075 0 0 0 0 0 0 0.0705699 0.283108 0 0 0 0 0 0 0.0111439 0.283108 0 0 0 0 0 0 0 0.283108 0 0 0 0 0 0 0 0.0704183 0.161201 0.0695411 0 0 0 0 0 0.283108 0.166795 0.0205424 0 0 0 0 0 0.283108 0.00968374 0 0 0 0 0 0 0.283108 0 0 0 0 0 0 0 0 0 0.237133 0.100164 0 0 0 0 0 0 0.150609 0.283108 0 0 0 0 0 0 0 0.144114 0.240488 0 0 0 0 0 0 0 0.283108 0.00148161 0 0 0.0025659 0.0405887 0.0232848 0.0546343 0 0 0 0 0.0597352 0.0198778 0.00431733 0.198661 0 0 0 0 0.0486713 0 0.00240488 0.0524179 0.130784 0 0 0 0.0294635 0 0 0.0162607 0.154163 0 0 0 
0.265202 0 0 0 0 0 0 0 0.265202 0 0 0 0 0 0 0 0.224488 0.00634398 0 0 0 0 0 0.0504986 0.0218215 0 0.00265936 0.00633675 0.00402619 0 0 0.0658759 0.265202 0 0 0 0 0 0 0.0339614 0.265202 0 0 0 0 0 0 0.196368 0 0 0 0 0 0 0.0825135 0.265202 0 0 0 0 0 0 0.244732 0.132898 0 0 0 0 0.265202 0 0 0 0 0 0 0 0.265202 0.00878271 0.0187721 0 0 0 0 0 0.106261 0.265202 0.116377 0 0 0 0 0 0 0.265202 0.0887288 0 0.0508329 0 0 0 0.101285 0 0 0.00386953 0 0 0 0 0.203237 0 0.025946 0.0681964 0 0 0 0 0.0621583 0.228253 0.069368 0 0 0 0 0 0 0.176627 0.0217301 0 
0 0 0 0 0.00235479 0.00397811 0.0110177 0.00341804 0.0688643 0 0 0 0 0 0 0.0253005 0.276567 0 0 0 0 0 0 0 0.276567 0 0 0 0 0 0 0 0 0 0 0 0 0 0.160274 0 0 0 0 0 0 0 0.124506 0.141288 0.262381 0 0 0 0 0 0 0.276567 0.276567 0 0 0 0 0 0 0.0295932 0 0 0 0 0 0.254967 0.149065 0 0 0 0 0 0 0 0.276567 0 0 0 0 0 0 0 0.119711 0.276567 0 0 0 0 0 0 0 0.276567 0 0 0 0 0 0.218323 0 0 0 0 0 0 0 0.0410685 0.276567 0 0 0 0 0 0 0 0.276567 0.0690763 0 0 0 0 0 0 0 0.139664 
0 0 0 0 0.145293 0 0 0 0 0 0 0 0.203579 0 0 0 0 0 0 0 0.173684 0.186996 0 0 0 0 0 0 0 0.29879 0.00389343 0 0 0 0 0 0.29879 0 0.0124637 0.00197572 0 0 0 0 0.29879 0.0682433 0 0 0 0 0 0.0155626 0.29879 0 0 0 0 0.00112994 0.0278088 0.0210017 0.0922228 0.0790887 0 0.00150684 0.13151 0 0 0 0 0 0 0.213922 0 0 0 0 0 0 0.0357848 0.29879 0.256751 0.0128207 0 0 0 0 0 0.210425 0.0940967 0.0598065 0.0280028 0 0 0 0 0.0297144 0.0195016 0 0 0 0 0 0 0.0574317 0 0 0 0 0 0 0 0.250745 0 0 0 0 0 0 0.0543282 0.29879 0.00277865 0 0 0 0 0 0.0997806 0.217573 
