0 0 0 0 0 0 0.236577 0 0 0 0 0 0 0 0.303129 0 0 0 0 0 0 0 0.303129 0 0 0 0 0 0 0 0.0568445 0.0274349 0 0 0 0 0 0 0.229022 0.0951386 0 0 0 0 0 0 0.303129 0.134427 0 0 0 0 0 0 0.217509 0.0608306 0.00181246 0 0 0 0 0 0.00883749 0.034513 0 0 0 0 0 0 0 0.303129 0.0281086 0 0 0 0 0 0 0.303129 0.213437 0 0 0 0 0 0 0.105943 0.0839754 0 0 0 0 0 0 0.00428416 0 0 0 0 0 0 0 0.231777 0.206683 0 0 0 0 0 0 0.203113 0.303129 0 0 0 0 0 0 0 0.233527 0 0 0 0 0 0 0 
0.0499991 0.0237443 0 0 0 0 0 0 0 0.302756 0 0 0 0 0 0 0 0.302756 0 0 0 0 0 0 0 0.270216 0 0 0 0 0 0 0.0770061 0 0 0 0 0 0 0 0.0290455 0.185339 0 0 0 0 0 0 0 0.302756 0 0 0 0 0 0 0 0.302756 0 0 0 0 0 0 0.0921105 0 0 0 0 0 0 0 0.249757 0 0 0 0 0 0 0 0.302756 0 0 0 0 0 0 0 0.302756 0.0504503 0 0 0 0 0 0 0.127069 0 0 0 0 0 0 0 0.302756 0 0 0 0 0 0 0 0.302756 0 0 0 0 0 0 0 0.244845 0 0 0 0 0 0 0 
0.0363132 0.135047 0 0 0 0 0 0 0.154785 0 0 0 0 0 0 0.00324244 0.0180899 0 0 0 0 0 0.0111345 0.036485 0 0 0 0 0.014563 0.0275841 0.00425411 0 0 0.32806 0 0 0 0 0 0 0.0878937 0.32806 0 0 0 0 0 0 0.109399 0.0915255 0 0 0 0 0 0 0.0088793 0.0116254 0 0.00238438 0.0114252 0.00355637 0.000492026 0.00168527 0.0720365 0.32806 0 0 0 0 0 0 0 0.32806 0 0 0 0 0 0 0 0.32806 0 0 0 0 0 0 0 0.189542 0.00203263 0 0 0 0 0 0.0541157 0 0 0 0 0.218213 0.0186396 0 0.32806 0 0 0 0 0.00669353 0 0.00718659 0.32806 0.125208 0 0 0 0 0 0 0.185622 0.172223 0 0 0 0 0 0 
0 0 0 0.255419 0 0 0 0 0 0 0 0.29912 0.106895 0 0 0 0 0 0 0.0583003 0.131648 0 0 0 0 0 0 0.00411655 0.00879145 0 0 0 0 0 0.0181283 0.12081 0 0 0 0 0 0 0.0568483 0.29912 0 0 0 0 0 0 0 0.29912 0.0126325 0 0 0 0 0 0 0.112105 0.00945661 0 0 0 0 0.202794 0.0213364 0 0 0 0 0 0 0.29912 0.0860551 0 0 0 0 0 0 0.29912 0.254902 0 0 0 0 0 0 0.0108384 0.145119 0.00662378 0.0026037 0 0 0 0 0.29912 0 0 0 0 0 0 0 0.29912 0.00266087 0 0 0 0 0 0 0.179143 0.00332969 0.00230205 0.00388455 0.0923528 0 0 0 0 0.00458898 0 0.224119 0.138318 0 0 
0 0 0 0 0.00363843 0 0 0 0 0 0 0 0.0199908 0 0 0 0 0 0 0 0.0295845 0.109506 0 0 0 0 0 0 0 0.29157 0 0 0 0 0 0 0.0461891 0 0 0 0 0 0 0 0.146048 0 0 0 0 0 0 0.0746315 0.204195 0 0 0 0 0 0 0.0259552 0.133481 0.29157 0 0 0 0 0 0 0.275294 0 0 0 0 0 0 0 0.29157 0 0 0 0 0 0 0.233672 0.29157 0 0 0 0 0 0 0.29157 0.0194758 0 0 0 0 0 0 0 0.29157 0 0 0 0 0 0 0 0.29157 0 0 0 0 0 0 0.0402101 0.29157 0 0 0 0 0 0 0.29157 0 0 0 0 
0 0 0 0 0.000976271 0 0 0 0 0 0 0 0.00786597 0 0 0 0 0 0 0 0.0403902 0 0 0 0 0 0 0.00567467 0.101631 0 0 0 0 0 0 0 0.0137145 0 0 0 0 0 0 0 0.0904397 0 0 0 0 0 0 0 0.321695 0 0 0 0 0 0 0 0.350553 0 0 0 0 0 0 0 0.0703087 0 0 0 0 0 0 0 0.350553 0 0 0 0 0 0 0 0.350553 0 0 0 0 0 0 0 0.350553 0 0 0 0 0 0 0 0.0987752 0.0342967 0 0 0 0 0 0 0.350553 0 0 0 0 0 0 0 0.350553 0 0 0 0 0 0 0 0.350553 0 0 0 
0.0767203 0 0 0 0 0.00956099 0.00951483 0.214285 0.266997 0 0 0 0 0 0 0 0.266997 0.266997 0 0 0 0 0 0 0 0.266997 0.00467301 0 0 0 0 0 0 0 0 0 0.266997 0.0105343 0.00506451 0 0.0447461 0 0 0 0.266997 0 0 0.00699358 0.0171213 0.048812 0 0 0.171534 0.0411496 0 0 0 0.0172432 0 0 0.00994614 0.253248 0 0 0 0 0 0 0.152047 0.0161972 0 0.00997066 0.00158548 0.00113811 0.00129876 0.00310553 0.266997 0 0 0 0 0 0 0.00191889 0.231958 0.0583414 0 0 0 0 0 0 0 0.21784 0.00333677 0 0.145605 0.0266625 0 0 0 0 0 0 0.266997 0 0 0 0 0 0 0 0.266997 0 0 0 0 0 0 0 0.236239 0 0 0 0 0 0 0 
0 0 0 0 9.49858e-07 0 0 0 0 0 0 0.00023634 7.75203e-05 0 0 0 0 0 0 0.0160515 0 0 0 0 0 0 0 0.172373 0 0 0 0 0 0 0 4.5304e-06 8.10042e-06 0 0 0 0 0 0 0 0.0024502 0 0 0 0 0 0 0.0816938 0.00286648 0 0 0 0 0 0 0.346359 0 0 0 0 0 0 0 0.000244146 7.15573e-07 0 0 0 0 0 0 0.0132899 0.00122844 0 0 0 0 0 0 0.12528 0.102014 0 0 0 0 0 0 0.346359 0.346359 0 0 0 0 0 0 0.00420627 0 0 0 0 0 0 0 0.111249 0 0 0 0 0 0 0.328389 0.326862 0 0 0 0 0 0 0.331915 0.346359 0.346359 0 0 0 
0 0 0 0 0 0 0.299079 0 0 0 0 0 0 0.0133137 0.155857 0 0 0 0.138378 0.0139231 0.00575183 0 0 0 0 0 0.299079 0 0 0 0 0 0 0 0 0 0 0 0.299079 0 0 0 0 0 0 0 0.153253 0.0183867 0 0 0.17537 0.00187675 0 0 0 0 0 0 0.299079 0 0 0 0 0 0 0 0 0 0 0 0.0265881 0.299079 0 0 0 0 0 0 0 0.299079 0.0053036 0.00320323 0.00917126 0.0835453 0 0 0 0.0222588 0 0 0.0897807 0.299079 0 0 0 0 0 0 0 0 0 0.0104388 0.0124935 0.299079 0 0 0 0 0 0 0 0.299079 0.0677231 0.00820717 0.00957562 0 0 0 0 0.202279 0.0062786 0 0.0789205 0.167268 0 0 0 0 
0 0 0.327705 0 0 0 0 0 0 0 0.327705 0.0425667 0 0 0 0 0 0 0.043575 0.0344351 0 0 0 0 0 0 0.00133087 0.0027416 0 0 0 0 0 0 0.0651098 0.278417 0 0 0 0 0 0 0 0.327705 0 0 0 0 0 0 0 0.241073 0 0 0 0 0 0 0 0.0211363 0 0 0 0 0.0176473 0.013317 0.11793 0.104402 0 0 0 0 0 0 0 0.327705 0 0 0 0 0 0 0 0.327705 0 0 0 0 0 0 0 0.0810809 0 0 0 0 0.028636 0.00449022 0.0338053 0 0 0 0 0.150358 0 0 0.0176905 0.327705 0 0 0 0 0 0 0 0.327705 0 0 0 0 0 0 0 0.215097 0 0 0 0 
