0 0 0 0 0 0 0.0179727 0.0174568 0.0160431 0 0 0 0 0 0.00409256 0.0276632 0.0210813 0 0 0 0 0 0 0.0295956 0 0 0 0 0 0 0.00697069 0.0382417 0.00519275 0.00189252 0 0.0037108 0.000471254 0 0 0.0449783 0.0247057 0 0 0 0 0 0 0.0878566 0.0372227 0.0020834 0 0 0 0 0.00778683 0.0272783 0 0 0 0 0 0 0.0470986 0.0148183 0.135564 0.142769 0.0541717 0.00656788 0 0 0 0 0.330621 0 0 0 0 0 0 0 0.330621 0 0 0 0 0 0 0.128951 0 0 0 0 0 0 0 0.330621 0 0.330621 0 0 0 0 0 0 0.330621 0.116674 0 0 0 0 0 0 0.317055 0 0 0 0 0 0 0.330621 0 0 0 0 0 0 0.206874 0.330621 
0 0.00700614 0.015889 0.00698032 0.00922618 0.00188492 0.00072502 0 0.0141714 0.0187375 0 0 0 0 0.0147401 0.0366902 0 0 0 0 0 0 0.186655 0.00303163 0 0 0 0.00116284 0.00188773 0.0425203 0 0 0.0347977 0.0169095 0.0148741 0.00469853 0.121934 0 0 0 0.221106 0 0 0 0 0 0 0.296885 0 0 0 0 0 0.296885 0.296885 0.03291 0 0 0 0 0 0.296885 0 0 0.0904551 0 0 0 0.158164 0 0 0.0198551 0.296885 0 0 0 0 0 0 0.0551687 0.0084808 0 0 0 0.296885 0.0764564 0 0.0866201 0 0 0 0.0300789 0.296885 0 0 0 0.146991 0 0 0 0.0664244 0 0.00100864 0 0.296885 0 0 0 0 0 0 0 0 0.00291461 0 0.079588 0.280545 0 0 0 0 0 0 0.0366802 0.16032 0 0 0 
0.0266369 0 0.00143211 0.00190857 0.00620788 0 0.00105056 0.0252741 0.301479 0 0 0 0 0 0 0 0.159105 0 0 0 0.174869 0 0 0 0 0 0 0 0.301479 0 0 0 0.135328 0.0095456 0.00209853 0 0 0 0 0 0.301479 0 0 0 0 0 0 0 0.14826 0 0.0312011 0.177731 0.117774 0 0 0 0 0 0 0.130996 0.301479 0 0 0 0.0806724 0 0 0 0 0 0 0.0740195 0.301479 0.061364 0 0 0 0 0 0.0153545 0 0.151634 0.239653 0.301479 0 0 0 0 0 0 0.00426846 0.301479 0 0 0 0 0 0 0 0 0 0 0.195158 0 0.0153922 0.0150043 0.00218291 0 0.0206859 0.0160144 0.0546196 0.0373878 0 0 0.0509286 0.200217 0.0710144 0 0 0 0.00689563 0.00300512 0.00879466 0.120066 0.0134005 0 0.000730967 0 
0.00108007 0 0 0 0 0.0575316 0.00986486 0.0138198 0 0 0 0 0 0.0579507 0.0170504 0.0325599 0 0 0 0.0190931 0.0174967 0.0107819 0 0.0022611 0 0 0 0.0144291 0.0392062 0.0402394 0 0 0.322723 0 0 0 0 0 0 0 0.139643 0 0 0 0 0 0 0.170179 0 0 0 0 0 0.0189556 0.0208601 0.0697182 0 0 0 0 0 0.0541333 0.0706948 0.00364231 0.322723 0.0234962 0 0 0 0 0 0 0.322723 0 0 0 0 0 0 0 0.322723 0 0 0 0 0 0 0 0.160677 0 0 0 0 0 0 0.11333 0.151808 0.0354107 0 0 0 0 0 0 0.0880151 0 0 0 0 0 0 0.29427 0.322723 0 0 0 0 0 0 0.300268 0.270453 0 0 0 0 0 0 0.289082 
0.0234278 0.297004 0 0 0 0 0 0 0.154717 0.023929 0 0 0 0 0 0 0 0 0.000311137 0 0.0164005 0.0127403 0.0013684 0.0119503 0 0 0.0624507 0.0204263 0 0 0 0 0.297004 0.0848496 0 0 0 0 0 0 0.297004 0 0 0 0 0 0 0 0.0567516 0.0226744 0.0171844 0.0831728 0.0061946 0 0.00277696 0.0073284 0 0 0.205536 0.161486 0 0 0 0 0.290764 0 0 0 0 0 0 0.149231 0.297004 0 0 0 0 0 0 0.0646034 0.0776498 0.0603596 0.100831 0.0958655 0 0 0 0 0 0 0.0285119 0.297004 0 0 0 0 0 0 0 0 0 0 0 0.297004 0.0743166 0 0 0 0 0 0 0.297004 0.0399082 0 0.042966 0.167321 0 0 0 0 0 0 0 0.297004 0 0 0 0 
0 0 0 0 0 0.0203681 0.22964 0 0 0 0 0 0.0177974 0.122966 0 0 0 0.00603032 0.0180603 0.013712 0.00182392 0 0 0 0.00408671 0 0 0 0 0.00335618 0.0244981 0.00998467 0 0 0 0 0 0.277 0.116219 0 0 0 0 0 0.0693141 0.277 0 0 0.0615791 0.0275482 0.0142697 0.00590608 0.0323841 0 0.00254194 0 0.0647688 0 0 0 0 0 0.00824198 0.213523 0 0 0 0 0.211746 0.277 0 0 0 0 0 0 0.277 0.277 0 0 0.0457272 0 0 0 0 0.0924808 0.0544523 0.144995 0.255109 0 0 0 0 0 0 0.264714 0 0 0 0 0.277 0 0 0 0 0 0 0 0.277 0.0570284 0 0 0.113111 0 0 0 0 0.0449309 0.0120696 0.097233 0.277 0 0 0 0 0 0 0 
0.0169641 0.228727 0 0 0 0 0 0 0.100102 0 0 0 0 0 0 0.0199858 0 0 0 0.00467532 0.0025323 0.00384715 0.0279555 0 0.00315213 0.0177661 0.0531479 0 0 0 0 0.00168542 0.291221 0.0846905 0 0 0 0 0 0 0.291221 0 0 0 0 0 0 0.00670953 0 0.00992778 0 0.158755 0.00223477 0 0 0.00528681 0 0 0.291221 0.0495272 0 0 0 0 0.291221 0 0 0 0 0 0 0.104814 0.291221 0 0 0 0 0 0 0 0 0.00736308 0.034865 0.291221 0 0 0 0 0 0 0.0940216 0.291221 0 0 0 0 0 0 0 0 0 0 0 0.291221 0.103928 0.0266022 0 0 0 0 0 0.125999 0 0 0.0376648 0.291221 0 0 0 0 0 0 0 0.291221 0 0 0 0 
0.0213599 0.264214 0 0 0 0 0 0 0.103335 0.00506664 0 0 0 0 0 0.0111936 0 0 0 0.0325681 0.00792352 0.00362066 0.00192838 0 0 0.0076965 0.122135 0 0 0 0 0 0.276556 0.0228592 0 0 0 0 0 0 0.276556 0 0 0 0 0 0 0.0036877 0 0 0 0.276556 0.00149454 0 0 0 0 0 0.276556 0.112047 0 0 0 0 0.276556 0 0 0 0 0 0 0.135649 0.276556 0.0435238 0 0 0 0 0 0 0 0 0.0506139 0.276556 0 0 0 0 0 0 0.0409073 0.276556 0 0 0 0 0 0 0 0 0 0 0 0.276556 0.15 0 0.0325023 0 0 0 0 0.0118946 0 0 0.0124222 0.276556 0 0 0 0 0 0 0 0.276556 0 0 0 0 
0.0154115 0.00056981 0.000840813 0 0 0 0 0.0658456 0 0 0 0 0 0 0.174854 0.113407 0 0 0 0 0 0.0232829 0.261165 0 0 0 0 0 0 0.213577 0.00731908 0 0 0 0 0 0 0 0 0.261165 0 0 0 0 0 0 0.0538776 0.261165 0 0 0 0 0 0.224026 0.261165 0 0 0 0 0 0.180742 0.250709 0 0 0.0464266 0 0 0 0 0 0 0.261165 0.186016 0 0 0 0 0 0 0.217015 0 0 0 0 0.20339 0.0518549 0.0116456 0.0259569 0 0 0 0 0.261165 0 0 0 0.166671 0 0 0 0 0 0 0.0506032 0.261165 0 0 0 0 0 0 0 0 0 0 0 0.228929 0.00125387 0.00118725 0.00636598 0 0 0 0 0.261165 0 0 0 
0.00117463 0 0 0 0.0208999 0.00133252 0 0.0244328 0 0 0 0 0 0 0.0917429 0.135704 0 0 0 0 0 0.0248832 0.270698 0 0 0 0 0 0 0.20037 0.00658517 0 0.0481636 0 0 0 0.0383085 0.0016503 0.00200891 0.0551713 0.0272904 0 0 0 0 0 0 0.270698 0 0 0 0 0 0.245257 0.270698 0.0259277 0 0 0 0 0.263782 0.190998 0 0 0.0995918 0 0 0 0.0114095 0.0115019 0 0.0973566 0.270698 0 0 0 0 0 0 0.226731 0 0 0 0 0.270698 0.0403339 0.0150355 0.0867577 0 0 0 0 0.270698 0 0 0 0.0989028 0 0 0 0 0.00407079 0.00872352 0.0824954 0.270698 0 0 0 0 0 0 0 0 0 0 0 0.270698 0.00228364 0.0018832 0.0148616 0 0 0 0 0.270698 0 0 0 
0.244618 0 0 0 0 0 0 0 0.270091 0 0 0 0 0 0 0 0.0219074 0 0 0 0.151869 0 0 0 0 0 0 0 0.270091 0 0 0 0.270091 0 0 0 0 0 0 0 0.270091 0 0 0 0 0 0 0 0.0133041 0.0141525 0 0.0805482 0.130035 0 0 0 0 0 0 0 0.270091 0 0 0 0.270091 0 0 0 0 0 0 0 0.270091 0.103862 0 0 0 0 0 0 0 0.0215904 0.0855497 0.270091 0 0 0 0 0 0 0 0.270091 0 0 0 0 0.181319 0 0 0 0 0 0 0.0181861 0.100638 0.195347 0 0 0 0 0 0 0 0 0.217759 0.125948 0 0 0 0 0 0 0 0.270091 0 0 0 0 
0.138225 0 0 0.00305968 0.0029579 0 0 0 0.281846 0 0 0 0 0 0 0 0.0623914 0.000226314 0 0 0.130092 0 0 0.00267082 0 0 0 0 0.281846 0 0 0 0.239625 0.00931768 0.00165077 0 0 0 0 0 0.281846 0 0 0 0 0 0 0 0.0657543 0 0 0.0991595 0.111347 0 0 0 0 0 0 0 0.281846 0 0 0 0.281846 0.00336076 0 0 0 0 0 0 0.281846 0.0221594 0 0 0 0 0 0 0.00971239 0.0548705 0.0407474 0.281846 0 0 0 0 0 0 0 0.281846 0.0315281 0 0 0 0.053859 0 0 0 0 0 0.0129813 0.108183 0.239351 0.0984746 0 0 0 0 0 0 0 0 0.157921 0.219293 0 0 0 0 0 0 0.00253901 0.281846 0 0 0 0 
0 0.251385 0.0687365 0.110734 0 0 0 0 0 0 0 0.0370921 0.28488 0 0 0 0 0 0.00347788 0.00133242 0.28488 0 0 0 0.28488 0 0 0 0 0 0 0 0 0.153017 0.141097 0.267208 0 0 0 0 0 0 0 0.28488 0.28488 0 0 0 0 0.0473487 0.0158674 0.0958224 0.122761 0 0 0 0.257024 0.109906 0 0 0 0 0 0 0 0.00941133 0.0139582 0.0709852 0.111089 0.0154891 0 0 0 0 0 0 0.28488 0.102936 0 0 0.0549633 0.00879666 0 0.00864709 0.0245505 0.00754566 0.0190998 0.0653171 0.209019 0.134067 0 0 0 0 0 0 0 0 0 0 0 0.121876 0.00228313 0.000860796 0 0 0 0 0 0.163266 0.130329 0 0 0 0 0 0 0 0.120897 0.152003 0.0429114 0 0 0 0 0 0.00813783 0.122986 
0 0 0 0 0.270538 0.0589836 0.0906188 0 0 0 0 0 0 0 0.0810729 0.270538 0 0 0 0.00331013 0.0275735 0 0.0123743 0.270538 0 0 0 0.270538 0 0 0 0 0 0 0 0 0.0991701 0.0961601 0.210824 0 0 0 0 0 0 0 0.270538 0.270538 0 0 0 0 0.126676 0.0219091 0.0849173 0.0576441 0 0 0 0.270538 0.182797 0 0 0 0.133296 0 0 0 0 0 0 0.104169 0.177776 0.0153205 0 0 0 0 0 0.225558 0.00484175 0.0266622 0.0466875 0.152618 0.0225987 0 0.00683859 0 0 0 0 0.088825 0.270538 0.0114764 0 0 0.123402 0 0 0 0 0 0.00168797 0.0277967 0.166797 0.157051 0 0 0 0 0 0 0 0.0745157 0.216111 0 0 0 0 0 0.0220306 0.0331798 0.0402641 0.0315716 0.00910481 0.0102976 0.00467231 0 
0 0 0 0 0.0886142 0.00283163 0.00248106 0 0 0 0 0 0.132769 0 0 0 0 0 0 0.0778049 0.0172344 0 0 0 0 0 0 0.0462353 0.00743763 0 0 0.0027178 0 0 0 0 0.145602 0.00355122 0.00354737 0 0.0169226 0 0 0.0145741 0.0636979 0 0 0.024339 0.177779 0.00530573 0.00564885 0.0227694 0 0 0 0 0.243218 0 0 0 0 0 0 0.021122 0.198839 0 0 0 0 0 0.000798687 0.0664481 0.312931 0 0 0 0 0 0 0.201338 0.333012 0 0 0 0 0 0 0 0.333012 0 0 0 0 0 0 0 0.333012 0 0 0 0 0 0 0 0.333012 0 0 0 0 0 0 0 0.333012 0 0 0 0 0 0 0 0.333012 0 0 0 0 0 0 0 
0.0106394 0 0 0 0 0 0.0160983 0.17666 0.301677 0 0 0 0 0 0 0.0525224 0.301677 0 0 0 0 0 0 0 0.123871 0 0 0 0 0 0 0 0.0262944 0 0 0 0 0 0 0.301677 0.301677 0 0 0 0 0 0 0.270789 0.301677 0 0 0 0 0 0 0 0.0732173 0 0 0 0 0 0 0 0.301677 0 0 0 0 0 0 0.00932472 0.301677 0 0 0 0 0 0 0 0.195461 0 0 0 0 0 0 0 0.0208422 0 0 0 0 0 0 0.000948161 0.301677 0 0 0 0 0 0 0 0.301677 0 0 0 0 0 0 0 0.114387 0 0 0 0 0 0 0 0.00535711 0 0 0 0 0 0 0.00421607 
0 0 0 0 0.00818611 0.0315442 0.00577213 0.0115444 0 0 0 0 0 0 0.214879 0.00745187 0 0 0 0 0.00453899 0.0849749 0.0537992 0 0 0 0 0.00147287 0.0137352 0.0147866 0 0 0 0 0 0 0.0815889 0.0790599 0 0.265606 0 0 0 0 0 0 0.298521 0.26911 0 0 0 0 0.160222 0.298521 0.0350097 0 0.00253709 0.000902097 0 0 0.0891914 0.036377 0 0.10588 0.0898911 0 0 0 0.0947286 0.00954903 0.00761085 0.173416 0.119102 0 0 0 0.0140805 0.027393 0 0.256968 0 0 0 0 0.298521 0.0229903 0 0 0 0 0 0 0.151171 0.0281728 0.0099065 0.278795 0.23399 0 0 0 0.0390085 0 0 0 0.231043 0 0 0 0.0342592 0 0 0 0 0 0 0 0.298521 0 0 0 0.196743 0 0 0 0.0475651 0 0 0.00550409 
0.00249975 0.000861474 0 0.00133193 0.0230427 0.0656341 0 0 0 0 0 0 0.00120214 0.0149514 0.134788 0.0125462 0 0 0 0 0 0.147177 0.0493554 0 0 0 0 0.0097764 0.0145892 0.024337 0 0 0 0 0 0 0.277102 0.0485646 0 0.109852 0 0 0 0 0 0 0.282302 0.282302 0 0 0 0 0.168124 0.282302 0.0841491 0 0 0 0 0 0.160829 0.0526641 0.0237168 0.0666381 0.0566006 0 0 0 0.195737 0 0.00960938 0.0722495 0.198363 0 0 0 0 0 0 0.282302 0 0 0 0 0.282302 0.0247781 0 0 0 0 0 0 0.248634 0 0 0.206267 0.13639 0 0 0.00401792 0.0898739 0 0 0 0.282302 0 0 0 0 0 0 0.00115526 0 0 0 0 0.282302 0 0 0 0.0835302 0 0 0 0.0776089 0.00141495 0 0.0518328 
0 0 0 0 0 0 0.279706 0 0 0 0 0 0 0.092047 0.279706 0 0 0.000626243 0 0 0.0547188 0.0519068 0 0 0 0 0.000722834 0.00358675 0.0293526 0 0 0 0 0 0 0 0 0 0.279706 0 0 0 0 0 0 0.0320514 0.279706 0.279706 0 0 0 0.0086728 0.247049 0.00876047 0 0.0324191 0 0 0 0.011243 0.212417 0 0 0 0 0 0 0 0 0 0.0547443 0.0796329 0 0 0 0 0 0 0 0.279706 0.279706 0 0 0 0 0 0 0.171523 0.262172 0 0.00803986 0.0175462 0.0213747 0 0 0 0.000514301 0 0 0 0 0 0.000926887 0.0200343 0.00346308 0 0 0 0 0 0 0.136855 0.0766003 0 0 0 0 0 0 0.271108 0.226193 0 0 0 0 0 0 0.266096 
0.282386 0 0 0 0 0 0 0.00743654 0.262289 0 0.00179985 0.0229441 0.0230124 0 0 0 0 0 0 0 0.282386 0 0 0 0 0 0 0 0.118479 0 0 0 0.282386 0 0 0 0 0 0 0.0192309 0.282386 0.0248772 0.00947302 0.0166866 0 0 0 0 0 0 0.0236138 0.282386 0.269169 0 0 0 0 0 0 0.0612115 0.141577 0 0 0 0.248334 0 0 0 0 0 0 0 0.282386 0.282386 0 0 0 0 0 0 0 0 0.282386 0.217343 0 0 0 0 0 0 0.0123668 0.207664 0 0 0 0 0.016237 0.00043098 0 0 0 0 0 0 0.00798262 0.102887 0 0 0 0 0 0 0 0.00362749 0.128131 0 0 0 0 0 0 0 0.0203905 0.00393214 0 0 0 0 
0 0 0 0 0.284517 0 0 0 0 0 0 0 0.284517 0 0 0 0 0 0 0.210079 0.0734134 0 0 0 0 0 0 0.131501 0 0 0 0 0 0 0 0 0.284517 0 0 0 0 0 0 0.267969 0.284517 0 0 0 0 0 0.0806618 0.284517 0 0 0 0 0 0 0.241451 0.118446 0 0 0 0 0 0 0 0.0307272 0.0682232 0 0 0 0 0 0.121986 0.15155 0 0 0 0 0 0 0.284517 0.0232214 0 0 0 0 0 0.0457451 0.284517 0 0 0 0 0 0.00244398 0.00470169 0.0105581 0.0037386 0 0 0 0 0 0.0153957 0.139015 0 0 0 0 0 0 0.284517 0.104569 0 0 0 0 0 0 0.241279 0 0 0 0 0 0 
0.00429425 0.000668373 0 0.0110956 0.0072611 0 0.00569945 0.0512839 0 0 0 0 0 0 0.262189 0.0613916 0 0 0 0 0 0.262189 0.0929217 0 0 0 0 0 0 0.188474 0.0161994 0 0.190007 0.00587983 0.00332648 0 0 0 0 0.0466478 0 0 0 0 0 0 0.147571 0.262189 0 0 0 0 0.0736126 0.262189 0.115798 0 0 0 0 0 0.0350562 0.262189 0.0747028 0 0.262189 0 0 0 0 0 0 0 0.262189 0 0 0 0 0 0 0.197256 0 0 0 0 0.262189 0.00426962 0.0230897 0 0 0 0 0 0.221204 0.0103429 0.0156379 0.0602233 0.262189 0 0 0 0 0 0 0 0.262189 0 0 0 0 0 0 0.0116671 0 0 0 0 0.262189 0.00225545 0 0 0.0492175 0 0 0 0.109975 0 0 0.00364626 
0.284251 0 0 0 0 0 0 0 0.284251 0 0 0 0 0 0 0 0 0 0 0 0.268689 0.00151814 0.00098719 0 0.0261768 0 0 0.0161237 0.148393 0 0 0 0.284251 0 0 0 0 0 0 0 0.284251 0 0 0 0 0 0 0 0 0 0 0.135725 0.22818 0 0 0 0.0445574 0 0 0.0311692 0.152987 0 0 0 0.284251 0 0 0 0 0 0 0.0109775 0.284251 0.160114 0 0 0 0 0 0 0 0 0.139688 0.284251 0 0 0 0 0.0569784 0.00666486 0.015242 0.207431 0 0 0 0 0.187869 0 0 0 0 0 0 0.0760057 0.0940683 0.163637 0.0606756 0 0 0 0 0 0 0 0.182879 0.168569 0 0 0 0 0.0261419 0.0216699 0.00664078 0.0845137 0 0 0 0 
0 0 0 0 0.256685 0 0 0 0 0 0 0 0.256685 0.00200846 0 0 0.256685 0 0 0 0 0 0 0 0.25158 0 0 0 0 0 0 0 0 0 0 0 0.256685 0 0 0 0 0 0 0 0.256685 0.0236247 0 0 0.256685 0 0 0 0 0 0 0.13006 0.256685 0 0 0 0 0 0 0 0 0 0 0 0.256685 0 0 0 0 0 0 0 0.182696 0.214679 0.0825631 0 0 0 0 0 0 0 0.129938 0.256685 0.0184778 0 0 0 0 0 0 0.256685 0 0 0 0 0.0931748 0.0284894 0 0 0 0 0 0 0 0.234166 0.0798424 0 0 0 0 0 0 0 0.256685 0.0619236 0 0 0 0 0 0 0 0.128159 
0.0025582 0 0 0 0 0.276909 0.0500933 0.00246095 0.00850138 0.012053 0.0309189 0 0.0107461 0.062424 0.0179912 0 0.0217778 0.0359688 0.0682404 0 0 0 0 0.0176507 0 0 0.0027352 0.000449067 0 0 0.160694 0.0343934 0 0 0 0 0.140791 0.297216 0 0 0 0 0 0.0266587 0.297216 0.0717151 0 0 0.297216 0.0201874 0 0 0 0 0 0.076451 0.034664 0 0 0 0 0 0.0199547 0.297216 0 0 0 0 0.247626 0 0 0 0 0 0 0 0.297216 0.069975 0 0 0 0 0 0 0 0 0.0419011 0.297216 0.0518144 0 0 0 0 0 0 0.2102 0 0 0 0 0.169225 0 0 0 0 0 0 0 0.297216 0.0104959 0.00782271 0 0.147444 0 0 0 0 0 0 0.242559 0.0279709 0 0 0 0 0 0 0.0681643 
0 0 0.0585551 0.291773 0 0 0 0 0 0 0 0.321789 0.0873334 0 0 0 0 0.0302128 0.128367 0.110377 0 0 0 0 0 0 0.122938 0.0806202 0 0 0 0 0 0 0.321789 0.101975 0 0 0 0 0 0 0 0.321789 0 0 0 0 0 0 0.321789 0.0235713 0 0 0 0 0 0 0.321285 0 0 0 0 0 0 0 0.321789 0.00840681 0 0 0 0 0 0 0.0290985 0.198475 0 0 0 0 0 0 0.113943 0 0 0 0 0 0 0 0.099623 0.00337267 0 0 0.00397162 0 0 0 0 0 0 0.111298 0.205372 0 0 0 0 0.0100514 0.0111923 0.218217 0 0 0.00196671 0.00174479 0.0115015 0.00783503 0 0.0111322 0.00901307 0.0551121 0 0 0 0 0 0 0.218545 0.0620074 
