0.254401 0 0 0 0 0 0 0 0.187373 0.0545613 0.0859881 0 0 0 0 0 0 0.0334867 0.254401 0 0 0 0 0 0 0.0234698 0.0659346 0.058247 0.0189797 0 0 0 0.254401 0 0 0 0 0 0 0 0.0176431 0.00822533 0.15544 0.254401 0 0 0 0 0.0448738 0.254401 0.254401 0 0 0 0 0 0.0856589 0.208659 0.0283548 0.0717841 0 0 0 0 0.126063 0 0 0 0.0349554 0 0 0.151173 0 0 0 0.254401 0.22236 0 0 0 0.254401 0.0253934 0.0263996 0.01006 0 0 0 0 0.249976 0 0 0 0.0596466 0.0023165 0 0.0229391 0 0 0 0 0.0830039 0 0.00432635 0.146238 0 0 0 0.10438 0.250634 0 0 0 0.254401 0 0 0 0 0 0 0 0.049988 0 0 0 0.105518 0 0 0.0762324 
0.258167 0 0 0 0 0 0 0 0.233516 0.0765238 0.0807677 0 0 0 0 0 0 0.00659522 0.258167 0 0 0 0 0 0 0 0.0657102 0.0671287 0.0944188 0 0 0 0.258167 0 0 0 0 0 0 0 0.018922 0.0128648 0.20812 0.224818 0 0 0 0 0.037661 0.258167 0.258167 0 0 0 0 0 0.0501706 0.125839 0.0191737 0.0600524 0.0721577 0 0 0 0.258167 0 0 0 0.0106858 0 0 0.00199661 0 0 0 0.115001 0.258167 0 0 0 0.258167 0.0235301 0.0268794 0 0 0 0 0 0.155298 0 0 0 0.147499 0 0 0.0193264 0.159201 0 0 0 0.0433464 0 0 0.000804882 0 0 0.00195631 0.0219569 0.258167 0 0 0 0.258167 0 0 0 0 0 0 0 0.0584883 0 0 0 0.182786 0.00385501 0.00387917 0.00598817 
0.253115 0 0 0 0 0 0 0 0.161921 0.0803264 0.0959699 0 0 0 0 0 0 0.0303927 0.253115 0 0 0 0 0 0 0.0188777 0.0685924 0.115208 0.0296232 0 0 0 0.253115 0 0 0 0 0 0 0.00666096 0.0119254 0.00825304 0.253115 0.252991 0 0 0 0 0.0482982 0.253115 0.253115 0 0 0 0 0 0.106656 0.134288 0.0251917 0.0701867 0.0140316 0 0 0 0.200683 0 0 0 0.0200625 0.0044049 0.0031092 0.0686957 0 0 0 0.22632 0.253115 0 0 0 0.253115 0.0196144 0.0206609 0.014236 0 0 0 0 0.228366 0.00119361 0 0 0.0791497 0 0.000363445 0 0.0974683 0 0 0 0.0487068 0 0 0.0657126 0 0 0 0.0507982 0.253115 0 0 0 0.253115 0.00289458 0 0 0 0 0 0 0.0968804 0 0 0 0.102644 0 0 0.0278084 
0.252859 0 0 0 0 0 0 0 0.172875 0.06734 0.0816613 0 0 0 0 0 0 0.0297171 0.252859 0 0 0 0 0 0 0.0179187 0.0642913 0.0964186 0.03611 0 0 0 0.252859 0 0 0 0 0 0 0 0.0161532 0.00917414 0.148309 0.252859 0.00801835 0 0 0 0.0371184 0.252859 0.252859 0 0 0 0 0 0.0696817 0.187304 0.0350086 0.0692067 0 0 0 0 0.252859 0 0 0 0 0 0 0.0186371 0 0 0 0.0969084 0.252859 0 0 0 0.252859 0.0269537 0 0.0698137 0 0 0 0 0.252859 0 0 0 0.0520935 0 0 0.0120918 0.23485 0 0 0 0.00681078 0 0 0 0 0 0 0 0.252859 0 0 0 0.252859 0 0 0.025298 0 0 0 0 0.170832 0 0 0 0.0521298 0 0.00053865 0.00673872 
0.270542 0 0 0 0 0 0 0 0.0084192 0.0326094 0.229293 0 0 0 0 0 0 0.0464605 0.20818 0 0 0 0 0 0 0 0.0329012 0.0792645 0.152288 0 0 0 0.247391 0.00788152 0 0.0379359 0 0 0 0 0 0 0.270542 0.270542 0 0 0 0 0.0800184 0.270542 0.136942 0 0 0 0 0 0.0324606 0.0966055 0.0308711 0.0680286 0.0923422 0 0 0 0.186294 0 0.0010632 0.0017433 0.0950912 0 0 0 0 0 0 0.0865109 0.270542 0 0 0 0.270542 0.0291401 0 0 0 0 0 0 0.20977 0 0 0 0.147169 0 0 0 0.118272 0 0 0 0.103077 0 0 0 0 0 0 0 0.270542 0 0 0 0.270542 0 0 0 0 0 0 0 0.121388 0 0 0 0.121939 0 0 0.0193127 
0 0 0 0.264352 0 0 0 0 0 0 0 0.0489002 0.0531489 0.0437107 0.0781427 0 0 0 0 0 0 0.256488 0.0555473 0 0 0 0 0 0 0.0265779 0.0623024 0.186399 0 0 0 0.264352 0.04854 0 0 0 0 0 0 0 0 0.00865397 0.211252 0.264352 0 0 0 0 0.121144 0.264352 0.187407 0 0 0 0 0 0.15827 0.141218 0.028389 0.0899048 0 0 0 0.134775 0.164588 0 0 0 0 0 0 0 0 0 0 0.264352 0 0 0 0 0.264352 0.0291984 0 0.0919245 0 0 0 0 0.264352 0 0 0.0419787 0 0 0 0.169666 0.0654189 0 0 0 0.0145983 0 0 0 0 0 0 0.264352 0 0 0 0 0.186994 0 0 0.0541726 0 0 0 0 0.199419 0 0 0.0387776 
0.25394 0 0 0 0 0 0 0 0.0654098 0.0528687 0.188656 0 0 0 0 0 0 0 0.25394 0 0 0 0 0 0 0 0.0651479 0.110958 0.0575343 0 0 0 0.25394 0 0 0 0 0 0 0 0 0.0198027 0.233205 0.228592 0 0 0 0 0.0304565 0.243359 0.25394 0 0 0 0 0 0.0549977 0.122044 0.0228488 0.0523762 0.0284251 0 0 0 0.25394 0 0 0 0 0 0 0 0 0 0 0.135573 0.231935 0 0 0 0.25394 0.0199112 0 0.030529 0.0172792 0 0 0 0.252034 0 0 0 0.0495049 0 0 0.0246277 0.244947 0 0 0 0 0 0 0 0 0 0 0 0.25394 0 0 0 0.235349 0 0 0 0.031853 0 0 0 0.195618 0 0 0 0.0363283 0 0 0.0229391 
0 0 0 0.0571702 0.221419 0.0138175 0 0 0 0 0 0 0.00866803 0.0574538 0.17544 0 0 0 0 0 0 0.171227 0.116219 0.0155811 0.139088 0 0 0 0 0 0.0188246 0.217221 0 0 0 0 0.272998 0.00977288 0.018417 0.0443914 0 0 0 0 0 0 0.272998 0.271443 0 0 0 0 0.231429 0.272998 0 0 0.107394 0 0 0 0.0342911 0.038897 0.0347533 0.135251 0.017483 0 0 0.0858675 0.0967111 0 0 0.0630847 0.0946963 0 0 0 0 0 0 0.272998 0 0 0 0 0.272998 0.0224935 0 0 0.147555 0 0 0 0.122896 0 0 0 0.0651607 0 0 0.14753 0 0 0 0 0.272998 0 0 0 0 0 0 0 0 0 0 0.0224791 0.272998 0 0 0 0.0758489 0 0 0 0.134878 0 0 0.0228256 
0 0 0 0 0.248638 0 0 0 0 0 0 0 0.0188324 0.0408726 0.163201 0 0 0 0 0 0 0.152928 0.121683 0 0.0353991 0 0 0 0 0 0.0548829 0.179992 0 0 0 0 0.248638 0.0167233 0.00554658 0 0 0 0 0 0 0 0.248638 0.248638 0 0 0 0 0.125803 0.248638 0.142113 0 0 0 0 0 0.106215 0.091471 0.0217894 0.11679 0 0 0 0 0.248638 0 0 0.0238692 0.205614 0 0 0 0 0 0 0.248638 0.0113383 0 0 0 0.248638 0 0.0155935 0.0282208 0.0288632 0 0 0 0.248638 0.00309645 0 0.00650016 0 0 0 0 0.242238 0.00134544 0.00199305 0 0.248638 0 0 0 0 0 0 0 0.0556045 0 0 0 0.1988 0 0 0 0 0 0 0 0.248638 0 0 0.0126066 
0.258364 0 0 0 0 0 0 0.0536773 0 0 0 0 0.275469 0 0.00406994 0.00766277 0.144445 0 0 0.00676916 0.129159 0 0 0 0.275469 0 0 0 0 0 0 0.0113444 0.275469 0 0 0 0 0.00486586 0.00358838 0.0131711 0 0 0 0 0.275469 0 0 0 0.275469 0.00387661 0 0.00449238 0.0657534 0 0 0 0.275469 0 0 0 0.016909 0.00269926 0 0.00379772 0.189789 0 0 0 0.0317077 0.0150574 0 0.0845538 0 0 0 0 0.275469 0.1174 0 0 0.0701398 0 0 0 0.00860326 0.0115594 0.0787338 0.275469 0.127655 0 0 0 0.0718014 0.00658995 0 0.146476 0.118923 0 0 0.0074573 0.00456862 0.0275487 0 0.072987 0 0 0.0149512 0.0544137 0.0924714 0.180214 0 0 0.0248485 0.0251127 0 0 0 0 0.136722 0.222809 0.00411278 0 0 0 0.161331 0.00721251 0.0111025 0.0885647 
0.247773 0 0 0 0 0 0 0 0.0200756 0 0 0 0.247773 0 0 0 0.195425 0 0.00253331 0.0194756 0.0769268 0 0 0 0.247773 0 0 0 0.00408681 0.00355837 0.00295941 0.00399483 0.247773 0 0 0 0 0 0 0.0231446 0 0 0 0 0.247773 0 0 0 0.247773 0 0 0 0.0467381 0 0 0 0.247773 0 0 0 0.0605007 0 0 0.0180672 0.220755 0 0 0 0 0 0.0367839 0.0666848 0 0 0 0 0.247773 0.246539 0 0 0.071936 0 0 0 0 0.00555771 0.0994753 0.247773 0.0342379 0 0 0 0.114173 0.0199043 0.00529401 0.184083 0.247773 0 0 0 0 0 0.0113158 0.042449 0 0 0 0.0391345 0.0206548 0.247773 0 0 0.0347644 0.0542601 0.0121572 0 0 0 0.077078 0.236773 0.0109579 0.0124138 0 0.0215726 0.141508 0 0.00498864 0.0558565 
0.111318 0 0 0 0.0537336 0 0 0.0571299 0 0 0 0.0391087 0.289592 0 0 0 0.289592 0.00231564 0 0 0 0 0 0 0.112352 0 0 0 0.110794 0 0 0.0168278 0.08604 0 0 0 0.151981 0.00261449 0 0.0596866 0 0 0 0.0228423 0.289592 0 0 0 0.289592 0 0 0 0 0 0 0.0920687 0.0804224 0 0 0 0.192629 0 0.0051421 0.0363778 0.0805192 0 0 0 0.227508 0.0097571 0 0.0519278 0 0 0 0 0.289592 0.129554 0.0969575 0 0 0 0 0 0 0 0 0.289592 0 0 0 0 0.266589 0.0115074 0 0.0969494 0.074184 0 0 0 0.0557945 0.0212401 0.00433816 0.0427836 0 0 0.0114647 0.04274 0.0660724 0.167235 0.0857924 0 0.0360168 0.0678641 0 0 0 0 0.0344343 0.264793 0 0 0 0.0354539 0.254083 0.00650572 0.0107606 0 
0.258346 0 0 0 0.00922031 0 0 0 0 0 0 0 0.283308 0 0 0 0.283308 0 0 0.0274949 0 0 0 0 0.191358 0 0 0 0.0597437 0 0.000663228 0.00612432 0.225324 0 0 0 0.0536617 0 0 0.0369058 0 0 0 0 0.283308 0 0 0 0.283308 0 0 0.0109947 0 0 0.00347407 0 0.219253 0 0 0 0.119416 0 0 0 0.103268 0 0 0 0.0604245 0.0153054 0 0.153791 0 0 0 0 0.283308 0.1337 0 0 0.0421143 0 0 0 0 0 0.150545 0.283308 0.0492471 0 0 0 0.158276 0 0 0.15717 0.145153 0 0.00038155 0 0 0.0314906 0 0.087342 0 0 0 0.0588414 0.137748 0.179299 0 0 0.0132579 0.0510957 0.014036 0 0 0 0.132909 0.182341 0.00815918 0.0135721 0 0.0490616 0.129244 0.00624056 0.0115797 0.0522955 
0.118831 0 0 0 0.104973 0 0 0 0 0 0 0 0.293988 0 0 0 0.293988 0 0 0 0 0 0 0 0.122446 0 0 0 0.122832 0 0 0.0193888 0.109548 0 0 0 0.158252 0 0 0.0234084 0 0 0 0 0.293988 0 0 0 0.293988 0 0 0 0 0 0 0.0203409 0.191512 0 0 0 0.153346 0 0 0 0.0187857 0 0 0 0.167762 0.0214773 0 0.117245 0 0 0 0 0.293988 0.174788 0 0 0.0400785 0 0 0 0 0 0.114751 0.293988 0.0293769 0 0 0 0.187569 0 0.0104791 0.15449 0.0298966 0 0 0.00677474 0.029207 0.0229497 0.0122089 0.0900524 0 0 0.0176228 0.0539876 0.116058 0.190541 0 0 0.0291607 0.0308278 0 0 0 0 0.122161 0.233846 0 0.00427553 0 0.00554348 0.203659 0.00885051 0.0144674 0.0527273 
0 0 0 0.197651 0.0531214 0 0 0 0 0 0 0 0 0 0 0.267181 0 0 0 0 0.198607 0 0 0.0580806 0 0 0 0 0.212421 0 0 0.0417151 0 0 0 0.267181 0.00163644 0 0 0 0.197613 0 0 0 0 0 0 0.267181 0.0415904 0 0 0.165436 0.0976765 0 0 0.0368915 0 0 0 0 0.267181 0 0 0.0629537 0 0 0 0.267181 0 0 0 0 0.267181 0 0 0 0 0 0 0 0.0923339 0.0347604 0.112219 0.267181 0 0 0 0 0.026702 0 0.00845005 0.267181 0.0078637 0 0 0.0274408 0 0 0 0.038216 0.267181 0 0 0 0.263133 0 0 0 0 0 0.0110577 0.116076 0.00910217 0.0549369 0.10352 0.0792538 0.0165932 0.0239519 0.0191421 0 0.047454 0.0107118 0 0.101719 0.0150961 0.00408714 0 0.0211758 
0.253429 0 0 0 0 0 0 0 0 0 0 0 0.253429 0 0 0 0.253429 0 0 0 0.0353479 0 0 0 0.222809 0 0 0 0.0411164 0 0 0.0230734 0.253429 0 0 0 0 0 0 0 0 0 0 0 0.253429 0 0 0 0.253429 0 0 0 0.0468623 0 0 0.0125045 0.253429 0 0 0 0.0498243 0 0 0 0.253429 0 0 0 0 0 0 0.046229 0 0 0 0 0.253429 0.177391 0 0 0.0361318 0 0 0 0 0.093155 0.0784048 0.253429 0.0644619 0 0 0 0.0661574 0 0 0.253429 0.253429 0 0 0 0 0 0 0.0405236 0.00992926 0 0 0.0129764 0.00764678 0.245322 0.0156785 0.0245799 0.0148212 0.0372125 0.0125229 0.0116867 0 0.0612491 0.0916666 0.134361 0.0292822 0.0322411 0.00848035 0.0135817 0.0459765 0.00248272 0.00840768 0.116684 
0.0670342 0 0 0.152906 0 0 0 0 0.287163 0 0 0 0 0 0 0 0 0 0 0.0224585 0.287163 0 0 0 0.0742452 0 0 0 0.141622 0 0 0.0255534 0.0748454 0 0 0.22863 0 0 0 0 0.287163 0 0 0 0 0 0 0 0 0.00861921 0.00126393 0.132458 0.264042 0 0 0 0.0915864 0.00316011 0 0.0713995 0.128734 0 0 0.00661307 0.0658905 0 0 0.0632297 0.174749 0 0 0 0.287163 0.0412214 0 0 0 0 0 0 0 0.0894214 0.0885593 0.287163 0 0 0 0 0.0862519 0.0271132 0 0.287163 0 0 0 0 0.00712741 0 0.00333309 0.00427835 0.269014 0 0 0 0.274428 0.0764372 0 0 0 0 0 0.0609842 0 0.0622543 0.126461 0.131913 0.0321093 0.0179627 0.0137342 0 0.0691017 0.00746193 0 0.0940801 0.0144641 0.00845212 0 0.0247722 
0.156648 0 0 0 0.065703 0.00116321 0.0014285 0 0.293348 0 0 0 0.0107246 0 0 0 0 0 0 0 0.293348 0 0 0 0.159911 0 0 0 0.0651261 0 0 0.016204 0.145643 0 0 0 0.12544 0 0 0.0225514 0.293348 0 0 0 0 0 0 0 0 0 0 0.122312 0.293348 0 0 0 0.168576 0 0 0.00624475 0.111374 0 0 0 0.147863 0 0.00323361 0 0.151207 0 0 0 0.293348 0.118809 0 0 0 0 0 0 0 0 0.15085 0.293348 0 0 0 0 0.169806 0 0 0.207104 0 0 0 0 0.0248467 0 0 0.0161016 0.193588 0.00407018 0 0.00123489 0.213665 0.112513 0 0 0 0 0.0196693 0.0433881 0 0 0.139292 0.193296 0.0453934 0.0292386 0 0 0.120594 0 0.025155 0.0625273 0.014454 0.00372676 0 0.00891603 
0.0107793 0 0.00202255 0.0104532 0.165393 0 0 0 0.282515 0 0 0 0 0 0 0 0.0323204 0 0 0 0.282515 0.00444686 0.00285426 0.032106 0.00911356 0 0 0 0.254688 0 0.00684299 0.0297081 0.0822955 0 0.00128698 0.0111605 0.124855 0 0 0 0.282515 0 0 0 0 0 0 0 0 0 0 0 0.175169 0.162099 0 0.0893842 0 0 0 0 0.0302417 0.232385 0.1571 0.0627641 0.192694 0.000522964 0 0.00734596 0.065773 0 0 0 0.282515 0 0 0 0 0 0 0 0.0116269 0.00583838 0 0.282515 0.0663197 0 0 0.0138225 0 0.116481 0.165339 0.0231669 0.0184326 0.00891964 0 0.0229457 0.248494 0 0 0.00464633 0.0126206 0 0 0 0.282515 0 0 0 0 0.0123566 0.00773511 0.0608533 0 0 0 0.0697552 0.282515 0.0290031 0 0 0.0502798 0.0535695 0.0358365 0.0393173 0 0.0401421 0.032125 0.0606244 
0.026196 0 0 0.000444129 0.142111 0.0118934 0.0247445 0.0525775 0.276621 0 0 0 0 0 0 0.119391 0 0 0 0 0.276621 0 0 0 0.103898 0 0 0 0.119409 0 0 0 0 0 0 0 0.0236395 0.206067 0.204684 0.0304494 0 0 0 0 0 0.00933993 0.0157798 0.276621 0 0 0 0 0.276621 0 0 0 0.170839 0 0 0 0.110005 0 0 0 0 0.0811819 0.12308 0.088105 0.0281389 0 0.00562555 0.0146387 0.0302782 0.276621 0.0479925 0.0241534 0 0 0 0.0147821 0 0 0 0.223374 0.276621 0 0 0 0.249916 0.000783461 0 0 0.0621293 0 0 0 0.010383 0.0279319 0.0310671 0.0670936 0.0798079 0.0302584 0.0327484 0.0154164 0.105695 0.0771554 0.00963103 0 0 0 0.0136017 0.170606 0 0 0 0.0248784 0.276621 0 0 0 0.242363 0 0 0 0.0399318 0 0 0 
0.00275829 0 0 0.151663 0 0 0 0.0652113 0 0 0 0.275368 0 0 0 0 0.275368 0 0 0 0 0 0 0.0780068 0.0745286 0 0.0201312 0.185437 0 0 0 0 0.0647383 0 0 0.194421 0 0 0 0.0162604 0 0 0 0.275368 0.0755509 0 0 0 0.275368 0 0 0 0 0 0 0 0.021028 0.0895991 0.166743 0.130216 0 0 0 0 0.0704646 0 0 0.18789 0 0 0 0.0168848 0 0 0 0.090065 0.275368 0.017629 0 0 0 0 0 0 0 0 0.186998 0.26243 0.0108427 0 0.0035425 0.0339746 0.0186764 0.193787 0.103028 0 0 0 0 0 0.129761 0 0 0.0770005 0.00219818 0 0 0 0.275368 0.0089377 0.00897961 0.00626132 0.218991 0 0 0 0 0 0.0253368 0.266098 0 0.0290443 0.0254044 0.104192 0.101928 0.0291388 0.0396252 0 
0.0421438 0 0 0.0779833 0.0994176 0 0 0 0.179001 0 0 0 0 0 0.0113088 0.125456 0 0 0 0 0.261351 0 0 0 0.0404569 0 0 0 0.0120096 0.00532584 0.0164816 0.224814 0.144472 0.00247858 0 0.0484028 0.0916885 0 0 0 0.23154 0 0 0 0 0 0.061567 0.2231 0 0 0 0 0.0949195 0.261351 0 0 0 0 0 0 0 0 0.169241 0.261351 0.225824 0 0 0.0271772 0.051108 0 0 0 0.261351 0.00394373 0 0 0 0 0 0.0540147 0 0 0.0660025 0.261351 0.0402587 0.0265646 0 0 0.0327511 0.261351 0.0830367 0 0 0 0.00766343 0.0145516 0.234268 0 0 0.0252091 0 0 0 0 0.168247 0 0 0 0.0498939 0 0 0.109909 0 0 0 0.153055 0.261351 0.0547499 0 0 0.0739862 0.0827224 0.0340029 0 0 0 0.0292268 0.125691 
0.0802088 0 0.00166073 0.00309589 0.130607 0 0 0 0.268847 0 0 0 0 0 0 0.0562967 0 0 0 0 0.268847 0 0 0 0.0222965 0 0 0 0.0989121 0.00659314 0.0123527 0.132089 0.141643 0 0 0 0.147653 0 0 0 0.268847 0 0 0 0 0 0 0.0907602 0 0 0 0 0.268847 0.160199 0 0 0 0 0 0 0 0.148986 0.208731 0.182677 0.194323 0 0.0014285 0.0670508 0.0189915 0 0 0 0.268847 0 0 0 0 0 0 0.0228554 0 0 0 0.268847 0.0889824 0 0.00771135 0.00142722 0.0115521 0.176597 0.137423 0.0166443 0 0.0115402 0.010004 0.0143445 0.216979 0 0 0.0307905 0 0 0 0 0.268847 0 0 0 0 0.00701492 0.00248081 0.0513123 0 0 0 0.160775 0.268847 0 0 0 0.0361993 0.0517564 0.0355924 0.0472372 0.0215631 0.0347923 0.0319014 0.0590275 
0 0 0 0 0.264736 0.00667702 0.0125098 0 0.0840592 0 0 0 0 0 0 0.264736 0.0161349 0 0 0 0.225417 0.0112308 0.00437255 0.0750523 0.00590342 0 0 4.85585e-05 0.262787 0 0 0 0 0 0 0 0.139107 0.212712 0.136784 0 0 0 0 0 0 0 0.0872198 0.264736 0 0 0 0 0.264736 0.00912089 0.0141024 0.0463152 0.036741 0 0 0.0630977 0.1925 0 0 0 0 0 0.130796 0.167163 0.0386867 0.00999643 0.0101312 0 0.0471768 0.264736 0 0 0 0 0 0.0169838 0 0 0.0453024 0.131751 0.264736 0 0 0 0.0703866 0.00155374 0.00212218 0.0217846 0.178634 0 0 0 0 0 0.0360452 0.123894 0.147704 0.0307489 0.014465 0 0.126042 0.113836 0 0 0 0 0.0201965 0.19782 0.00574773 0.0101165 0 0.0385172 0.264736 0 0.012448 0.0100853 0.0715867 0 0 0 0.139419 0 0 0 
0.0082603 0 0 6.75353e-05 0.241152 0 0 0 0.280013 0 0 0 0 0 0 0.0532682 0 0 0 0 0.280013 0 0 0.052908 0.0209038 0 0 0.000427493 0.187411 0.0138088 0.0238176 0.0419555 0.0519276 0 0 0.0442478 0.184607 0 0 0 0.280013 0 0 0 0 0 0 0.134557 0 0 0 0 0.277045 0.08756 0 0.0863527 0 0 0 0 0.0331069 0.257364 0.183119 0.0242979 0.0980986 0.00179149 0.00244691 0.00453907 0.167855 0 0 0 0.280013 0 0 0 0 0 0 0 0.0632335 0 0.00605571 0.20635 0.0560355 0.00508983 0 0.0193887 0 0.0647811 0.126761 0.119497 0.0371804 0 0.00541483 0.0116813 0.0976225 0 0 0 0.11907 0 0 0 0.280013 0 0 0 0 0 0 0 0.0113849 0 0 0.0826013 0.280013 0 0 0.010443 0.00828539 0.022289 0.0299034 0.086422 0.107793 0.0332438 0.0281851 0.0123019 
0.232575 0.0120706 0 0 0 0 0 0 0 0 0.0286369 0.232575 0 0 0 0 0.0999482 0 0 0.174712 0 0 0 0.0169847 0.0300342 0 0 0 0 0 0 0.221837 0.232575 0.213056 0 0 0 0 0 0 0 0 0.232575 0.232575 0 0 0 0 0.232575 0.0172449 0.0524747 0.119115 0 0 0 0 0.232575 0 0 0 0 0 0 0 0.0528964 0.00571788 0 0 0 0 0.137582 0.150244 0 0 0 0.0967846 0.168177 0.210098 0 0 0.0740722 0 0 0.0109548 0.0090679 0.0347 0.0152237 0.209368 0.15941 0 0 0 0 0 0 0.180919 0.149493 0.030411 0 0 0 0 0.0300553 0.157795 0 0 0.0285244 0.228689 0.232575 0.031687 0 0 0.0746994 0 0.0123726 0.0511331 0.0544983 0.0066354 0 0.0915942 0.0222359 0 0 0 0 0 0 0.232575 
0.247834 0 0.0219338 0.00874039 0 0 0 0.0196924 0 0 0 0.247834 0.103211 0 0 0 0 0 0 0.00716734 0.0301146 0 0 0.247834 0 0 0 0.0227579 0.00548138 0 0 0.19623 0.247834 0.084492 0.0810155 0 0 0 0 0 0 0 0.116712 0.247834 0 0 0 0 0.247834 0.0186957 0.0128964 0.00783774 0 0 0 0.109084 0.109416 0 0 0.0435901 0 0 0 0.10246 0.010486 0 0.00385972 0 0 0.0823825 0.185529 0.100884 0 0 0 0.0869536 0.111793 0.207046 0 0 0.14941 0 0 0 0 0 0.0269244 0.247834 0.222306 0 0 0.0514895 0 0 0 0 0.081483 0.0270675 0.0276792 0.00922274 0.00968073 0.031748 0.0559962 0.0835484 0 0 0 0.247834 0.247834 0 0 0 0.247834 0 0.0151736 0.01545 0 0.00886115 0 0.0183155 0.241781 0 0 0.0407684 0 0 0 0 
0.0446097 0 0 0 0.170711 0 0 0 0.281987 0 0 0 0 0 0 0.012209 0 0 0 0 0.281987 0 0 0 0.108493 0 0 0 0.0164494 0.0283936 0 0.115995 0.0624082 0 0 0 0.222888 0 0 0 0.281987 0 0 0 0 0 0 0.102927 0 0 0 0 0.0628986 0.281987 0.0208114 0.013472 0 0 0 0 0 0.102257 0.150349 0.26931 0.0674609 0 0 0 0.236189 0 0 0 0.281987 0 0 0 0 0 0 0 0.0552394 0 0.00854127 0.173906 0.0119427 0.0460342 0 0.0251812 0.0153217 0.164263 0.140587 0.0160052 0 0.0161314 0.00956447 0.0105248 0.0406941 0 0 0 0.235434 0 0 0 0.281987 0 0 0 0 0 0 0 0.0020897 0.00594722 0 0.103092 0.255189 0 0.00803444 0 0.0212871 0.0526389 0.0250168 0.0630035 0.0259553 0.0525887 0.0212827 0.0451454 
0.179965 0.0172563 0.0169351 0.0322112 0 0 0 0 0 0 0 0.270701 0 0 0 0 0.253691 0 0 0.0498775 0 0 0 0.0266416 0.14887 0 0 0.0298151 0 0 0 0.0398061 0.0760813 0.270701 0.15543 0 0 0 0 0 0 0 0.117049 0.270701 0 0 0 0 0.270701 0.00664803 0.027397 0.0119463 0 0 0 0 0.270701 0 0 0 0.0292617 0 0 0 0.0256771 0.0113398 0.00911957 0 0 0 0.141964 0.116447 0 0 0 0.0368387 0.0662011 0.270701 0 0 0.116504 0 0 0 0 0.0551994 0.0373608 0.270701 0.255255 0 0 0.0100819 0.00192826 0 0 0.0606866 0.15285 0.0357572 0 0 0 0 0.0307368 0.167986 0 0 0.0629508 0.184801 0.194904 0.0596987 0 0 0.0860783 0.00683858 0.00547423 0.0477359 0.0440156 0.00265912 0.0149136 0.111767 0.0726068 0 0 0.00117361 0.00442588 0 0 0.157907 
0.011173 0 0 0.170561 0.0530081 0 0 0.00275187 0.0627706 0 0 0.17635 0.0578375 0 0 0 0.265731 0 0 0 0 0 0 0 0 0.027459 0 0.247945 0.0335536 0 0 0 0.0325445 0 0 0 0.265731 0 0 0 0.0452312 0 0.00483565 0 0.265731 0 0 0 0.265731 0.120327 0 0 0 0 0 0 0 0.101546 0.185862 0.224549 0 0 0 0 0.044465 0 0 0.011119 0.22285 0 0 0 0 0 0 0.0068171 0.265731 0.00745292 0 0 0.096062 0 0 0 0 0 0.0716845 0.249181 0 0.0109806 0 0.0457662 0.0349896 0.208604 0.0847651 0 0.00721216 0 0 0.0721252 0.0880652 0 0 0.0285395 0.0063683 0.00408147 0 0.138327 0.165687 0 0.00380388 0.00588535 0.258514 0 0 0 0 0 0 0.265731 0.0102308 0.027193 0.0481802 0.0767571 0.0804727 0.0559115 0.0327481 0.0109848 
0.165993 0.0243317 0 0.0710666 0 0 0 0 0 0 0 0.256395 0.0643777 0 0 0 0.256395 0.0134733 0 0 0 0 0 0 0.150456 0 0 0.0174367 0.0457888 0 0 0 0.142795 0.180224 0.162155 0 0 0 0 0 0 0 0.0365394 0.256395 0 0 0 0 0.256395 0.0342279 0 0 0 0 0 0 0.201916 0 0 0.00221063 0.0525771 0 0 0 0.0367093 0.00995371 0 0.0112369 0 0.0914866 0.128617 0.0715219 0 0 0 0.0685711 0.101222 0.244184 0 0 0.232321 0 0 0 0 0 0.0291629 0.232135 0.233942 0 0 0.0171884 0.0211718 0 0 0 0.100099 0.0240959 0.0319411 0 0 0.0369473 0.0290183 0.106781 0 0 0.0210113 0.250943 0.251149 0.0245223 0 0 0.256395 0 0 0.0230814 0.00923051 0.0125194 0 0.0209574 0.243479 0 0 0.0191148 0 0 0 0 
0.134698 0 0 0.0208933 0.06695 0 0 0 0 0 0 0 0.300111 0 0 0 0.300111 0 0 0 0 0 0 0 0.157561 0.0176195 0.0169449 0.109827 0.0150442 0 0 0 0.180043 0 0 0.00257154 0.0775337 0 0 0 0 0 0 0 0.300111 0 0 0 0.300111 0 0.00445409 0.0247475 0 0 0 0 0.096592 0.193297 0.20735 0.024927 0 0 0 0 0.219062 0 0 0.0114246 0.0429829 0 0 0 0 0 0 0 0.300111 0 0 0 0.0359968 0 0 0 0.104125 0.00716668 0.0800763 0.109926 0.0311956 0 0.00531399 0.0173906 0 0.156647 0.169288 0.0187057 0.229537 0 0 0.0276275 0 0 0 0 0 0 0 0 0.300111 0 0 0 0.166257 0 0 0.00870136 0.0259974 0 0 0.191559 0.0615824 0.0264321 0.0471468 0.0236819 0.0208092 0.0473198 0.0312631 0.0670004 
0 0 0 0 0.241334 0.0845805 0 0 0 0 0 0 0.00648835 0.0100471 0.0892739 0.241334 0 0 0 0 0.0667599 0.00755759 0.00395447 0.241334 0 0 0 0.103567 0.223316 0 0 0 0 0 0.0232334 0.0625674 0.136269 0.122779 0 0 0.0498854 0.0364374 0 0 0 0 0.15976 0.241334 0.00636885 0 0 0 0.241334 0.0102443 0.0169139 0.0987363 0 0 0 0.0461235 0.241334 0 0 0 0 0 0.169757 0.222526 0.0438562 0 0 0 0.241334 0.241334 0 0 0 0 0 0 0.0194582 0.0563034 0 0.194908 0.141329 0 0 0 0.0127874 0 0 0.154643 0.133875 0 0 0 0 0 0 0 0.151157 0.15595 0.0876716 0 0.0244063 0 0 0 0 0 0.0632997 0.241334 0.0102396 0 0 0.049706 0.23262 0.00504592 0.011348 0.014459 0.0422528 0.00303183 0.00171582 0.0901105 0.074077 0 0 0 
0 0 0.135191 0.21485 0 0 0 0 0.0428776 0 0.0393572 0.0075285 0 0 0.0713151 0.107167 0.110732 0.110902 0.0245927 0 0.0319494 0.0218411 0.0192613 0.0194785 0.00589557 0.00897654 0.199957 0.0382201 0 0 0 0.00772828 0 0.00804441 0.180124 0.177284 0 0 0 0 0 0 0 0 0.00421046 0 0.231462 0.167508 0 0 0 0.0708101 0.231462 0.199193 0.0519694 0 0 0 0 0.172112 0.150769 0 0.0530475 0 0.0245132 0 0.147165 0.157163 0 0 0 0 0.171072 0 0 0 0 0 0 0.231462 0.143561 0.222637 0.229456 0 0 0 0 0.0211636 0.00552632 0.0103046 0.231462 0.0664112 0 0 0 0.0588659 0 0 0 0.138387 0.193109 0.0662274 0 0 0.0178766 0 0 0 0 0.231462 0.0498792 0.0427203 0.0276344 0.0505232 0.0216561 0.0124155 0 0.230601 0.00528391 0 0 0 0.0203323 0 0.00802853 0.159973 0.16697 0 
0 0.0101858 0.0593791 0.23975 0 0 0 0 0.221928 0 0 0 0 0 0.0570392 0.0271249 0 0.0723399 0.205672 0.0352169 0.0714462 0.0149443 0 0 0 0.00432291 0.0505981 0.0116968 0.0188961 0 0.0301082 0.131097 0 0 0.0130235 0.23975 0.00295441 0 0 0.0216541 0 0 0 0 0 0.0618918 0.23975 0.117375 0 0 0 0.108185 0.23975 0.127384 0 0 0 0 0 0.0300338 0.100871 0.0502782 0.0893937 0.0887192 0.0348363 0 0.0830955 0.170403 0 0 0 0.0161509 0.23975 0 0 0 0 0 0 0.23975 0 0.231495 0.23975 0.0293016 0 0 0 0 0.020323 0.0286188 0.0628393 0.0208228 0 0 0 0.216043 0 0 0 0.109732 0.198532 0.0786477 0 0 0.0457138 0 0 0 0 0.23975 0.0317875 0.0413905 0 0.0580299 0.0351585 0.00706939 0 0.23975 0 0 0.00729829 0 0 0 0 0.0467939 0.23975 0.0624686 
0.0162777 0.00388864 0.127187 0 0 0 0.00925533 0.0489006 0.10796 0.0618971 0 0 0 0.0122668 0.0576227 0.0995406 0 0.0509673 0.190391 0.0202725 0.0783206 0 0 0 0.00491971 0.00878668 0 0 0 0 0.20039 0.0628919 0 0.00247626 0.077791 0.0172348 0 0.00248489 0.115287 0.0441783 0 0 0 0 0 0.191123 0.243532 0 0 0 0 0.205547 0.243532 0 0 0 0 0 0 0.00727418 0.0116575 0.0387742 0.219156 0.095359 0.00818446 0.00413378 0.0459303 0.0220287 0 0 0 0.243532 0.243532 0.0663757 0 0 0 0 0 0.243532 0 0.243532 0.243532 0 0 0 0 0 0.0252397 0.0184035 0.0109165 0 0 0 0 0.243532 0 0 0 0.0224899 0.160216 0.133575 0.0183818 0 0.0342398 0.0203481 0 0 0 0.232537 0.0359404 0.0443995 0 0.0620268 0.0180539 0.00928932 0.0252863 0.214699 0 0 0 0 0 0 0 0.0837087 0.243532 0.0129634 
0.0213093 0.00296247 0.0233566 0.22181 0 0 0.000555959 0 0.20064 0 0 0 0 0 0.0407878 0.079723 0 0.066095 0.176712 0.0299735 0.0658652 0.0194921 0 0 0.00437045 0.00675283 0.0413164 0.0095006 0.013556 0 0.0338405 0.147783 0 0 0 0.237368 0 0 0.0285211 0.0207389 0 0 0 0 0 0 0.237368 0.168165 0 0 0 0.0766093 0.237368 0.125373 0.00886224 0 0 0 0 0.030202 0.0788746 0.0431403 0.0620183 0.111631 0 0 0.014208 0.237368 0 0 0 0.0697237 0.237368 0 0 0 0 0 0 0.237368 0.0135043 0.228507 0.237368 0 0 0 0 0 0.0164767 0.0443399 0.0940727 0 0 0 0 0.217945 0 0 0 0.0826048 0.225568 0.083932 0 0 0.0440137 0 0 0 0 0.237368 0.0494783 0.0252811 0.00186542 0.0491998 0.0364662 0.00812855 0.00557869 0.233919 0 0 0 0.006331 0 0 0 0.0500899 0.237368 0.0689037 
0.157241 0 0 0 0.0157058 0.050873 0.0188064 0.000753248 0 0 0 0.0338504 0.0670769 0.194005 0.0573585 0 0.0511983 0.0714693 0.015957 0 0 0 0.0207962 0.219436 0 0.0097259 0 0 0.158241 0.0299196 0.0146938 0.0468663 0.146096 0 0 0.00378425 0.174692 0 0 0 0 0 0.084407 0.242383 0.242383 0 0 0 0.106545 0.242383 0.114104 0 0 0 0 0 0.0247164 0.0649427 0.00894195 0.0202795 0.242383 0 0 0 0.108955 0.00861406 0 0 0.0628612 0.0980881 0 0 0 0 0 0 0.0784196 0.242383 0.19263 0 0.19136 0 0 0 0 0 0 0.242383 0.0534021 0 0 0 0.208071 0.0086564 0.011239 0.0560786 0 0.141796 0.219362 0.0152242 0.0146091 0 0 0 0 0 0.182751 0.0507624 0.0288975 0.0467956 0.0303271 0 0.0315324 0.0148851 0.242383 0 0 0 0 0.0770917 0 0.00262642 0.0647332 0.236339 0.0993949 0 0 0 
0.00648241 0.25623 0 0 0 0 0 0 0 0 0 0.0135563 0.130908 0.236278 0 0 0.0776546 0.0198525 0.0320711 0.0232142 0 0.0113263 0.0503933 0.0874066 0.0977659 0.0183074 0.0065146 0 0.0267065 0.0513527 0.0092008 0 0 0.25623 0.017162 0.015895 0 0 0 0 0 0 0 0.120769 0.25623 0 0 0 0 0.139217 0.25623 0.153642 0 0 0 0 0.00576888 0.153769 0.0618244 0.0189089 0.0476605 0.015684 0 0 0 0.25623 0 0 0.00664095 0.00241863 0 0.00303461 0 0 0 0 0 0.25623 0.148768 0 0.25623 0 0 0 0 0 0.117911 0.236824 0.25623 0 0 0 0 0.0590935 0 0.0379511 0 0.25623 0.114935 0 0 0 0 0 0 0 0.0997094 0.144944 0.0205368 0.0360272 0.0239188 0 0.0497312 0.0163432 0.152229 0.036093 0 0 0.0218256 0.0582558 0.0389564 0.0134331 0.0634228 0.183255 0.0425158 0 0 0 
0.0449569 0.0175798 0.0985203 0.0723296 0 0 0 0.00104887 0.204053 0.0719148 0 0 0 0.015136 0.0410701 0 0 0.0442062 0.182311 0.0498273 0.0937997 0 0 0 0.00320836 0.00812547 0 0 0 0.0117162 0.0235707 0.236349 0 0 0 0.236349 0 0.00792942 0.0505561 0 0 0 0 0 0 0.185154 0.236349 0 0 0 0 0.20616 0.236349 0 0 0 0 0 0 0.0269997 0.061955 0.0236015 0.0867429 0.111496 0 0.00999524 0.0249639 0.1726 0 0 0 0.0744872 0.236349 0 0 0 0 0 0 0.236349 0 0.236349 0.236349 0 0 0 0 0 0.0149524 0.0470774 0.0552929 0 0 0 0 0.219556 0 0 0 0.227614 0.183837 0.00279977 0 0 0.0446831 0 0 0 0 0.216727 0.0207048 0.0361789 0 0.0584919 0.0459533 0.0121215 0.0593528 0.12417 0 0 0 0.00164345 0 0 0 0.169787 0.236349 0 
0.0315249 0.214271 0 0 0 0.00575773 0 0.00313571 0 0 0 0 0.0769012 0.247429 0.0555803 0 0.0995245 0.0465367 0.0217852 0.0165185 0 0 0.0579797 0.122124 0.0609397 0.020769 0.00983863 0 0.0569151 0.0384168 0.00497318 0.0164649 0.25641 0.0718652 0.00577322 0.00332165 0.0059657 0 0 0 0 0 0 0.122008 0.256554 0 0 0 0 0.194894 0.256554 0.112621 0.0141067 0 0 0 0 0.192725 0.0677402 0.0221195 0.0774561 0 0 0 0.256554 0.0457721 0 0 0 0.00705264 0.00480696 0.00467251 0 0 0 0 0 0.256554 0.0752032 0 0.149053 0 0 0 0 0.0185143 0.155599 0.256554 0.256554 0 0 0 0.0106089 0.0469734 0 0.0319257 0 0.256554 0.115071 0 0 0 0 0 0 0 0.117325 0.14875 0.0247644 0.0615162 0 0 0.0317489 0.0128057 0.190396 0.0160277 0.00319799 0 0.0320174 0.0564534 0.03207 0.0117071 0.0880193 0.184488 0.0209965 0 0 0 
0.00497653 0.229958 0.00420147 0 0.00140822 0.0167567 0 0 0 0 0 0.021857 0.0632886 0.154056 0.102499 0 0.174053 0.0501951 0.0366144 0 0 0 0 0.107065 0.0558176 0.0162624 0.00404342 0 0.00959527 0.12136 0 0.0179643 0 0.242094 0 0.0271526 0.0364298 0 0 0 0 0 0 0.19676 0.242094 0 0 0 0 0.242094 0.242094 0 0 0 0 0 0 0.149073 0.0426459 0.00653923 0.0384596 0.0456333 0 0 0.0206781 0.242094 0 0 0 0.0346862 0.010226 0.00389606 0 0 0 0 0 0.242094 0.242094 0 0.242094 0 0 0 0 0 0 0.242094 0.222035 0 0 0 0.0362002 0.0275362 0 0.00201283 0 0.242094 0.137274 0 0 0 0 0 0 0 0.047018 0.167153 0.0121689 0.0297127 0.0442417 0 0.0434989 0.0150353 0.0445561 0.133619 0 0 0 0.0519186 0 0.0105218 0.0230396 0.242094 0.0196875 0 0 0 
0 0 0 0.0180169 0.134991 0.138967 0 0 0 0 0.25239 0.126603 0 0 0 0 0 0 0.0283282 0.0207727 0 0.25239 0 0 0 0.00483436 0.00383847 0 0.000936902 0.25239 0 0 0 0 0 0 0 0 0.25239 0.17928 0.25239 0.25239 0 0 0 0 0 0 0.0117746 0.0253564 0 0 0 0.25239 0.036903 0 0 0.0415476 0 0.00304341 0.00299836 0.25239 0 0 0 0 0 0 0.181279 0.0190482 0.0345656 0.0392975 0.0609827 0.0195908 0.0101119 0.0801556 0.208785 0 0 0 0 0 0 0 0.153638 0.25239 0 0 0 0 0.0997465 0 0.0099995 0.186686 0 0 0 0 0 0.213118 0.0142314 0 0 0 0 0 0 0 0.25239 0 0 0 0 0 0 0 0.25239 0.0344798 0.00509898 0.00487065 0.0149663 0.00535623 0.0347555 0 0.0119611 0.0267674 0 0.0152455 
0 0 0.0145883 0 0 0.204718 0 0 0 0.0914327 0.257407 0 0 0 0 0 0 0.0292602 0.0428636 0.00309478 0 0.144747 0.0753206 0 0 0 0.012915 0.0648637 0.100747 0.13395 0 0 0 0 0.0705605 0.00519126 0.00268059 0.181162 0 0 0 0.257407 0.257407 0 0 0 0 0 0 0.0533921 0 0 0 0 0.257407 0.0135409 0.179522 0.0196708 0 0 0 0 0.093991 0.19212 0 0 0.133 0.0322359 0 0.178357 0 0 0 0 0.257407 0.163149 0 0 0 0 0 0 0.0176467 0.13263 0.257407 0.0170389 0.0420399 0 0.0460512 0.00522269 0 0 0.235409 0.0173417 0.00434172 0.043536 0.0257242 0.00862373 0.0368379 0.00720663 0.0057892 0.0308146 0.00277659 0.00755649 0.00651161 0.0101769 0.0671752 0.257407 0 0 0 0 0 0 0 0.0861571 0.257407 0 0 0 0 0 0 0 0.257407 0 0 0 
0 0 0.0426746 0.202328 0.059622 0 0 0 0.102738 0.247086 0.071927 0 0 0 0 0 0.0319209 0.0839828 0.0417368 0.19683 0 0 0 0 0.00605498 0 0.000893222 0.113404 0.100219 0 0 0 0 0 0 0 0.247086 0.185634 0 0 0 0 0 0 0 0 0.247086 0.247086 0 0 0 0 0.247086 0.0145345 0.0373119 0.082556 0.0414237 0 0 0.0522716 0.180019 0 0 0 0 0 0.247086 0.0279614 0.0348897 0.0418472 0 0 0.00748698 0 0.247086 0 0 0 0.0954708 0.00710546 0 0 0.119119 0.247086 0.0198481 0.0105053 0 0 0.0577216 0 0.02318 0.247086 0 0 0 0 0 0 0.247086 0 0 0 0 0 0 0 0.247086 0 0 0 0 0 0 0 0.247086 0.122991 0.00832708 0 0 0 0.0126072 0 0.00893492 0.0819336 0.00386598 0.0128231 0.0153 0.00376939 
0 0 0 0 0.130562 0.199001 0 0 0 0 0.190888 0.24779 0 0 0 0 0 0 0.00866953 0.0130519 0.0321007 0.251697 0 0 0 0.0475909 0.00326878 0.00101214 0 0.152257 0 0 0 0 0 0 0 0 0.251697 0.201186 0.251697 0.244563 0 0 0 0 0 0 0.017263 0.00909716 0 0 0 0.209902 0.170123 0.0301526 0 0.0537129 0.0353589 0 0 0.16328 0 0 0 0 0 0 0.198577 0.0194008 0.0367713 0.0455814 0.0893919 0.00707465 0.00882122 0.117465 0.173124 0 0 0 0 0 0 0 0.164417 0.251697 0 0 0 0 0.116749 0.00565424 0.00850634 0.182499 0 0 0 0 0 0 0.242297 0 0 0 0 0 0 0.0310194 0.251697 0 0 0 0 0 0 0 0.251697 0.0404749 0.00544832 0.00369064 0.0153413 0.00510469 0.0289518 0.0050062 0.012802 0.0351791 0.00237591 0.0145601 
0 0 0.0784139 0.00109689 0 0 0.115962 0 0 0 0.285353 0 0 0 0 0 0 0.00382575 0.0377943 0 0.00330183 0.18398 0.0763637 0 0 0 0.00810656 0.0489124 0.0996294 0.125552 0.0224851 0 0 0 0.144917 0 0 0 0.123762 0 0 0 0.285353 0 0 0 0 0 0 0.016721 0.0157283 0 0 0 0.285353 0 0.160059 0.0140719 0 0 0 0 0.101663 0.198254 0 0 0.152482 0.0162336 0 0.120939 0.0189183 0 0 0 0.285353 0.194274 0 0 0 0 0 0 0 0.164872 0.285353 0.0307361 0.0272057 0 0.0389267 0.00391338 0 0 0.238141 0.0249895 0.0177754 0.0290926 0.0232539 0.00679649 0.0262809 0.010799 0 0.0450545 0.00143283 0.00494407 0.00654795 0.0102019 0.0569941 0.240904 0 0 0 0 0 0 0 0.0909555 0.267315 0 0 0 0 0 0 0.00258101 0.285353 0 0 0 
0 0 0.0332602 0.231041 0.0639821 0 0 0 0.0849345 0.242944 0.076362 0.00532525 0 0 0 0 0.035414 0.0650249 0.0403239 0.111788 0.0591911 0 0 0 0.0191737 0 0 0 0.211276 0 0 0 0 0 0 0 0.242944 0.184296 0 0 0 0 0 0 0 0.0122883 0.242944 0.210347 0 0 0 0 0.242944 0.0181672 0.0561826 0.0920568 0.0325779 0 0 0.0102605 0.242944 0 0 0 0 0 0.242944 0.0451755 0.03614 0.0286502 0 0 0.00868459 0.0081757 0.242944 0 0 0.00166568 0.0731953 0.0193245 0 0 0.126562 0.242944 0.0821826 0 0.00682261 0 0.0224588 0.00535298 0 0.242944 0 0 0 0 0 0.00383396 0.242944 0 0 0 0 0 0 0 0.242944 0 0 0 0 0 0 0 0.242944 0.115608 0.00611884 0 0 0 0.00361893 0.00396957 0 0.115148 0.00439921 0.0143994 0.0122783 0.00198421 
0 0 0 0.16736 0.0150697 0 0 0.0347808 0 0 0 0.272864 0.0127689 0 0 0 0 0 0 0 0 0 0 0.272864 0 0 0 0 0.0548719 0.10895 0.133864 0.0283042 0 0 0 0.139293 0.099291 0 0 0.0382527 0 0 0 0.26644 0.203708 0 0 0 0.272864 0 0 0 0 0 0 0.00816366 0.0586856 0.182198 0.181864 0.0659122 0 0 0 0 0 0 0 0 0.272864 0 0.00591053 0.0258439 0 0 0 0 0.272864 0.195773 0 0 0.0522438 0 0 0 0 0.167805 0.228637 0.0418001 0.00236966 0.039564 0.0446492 0.00565744 0.00762861 0.0924356 0.0930379 0.0120869 0 0.00670958 0.0233298 0.00702816 0.0997476 0 0.00456663 0.0024444 0 0 0 0.00863879 0.104635 0.272864 0 0 0 0 0 0 0 0.272864 0.0309317 0 0 0 0 0 0 0.135824 0.110839 0 
0 0 0.0976637 0.165276 0.0385321 0 0 0 0.180208 0.237001 0 0 0 0 0 0 0.0466189 0.0300892 0.0123699 0.0207812 0.145028 0 0 0 0 0 0 0 0.250963 0 0 0 0 0 0 0 0.199926 0.180693 0.0503366 0 0 0 0 0 0 0 0.11024 0.250963 0 0 0 0 0.250963 0.00703221 0.0113698 0.105611 0 0 0 0 0.250963 0 0 0 0 0 0.232985 0.0333624 0.0329029 0.0220004 0.0156085 0 0.0296514 0.0606626 0.178792 0 0 0 0.0245354 0.0712941 0.00501921 0 0.246838 0.250963 0 0 0 0 0 0 0.00475174 0.250963 0.0724308 0 0 0 0 0 0.250963 0 0 0 0 0 0 0 0.250963 0 0 0 0 0 0 0 0.250963 0.032582 0 0 0 0 0 0 0.0072991 0.126431 0.00417948 0.00800118 0.00398688 0 
0.0181411 0 0 0.0771273 0.0606097 0 0 0.0547458 0 0 0 0 0.268781 0.0220933 0.00982196 0 0 0 0 0 0 0 0.164496 0.268781 0 0 0 0 0.104642 0.149747 0.0948317 0 0 0 0 0 0.165652 0 0 0.107741 0.00328641 0 0.00441554 0.00839367 0.268781 0 0 0.00800692 0.268781 0.0845552 0 0 0 0 0 0 0 0.116999 0.229735 0.171141 0 0 0 0 0 0 0 0 0.200059 0 0.0185343 0.125876 0 0 0 0 0.268781 0.145311 0 0 0.0447494 0.0232033 0 0 0 0.198085 0.14822 0.0240819 0 0.0253996 0.0560139 0.0437849 0.0131922 0.222538 0 0 0 0.0120739 0.0174896 0.00936254 0.0600867 0 0.014994 0.0234791 0 0 0.00651514 0.00729294 0.107612 0.235721 0 0 0 0 0 0 0 0.268781 0 0 0 0 0 0 0 0.268781 0 0 
0 0.00790068 0.0596844 0.115754 0.127956 0 0 0 0 0.234135 0.171209 0 0 0 0 0 0.00600955 0 0.00657296 0.0112652 0.0413849 0.262811 0 0 0.0173414 0.0136457 0 0 0 0.205843 0 0 0.011913 0 0 0 0 0.104104 0.188107 0.126654 0.262811 0 0 0 0 0 0 0.0756829 0.0110416 0 0 0 0 0.262811 0 0.0481695 0.0266276 0.0086972 0 0 0 0.262811 0 0 0.00982045 0 0.0462364 0.124015 0.0156578 0.0147171 0.0366856 0.0327038 0.0916826 0.0367742 0.22296 0.0678649 0 0 0 0.021292 0 0 0 0.262811 0.262811 0 0 0 0 0.0319585 0.00838616 0.00930768 0.262811 0 0 0 0 0 0.0057915 0.22139 0 0 0 0 0 0 0.0689837 0.254397 0 0 0 0 0 0 0 0.262811 0.00830671 0 0 0 0.00179469 0 0.0124051 0.0147783 0.0919955 0.00518421 0.00998188 0.00479414 
0 0 0.0431465 0 0 0 0.190021 0 0 0 0.278967 0 0 0 0 0 0 0 0.0285202 0.00499713 0.00565963 0.199513 0.0644228 0 0 0 0.0228778 0.132802 0.109957 0.0594423 0 0 0 0 0.0438575 0 0 0 0.278967 0 0 0 0.278967 0 0 0 0 0 0.0109054 0.012448 0.0128745 0 0 0 0.278967 0.0734003 0.175443 0.0566492 0 0 0 0 0.0319063 0.224196 0 0 0.0306187 0.0222148 0 0.234701 0.0437493 0 0 0 0.278967 0.0871669 0 0 0 0 0 0 0.0259939 0.251672 0.17448 0.0146011 0.0369268 0 0.0469406 0.00529765 0.00491292 0.0135033 0.188258 0.00921612 0.00290933 0.0437766 0.00713066 0.00203267 0 0.0183801 0.0131343 0.0837972 0.00490352 0.00949389 0.00754539 0.0118318 0.086118 0.181478 0 0 0 0 0 0 0 0.203554 0.178409 0 0 0 0 0 0 0 0.278967 0 0 0 
0 0 0 0 0.111895 0.202875 0 0 0 0 0.177403 0.246828 0 0 0 0 0 0 0.039545 0.0391649 0.0239349 0.152726 0.0472744 0 0 0 0.00626597 0 0 0 0.217446 0 0 0 0 0 0 0 0.246828 0.209723 0.246828 0.246828 0 0 0 0 0 0 0.0506037 0.0577847 0 0 0 0 0.246828 0.0271732 0 0.00137585 0.00563602 0 0 0.0118742 0.246828 0 0 0 0 0.0227091 0.178273 0.0188518 0.0312768 0.0415301 0.0613681 0.0498681 0.0148601 0.109637 0.125176 0 0 0 0 0 0 0 0.246828 0.246828 0 0.00205716 0 0 0 0.0196674 0 0.246828 0 0 0 0 0 0.0758859 0.176094 0 0 0 0 0 0 0 0.246828 0 0 0 0 0 0 0 0.246828 0.00789016 0 0 0.00624916 0 0 0.00713756 0 0.101728 0.00668712 0.0105227 
0.0071394 0 0 0.0865411 0.0740781 0 0 0.0291533 0 0 0 0.0658668 0.252387 0.00538809 0.00332214 0.006114 0 0 0 0 0 0 0.0533777 0.26392 0 0 0 0 0.0795413 0.184052 0.0763983 0.0108824 0 0 0 0.156704 0.0520534 0 0 0.0475743 0.0077217 0.0057277 0.00583966 0.26392 0.111884 0 0 0 0.26392 0.0765342 0 0 0 0 0 0 0.0131736 0.130523 0.26392 0.0995449 0 0 0 0 0 0 0 0 0.260474 0.0243035 0 0.0664976 0 0 0 0 0.26392 0.19396 0 0 0.0490515 0.0183651 0 0 0 0.157124 0.19914 0.031025 0 0.0298316 0.0500604 0.0281917 0.012039 0.156933 0.0462507 0.00306741 0.00196613 0.00573018 0.0226509 0.00620246 0.0867811 0.00976401 0.00746381 0.00443128 0 0 0 0.0113465 0.12463 0.26392 0 0 0 0 0 0 0 0.235731 0.130762 0 0 0 0 0 0 0.26392 0.00364194 0 
0 0 0 0 0 0.0839016 0.107784 0.13313 0 0 0 0 0.257205 0.186133 0 0 0.190002 0 0 0 0.00971526 0.0112708 0.0204658 0.117504 0.21095 0 0 0.0183227 0.0056426 0 0 0 0.187088 0.173626 0.119241 0 0 0 0 0 0 0 0.17371 0.257205 0 0 0 0 0.257205 0 0.0269352 0.0301698 0 0 0 0.0754599 0.233576 0 0 0.00848114 0.00574467 0 0 0.0800135 0.0237527 0.0392593 0.0252368 0.00498455 0 0.0478484 0.139512 0.022322 0 0 0.0305393 0.0752933 0.031374 0.22819 0.0671955 0 0 0 0 0 0 0 0.257205 0.257205 0 0 0 0 0 0.0170082 0 0.257205 0 0 0 0 0 0.0668282 0.179757 0 0 0 0 0 0 0.19606 0.139665 0 0 0 0 0 0 0 0.257205 0.00736624 0.00771504 0.0109124 0.00495142 0 0 0.00531398 0.0173313 0.0880486 
0.0219281 0 0 0.0278297 0.180321 0 0 0 0 0 0 0 0.242505 0 0.0235809 0.0348245 0 0 0 0 0 0 0.169893 0.242505 0 0 0 0 0.221017 0.139391 0 0 0.031072 0 0 0.00976496 0.21887 0 0 0.0130526 0.0381878 0.0101446 0.00408484 0.0291974 0.242505 0 0 0 0.242505 0.210385 0 0 0 0 0 0 0 0 0.242505 0.242505 0 0 0 0 0 0 0 0 0.242505 0.0193904 0 0.0695059 0 0 0 0 0.242505 0.176357 0 0 0.0369682 0.0486996 0 0 0 0.11621 0.161562 0.013229 0 0 0.0516654 0.0367969 0.0106357 0.0806603 0.0931868 0 0.00209506 0.0102424 0.0167552 0.0111309 0.0764463 0.0061903 0 0.0137689 0 0 0 0.0111642 0.122366 0.242505 0 0 0 0 0 0 0 0.218395 0.123266 0 0 0 0 0 0 0 0.241829 0 
0.0743537 0 0 0 0.0493918 0 0 0 0.0904968 0 0 0 0.0719407 0 0 0 0.0863434 0.00800913 0.00669063 0.00461936 0.058509 0 0 0 0.0742474 0.0551274 0.00767613 0.0156664 0 0 0 0 0 0 0 0 0.179167 0 0.00359912 0.00194979 0 0 0 0 0.297734 0.0114208 0 0 0 0 0 0.0697755 0.297734 0 0 0 0 0 0 0.297734 0 0 0 0 0.297734 0 0 0 0 0 0 0 0.297734 0 0 0 0 0 0 0 0.103031 0.0101139 0.0492032 0.108653 0 0 0 0 0 0 0.0175319 0.297734 0 0 0 0 0.297734 0 0 0 0 0 0 0 0.275907 0 0 0 0 0 0 0.297734 0.0220231 0.00801353 0.00925351 0 0 0 0 0.297734 0 0 0.100926 0.108064 0 0 0 0 
0 0 0 0 0.160699 0 0 0 0 0 0 0 0.223162 0 0 0 0 0 0 0.00353879 0.2066 0 0 0 0 0 0 0.00460976 0.146188 0 0 0 0 0 0 0 0.0771212 0.0013919 0.00738418 0.157589 0.00059197 0 0 0 0.188554 0.00831647 0.0242677 0.0189406 0.0168753 0.0439523 0.00955444 0.102312 0.0597847 0 0 0 0.164501 0.00665227 0 0.0475428 0.0172806 0 0 0 0 0 0 0 0 0 0.0411716 0.308902 0.0508689 0 0 0 0 0 0.137647 0.201564 0.0896453 0.308902 0 0 0 0 0 0 0.308902 0.0380507 0 0 0 0 0 0 0 0 0 0 0 0 0.308902 0.0242524 0.0204716 0.0192979 0 0 0 0.0237107 0.30553 0 0 0.308902 0 0 0 0 0 0 0.075555 0.308902 0 0 0 0 0 0 
0 0 0 0 0.181802 0 0 0 0 0 0 0 0.257608 0 0 0 0 0 0 0 0.265644 0 0 0 0 0 0 0 0.188141 0 0 0 0.0708305 0 0 0 0.0553919 0.00740892 0.000301109 0.0839716 0 0 0 0 0.165 0.00884047 0.00861272 0.129378 0.00180715 0.0218056 0 0.0354942 0.181553 0 0 0.00530081 0.0591888 0.0422789 0.00903293 0.0390467 0.0581221 0 0 0 0.130755 0 0 0 0 0 0 0.28359 0 0 0 0 0 0 0.104059 0.28359 0.072442 0.221942 0 0 0 0 0 0.0972022 0.276352 0.28359 0 0 0 0 0 0 0 0 0 0 0 0 0.223637 0.162822 0 0 0 0 0 0 0.28359 0 0.00895589 0.197892 0.050322 0 0 0 0.0304353 0.0110494 0 0.28359 0.0244843 0 0 0 0 0 
0 0 0 0 0.164537 0 0 0 0 0 0 0 0.243564 0 0 0 0 0 0 0 0.238186 0 0 0 0 0 0 0 0.168759 0 0 0 0.0327527 0 0 0 0.0640812 0 0 0.12452 0 0 0 0 0.169367 0.0126977 0.00987847 0.107315 0 0.0289601 0 0.0591921 0.145558 0 0 0.00385627 0.0951035 0.0245927 0.00869812 0.0404269 0.050487 0 0 0 0.0614114 0 0 0 0 0 0 0.296068 0 0 0 0 0 0 0.107399 0.296068 0.081897 0.234844 0 0 0 0 0 0.0950934 0.296068 0.261409 0 0 0 0 0 0 0 0 0 0 0 0 0.223398 0.17764 0 0 0 0 0 0 0.296068 0 0.0101081 0.222861 0.0394473 0 0 0 0.0370782 0.0138574 0 0.296068 0.0248358 0 0 0 0 0 
0 0 0 0 0.170272 0 0 0 0 0 0 0 0.242605 0 0 0 0 0 0 0 0.237693 0 0 0 0 0 0 0 0.165013 0 0 0 0 0 0 0 0.0740875 0.00400539 0 0.1543 0 0 0 0 0.194458 0.00712097 0.00907155 0.0486646 0 0.0471741 0.0137496 0.0661826 0.102773 0 0 0 0.153293 0.0101072 0 0.0260961 0.0443397 0 0 0 0 0 0 0 0 0 0 0.287465 0 0 0 0 0 0 0.0944541 0.287465 0.0395246 0.287465 0 0 0 0 0 0 0.287465 0.118872 0 0 0 0 0 0 0 0 0 0 0 0 0.287465 0.0556213 0 0 0 0 0 0 0.287465 0.0155296 0 0.287465 0.154421 0 0 0 0 0 0.0230636 0.287465 0.0421092 0 0 0 0 0 
0 0 0 0 0.146113 0 0 0 0 0 0 0.00574338 0.203843 0 0 0 0 0 0 0.00558391 0.209607 0 0 0 0 0 0 0 0.156613 0 0 0 0 0 0 0 0.0594436 0.00284212 0 0.180089 0 0 0 0 0.181443 0.00984455 0.0359976 0.0497675 0 0.0363886 0.00985613 0.0958121 0.0968872 0 0 0.00161209 0.122825 0.0144544 0 0.082577 0.00842494 0 0 0 0 0 0 0 0 0 0 0.299571 0 0 0 0 0 0 0.122022 0.299571 0.0701393 0.286787 0 0 0 0 0 0.0193226 0.299571 0.126732 0 0 0 0 0 0 0 0 0 0 0 0 0.299571 0.106376 0 0 0 0 0 0 0.299571 0 0 0.284193 0.0565567 0 0 0 0.00127505 0.0191195 0.0205789 0.299571 0.0247635 0 0 0 0 0 
0 0 0 0 0.16759 0 0 0 0 0 0 0 0.241873 0 0 0 0 0 0 0 0.240264 0 0 0 0 0 0 0 0.177332 0 0 0 0.0184461 0 0 0 0.0682948 0.00329847 0 0.131134 0 0 0 0 0.198886 0.0135668 0.0237052 0.0417778 0 0.0311785 0.0183559 0.0533366 0.135566 0 0 0 0.110663 0.0271704 0 0.0300169 0.0506615 0 0 0 0 0 0 0 0 0 0 0.289683 0 0 0 0 0 0 0.0952607 0.289683 0.0613746 0.289683 0 0 0 0 0 0 0.289683 0.163317 0 0 0 0 0 0 0 0 0 0 0 0 0.289683 0.111828 0 0 0 0 0 0 0.289683 0.0135109 0.00848661 0.223707 0.148626 0 0 0 0 0 0.0185197 0.289683 0.0939798 0 0 0 0 0 
0 0 0 0 0.174486 0 0 0 0 0 0 0 0.24601 0 0 0 0 0 0 0 0.245544 0 0 0 0 0 0 0 0.174228 0 0 0 0.0300951 0 0 0 0.0608845 0.00666536 0 0.117086 0 0 0 0 0.173826 0.00732809 0.00905471 0.0925708 0.00182936 0.0364342 0.00806156 0.0489534 0.137045 0 0 0 0.10108 0.0236603 0.00524152 0.0326917 0.0505442 0 0 0 0.0580317 0 0 0 0 0 0 0.289608 0 0 0 0 0 0 0 0.289608 0.0788867 0.289608 0 0 0 0 0 0 0.289608 0.257642 0 0 0 0 0 0 0 0 0 0 0 0 0.228718 0.17709 0 0 0 0 0 0 0.289608 0 0 0.203314 0.111918 0 0 0 0 0.0278788 0 0.289608 0.0811085 0 0 0 0 0 
0.0303601 0.077472 0.00745467 0.00967856 0 0 0 0 0.274275 0.00516809 0 0 0 0 0 0 0.274275 0 0 0 0 0 0 0.0270131 0 0 0 0 0 0 0 0.274275 0.0357578 0.274275 0 0 0 0 0 0 0.274275 0.274275 0 0 0 0 0 0 0.274275 0 0 0 0 0 0 0 0.261369 0 0 0 0 0 0 0.141635 0.000891284 0.0930019 0.195079 0 0 0 0.00110857 0 0 0.274275 0.250369 0 0 0 0 0 0.0990301 0.198576 0 0 0 0 0 0 0.120762 0.00315926 0 0 0 0 0 0 0 0.0111229 0.194303 0 0 0 0.0160481 0 0 0 0.274275 0 0 0 0 0 0 0.0886093 0.0763841 0 0 0 0 0 0.00360548 0.020405 0 0 0 0 0 0 
0.296897 0 0 0 0 0 0 0 0.289769 0 0 0 0 0 0 0.035113 0 0 0 0 0 0 0 0.296897 0.0141692 0.0134154 0.0311309 0.0100242 0 0 0 0.0468752 0.296897 0 0 0 0 0 0 0 0.233761 0 0 0 0 0 0 0.273569 0 0 0 0 0 0 0.074188 0.296897 0.00215691 0.00894107 0 0 0 0 0.120126 0.115869 0.0848998 0 0 0 0 0 0 0.00900421 0 0 0 0 0 0 0.0746852 0.139086 0 0 0 0 0 0 0.296897 0.0216682 0 0 0 0 0 0 0.296897 0 0 0 0 0 0 0.000719129 0.00354697 0.00487735 0 0 0 0 0 0 0.10161 0 0 0 0 0 0 0 0.296897 0 0 0 0 0 0 0 0.296897 0 
0.121712 0 0 0.00606864 0.0591997 0 0 0 0.291568 0 0 0 0 0 0 0 0.191959 0 0 0 0 0 0 0.0146893 0 0 0 0 0.0809177 0 0 0.0074373 0.226912 0 0 0.0333957 0.0112975 0 0 0 0.291568 0 0 0 0 0 0 0 0.258259 0.0337625 0 0 0 0 0 0 0 0.000935589 0.0310686 0.0875053 0.0311252 0 0 0 0.291568 0 0 0.0279112 0 0 0 0 0.291568 0.0298937 0 0 0 0 0 0 0.0324429 0.230547 0.1781 0 0 0 0 0 0 0 0.291568 0.0722343 0 0 0 0 0.240463 0.00115566 0.00210379 0 0 0 0 0 0.228408 0.0500302 0.0440885 0.0164348 0 0 0 0 0 0.0435348 0.291568 0.0190843 0 0 0 0 0 0.291568 0.0542415 0 0 0 0 0 
0.148626 0 0 0.00943221 0.0447008 0 0 0 0.295122 0 0 0 0 0 0 0 0.19966 0 0 0 0 0 0 0 0.00113685 0.000324864 0.000438946 0 0.073923 0 0 0 0.236785 0 0 0 0.039758 0 0 0 0.295122 0 0 0 0 0 0 0 0.247388 0.0309118 0 0 0 0 0 0 0 0 0.0283249 0.0768244 0.0307192 0 0 0 0.290065 0 0 0.0163898 0.00694461 0 0 0 0.295122 0.0247475 0 0 0 0 0 0 0.0315142 0.221952 0.162277 0 0 0 0 0 0 0 0.289482 0.0528997 0 0 0 0 0.228503 0 0.000753894 0.0086544 0 0 0 0 0.242398 0.0504917 0.0347917 0.0140052 0 0 0 0 0 0.0142691 0.295122 0.0352957 0 0 0 0 0 0.295122 0.0533951 0 0 0 0 0 
0.158966 0 0 0 0 0 0 0 0 0.000317885 0.00456078 0.0199208 0.100477 0 0 0 0 0 0 0 0.276131 0 0 0 0.00666499 0 0 0 0.276131 0 0 0.00264387 0.109912 0.138387 0.0203915 0 0 0 0 0 0 0 0.158276 0.177066 0 0 0 0 0 0 0 0.122316 0.276131 0 0 0 0.0317937 0 0 0 0.276131 0 0 0 0 0.0702795 0.276131 0 0 0 0 0 0 0.196379 0.276131 0.0228086 0 0 0 0 0 0 0.0221379 0.276131 0.152984 0 0 0 0.0470663 0 0 0.0235091 0.21493 0 0 0 0 0.0456897 0.151239 0.114876 0 0 0 0 0.168188 0.276131 0 0 0 0 0 0 0 0.00572703 0.0450906 0.1446 0.147004 0 0 0 0.0474647 0 0.00098149 0.00722664 0.141208 0 0 0 
0.127841 0.00238418 0 0 0 0 0 0 0.000274518 0.000448169 0.0032252 0.0159443 0.0579688 0 0 0 0 0 0 0 0.272949 0 0 0 0 0 0 0 0.272949 0 0 0 0.103768 0.0866089 0.032244 0 0 0 0 0 0 0 0.198841 0.0713611 0 0 0 0 0 0 0 0.184875 0.272949 0 0 0 0 0 0 0 0.272949 0 0 0 0 0.0477735 0.272949 0 0 0 0 0 0 0.154855 0.272949 0 0 0 0 0 0 0 0.114406 0.272949 0.0393926 0 0 0 0 0 0 0 0.272949 0 0 0 0 0 0.0879661 0.246873 0 0 0 0 0.122108 0.269911 0.0621988 0 0 0 0 0 0.0501875 0.0649996 0.033334 0.0916718 0.0565691 0 0 0 0 0 0 0 0.255388 0.000678232 0 0 
0.0920451 0 0 0 0.116605 0 0 0 0.335922 0 0 0 0 0 0 0 0.162068 0 0 0 0 0 0 0.090939 0 0 0 0 0.0103953 0.00817941 0.00803093 0.050072 0.138039 0 0 0 0.124125 0 0 0 0.335922 0 0 0 0 0 0 0 0.335922 0.0480923 0 0 0 0 0 0 0.00942249 0.0244463 0.133744 0.0132739 0 0 0 0 0.14694 0 0 0 0.114187 0 0 0 0.335922 0 0 0 0 0 0 0 0.123361 0.0959655 0.21304 0 0 0 0 0 0 0.0211334 0.335922 0 0 0 0 0 0.0626101 0 0 0 0.133502 0.00185831 0.00183275 0.00200776 0.335922 0 0 0 0 0 0 0 0 0.039094 0.0307758 0.213706 0 0 0 0 0.010062 0.086244 0.141616 0.0753559 0 0 0 0 
0.110543 0 0 0 0.0835837 0 0 0 0.244534 0 0 0 0 0 0 0.149701 0 0 0 0 0.268646 0.0434115 0 0 0 0 0 0 0.0984869 0.0755716 0.0358183 0.0930323 0.192592 0 0 0 0.0678383 0.000401209 0 0 0.268646 0 0 0 0 0 0 0.268646 0 0 0 0 0.171175 0.182749 0.0484143 0 0 0 0 0 0 0.242028 0.14995 0.0619837 0.268646 0 0 0.027426 0.0109484 0 0 0 0.268646 0 0 0 0 0 0 0.0272046 0 0.0032642 0 0.222411 0.115909 0 0.00705181 0.00552131 0.0139826 0.0930147 0.0578184 0.0748734 0.0236365 0.00702755 0 0.0228869 0.268646 0 0 0.0203428 0 0 0 0 0.268646 0 0 0 0 0 0 0 0 0 0 0.0937336 0.268646 0 0 0 0.0440637 0.0203286 0.0163062 0.039649 0.0349034 0.0419471 0.0136915 0.0475127 
0.0852925 0.0569899 0.0432245 0.148855 0 0 0 0 0 0 0.0135263 0.283593 0 0 0 0 0.283593 0 0 0 0 0 0 0 0.109206 0.000814539 0 0 0.117557 0 0 0 0.0349494 0.156562 0.213738 0.0201789 0 0 0 0 0 0.0105508 0.0571079 0.283593 0 0 0 0 0.283593 0 0 0 0 0 0 0 0.213843 0 0 0.00885073 0.0779832 0 0 0 0.0192754 0 0 0.0278317 0.0240693 0.107954 0.0908801 0.0133548 0 0.00480672 0 0.0718775 0.283593 0.0235959 0.00553691 0 0.283593 0 0 0 0 0 0 0.132164 0.273163 0 0 0 0.0444984 0 0 0 0.0250632 0.0219331 0.0261431 0.0423692 0.0543621 0.0203896 0.0191536 0.0343023 0 0 0 0.208752 0.241184 0 0 0 0.165328 0 0 0 0 0 0 0.195127 0.168338 0 0 0 0.0169214 0.0019243 0 0.0627745 
0.0255078 0 0 0.0036201 0.137336 0 0 0 0.288821 0 0 0 0 0 0 0 0.104714 0 0 0.0192268 0.05887 0 0 0.0491875 0 0 0.0435176 0.137716 0.0781052 0 0 0 0.120758 0.00329365 0.00140637 0.029783 0.070855 0 0 0 0.288821 0 0 0 0 0 0 0 0.0607435 0.00695842 0 0 0.111354 0.0405474 0.00790982 0.0641064 0 0 0 0 0.106593 0.184582 0.0615552 0 0.0835834 0.0657669 0 0.0769837 0.0105972 0 0 0 0.288821 0.288821 0 0 0 0 0 0 0 0.238324 0.288821 0.0221237 0 0 0 0 0 0 0.288821 0.048929 0.0363569 0.00886446 0.00544285 0 0.00675136 0.0214155 0.00132296 0.00767175 0.0586129 0.0359567 0.0119868 0.00499141 0.0338337 0.288821 0 0 0 0 0 0.0174864 0 0.0921176 0.288821 0 0 0 0 0 0 0 0.288821 0 0 0 0 0 
0.158453 0 0.000835752 0.0377611 0 0 0 0 0.269288 0 0 0 0 0 0 0.00903441 0.00107185 0 0 0.179833 0.087134 0 0 0 0.0203818 0.0829411 0.0448251 0.0627742 0 0 0 0 0.269288 0 0.00490125 0.0228643 0 0 0 0 0.269288 0 0 0 0 0 0 0.0399896 0 0 0 0.00949328 0.269288 0.0219915 0 0 0 0 0 0 0.0203364 0.140585 0.105296 0.0383119 0.269288 0.0449951 0.048856 0 0 0 0 0 0.269288 0.269288 0 0 0 0 0 0 0 0 0.269288 0.0501227 0.0200153 0 0 0 0 0 0.266804 0.0101625 0.0102558 0.00961583 0.0167857 0 0.0665597 0.0317731 0.0132096 0 0 0 0.025645 0.0141703 0.025464 0.269288 0 0 0 0 0 0.0101966 0 0.0275691 0.269288 0 0 0 0 0 0 0 0.269288 0 0 0 0 0 
0 0 0.0494466 0.0809435 0.0679107 0.0321571 0 0 0 0 0.269001 0.0163018 0 0 0 0 0 0 0 0 0 0.116773 0.26007 0 0 0 0.0244154 0 0 0 0.214108 0 0.134205 0.0509795 0 0 0 0 0.0308682 0.103179 0 0.269001 0 0.00507206 0 0 0 0 0 0 0 0 0 0.269001 0.068898 0 0 0 0.00482213 0.00589005 0.00546197 0.269001 0.055209 0 0.0132157 0.0130624 0 0.104302 0.0960364 0 0.00651126 0.00997307 0 0.0185339 0.0269295 0.155532 0.246474 0 0 0 0 0 0 0 0.269001 0.269001 0 0 0 0 0 0 0.0439342 0.269001 0 0 0 0 0 0.0560322 0.198935 0 0 0 0 0 0 0 0.269001 0 0 0 0 0 0 0 0.269001 0.0249011 0.00496519 0 0 0 0 0 0.0121414 0.115253 0.0125427 0.0231521 
0 0 0.270901 0 0 0 0.0253821 0 0 0 0.303566 0 0 0 0 0 0 0 0.1707 0 0 0 0 0 0 0 0.00236147 0.00336428 0.00245733 0.000136518 9.23531e-05 0 0 0 0.270404 0.00351094 0.00948094 0.0136326 0.0292337 0 0 0 0.303566 0 0 0 0 0 0 0 0.124831 0.162603 0 0 0 0 0 0 0 0.0181715 0.09042 0 0 0 0 0 0.117169 0.0410696 0.0449361 0.0752811 0 0 0 0 0.303566 0.294465 0 0 0 0 0 0 0 0.303566 0.128024 0 0 0 0 0 0 0 0.303566 0 0 0 0.0236721 0.00920053 0.0273901 0.00970239 0.0107921 0.0199901 0.00447216 0.00847225 0 0.0212037 0.0597837 0.210295 0 0 0 0 0 0 0 0.168842 0.141796 0 0 0 0 0 0 0 0.29342 0 0 0 
0 0 0 0 0.0278872 0.00114426 0 0 0.0337048 0 0 0 0.0106378 0.00252509 0 0.0150129 0.285757 0 0 0 0 0 0 0 0.285757 0 0 0 0 0 0 0 0 0 0 0 0 0.134378 0 0 0 0 0 0 0 0.109862 0.0605791 0.0206773 0.167503 0 0 0 0 0 0.0228205 0.285757 0.285757 0 0 0 0 0 0 0.161309 0 0 0 0 0 0.285757 0 0 0 0 0 0 0 0.285757 0.138164 0 0 0 0 0 0 0 0.285757 0.157119 0 0 0 0 0 0 0.0302608 0.285757 0 0 0 0 0 0.232778 0 0 0 0 0 0 0 0.234173 0.0780837 0 0 0 0 0 0 0 0.285757 0.00582103 0.00485756 0.00652493 0 0 0 0 0.0828842 0.0849825 
0 0 0 0 0.18748 0 0 0 0 0 0 0.0850957 0.17369 0 0 0 0.258996 0.0185872 0 0 0 0 0 0 0.257654 0.104446 0 0 0 0 0 0.00381489 0 0 0 0 0.258996 0 0 0 0 0 0 0.0701021 0.258996 0 0 0 0.0968794 0.241427 0.00183471 0 0 0 0 0 0 0.258996 0.0959336 0 0 0 0 0 0 0 0 0 0.258996 0 0 0 0 0 0 0 0.230597 0.258996 0 0 0.0285789 0 0 0 0 0.021501 0.257676 0.0313854 0.00878115 0.0685229 0.0140745 0 0 0 0.160509 0.00638326 0 0 0 0 0.0702691 0.0826666 0 0 0 0 0 0 0 0.2437 0.0871212 0 0 0 0 0 0 0 0.258996 0 0 0 0 0 0 0 0.258996 0 
0.0147446 0.0109869 0 0 0.0275469 0.160988 0.00533652 0 0 0 0 0 0.0152458 0.277953 0 0 0 0.0212073 0.277953 0.037229 0.00516427 0 0 0 0 0.0460395 0.223184 0.0476223 0 0 0 0.0044742 0 0 0 0 0.277953 0.0335054 0 0 0 0 0 0 0.0754867 0.277953 0 0 0 0 0.277953 0.0720204 0 0 0 0 0 0 0.039371 0.277953 0 0 0 0 0 0 0 0 0.0760232 0.0315852 0.00818565 0.121796 0.0709035 0 0 0 0 0.039524 0.0206015 0.160973 0.277953 0.0269538 0.0355214 0 0 0 0 0 0.143235 0.0120456 0.0280373 0.0699364 0 0 0 0 0.238517 0 0 0 0 0 0 0 0.277953 0 0 0 0 0 0 0 0.277953 0 0 0 0 0 0 0 0.260656 0 0 0 0 0 0 0 
0.0602496 0 0 0 0.015934 0.0754252 0.0217882 0.00987837 0 0 0 0 0 0.273956 0.0138689 0 0 0 0.273956 0 0.0362639 0.00632231 0 0 0 0.00272543 0.273956 0.0597955 0 0 0 0 0 0 0 0 0.273956 0.0286103 0 0 0 0 0 0 0.0253882 0.273956 0 0 0 0 0.258971 0.0526722 0.0559776 0 0 0 0 0 0.10329 0.273956 0 0 0 0 0.0257698 0 0 0 0.1072 0.0181385 0 0.0767064 0.0485658 0 0 0 0 0.0594115 0.032811 0.159806 0.273956 0.0307081 0.0181958 0 0 0 0 0.00353702 0.163795 0.0225358 0.028543 0.062876 0 0 0 0 0.254632 0 0 0 0 0 0 0 0.273956 0 0 0 0 0 0 0 0.273956 0 0 0 0 0 0 0 0.273956 0 0 0 0 0 0 0 
0.0345107 0 0 0 0.0222412 0.11544 0.0506587 0.00605586 0 0 0 0 0 0.275481 0.0178455 0 0 0 0.275481 0.0218307 0 0 0 0 0 0 0.272211 0.0670833 0.00294461 0 0.00385389 0 0 0 0 0 0.275481 0.0353602 0 0 0 0 0 0 0.0647863 0.275481 0 0 0 0 0.275481 0.0696033 0 0 0 0 0 0 0.0381608 0.275481 0 0 0 0 0 0 0 0 0.0956771 0.0228648 0 0.11551 0.0454349 0 0 0 0 0.0507654 0.0286453 0.171109 0.275481 0.0244136 0.0324199 0 0 0 0 0 0.145264 0.0132927 0.0281992 0.0680437 0 0 0 0 0.233877 0 0 0 0 0 0 0 0.275481 0 0 0 0 0 0 0 0.275481 0 0 0 0 0 0 0 0.25962 0 0 0 0 0 0 0 
0.0671196 0 0 0 0.013753 0.0574061 0.0204856 0.0158383 0 0 0 0 0 0.273382 0.0706239 0 0 0 0.273382 0.0130505 0.013017 0.0244906 0 0 0 0 0.273382 0.0392007 0 0 0 0 0 0 0 0 0.273382 0.0271901 0 0 0 0 0 0 0.0249401 0.273382 0 0 0 0 0.264968 0.0501723 0.0564677 0 0 0 0 0 0.184614 0.273382 0 0 0 0 0.0374624 0 0 0 0.105716 0.0177065 0 0.0519624 0.0445344 0 0 0 0 0.0613099 0.0330699 0.149606 0.257875 0.0290473 0.0148121 0 0 0 0 0.017611 0.150791 0.0241662 0.049756 0.0522352 0 0 0 0 0.242215 0 0 0 0 0 0 0 0.273382 0 0 0 0 0 0 0 0.273382 0 0 0 0 0 0 0 0.273382 0 0 0 0 0 0 0 
0.00231351 0.0742568 0.00833667 0.0255891 0.05996 0.0283653 0.00822493 0 0 0 0 0 0 0.280667 0.0382486 0 0 0 0.152679 0.0134868 0.0134708 0.153402 0 0 0 0 0.280667 0.0162292 0 0 0 0 0 0 0 0.0177311 0.280667 0 0 0 0 0 0 0 0.245159 0.280667 0 0 0 0 0.0883856 0.0681076 0.077706 0.1019 0 0 0 0 0.177271 0.280667 0 0 0 0 0.022522 0 0 0 0.168713 0 0 0.0586641 0 0 0 0 0.0508578 0.0731862 0.023046 0.165544 0.206845 0.0150713 0 0 0 0.00990045 0.00278489 0.0475945 0.16251 0.0270205 0.037546 0.0303887 0 0 0 0 0.234722 0 0 0 0 0 0 0 0.280667 0 0 0 0 0 0 0 0.280667 0 0 0 0 0 0 0 0.26454 0 0 0 0 0 0 0 
0 0.0494028 0.00672335 0.0189261 0.0335879 0.0664488 0.0360341 0.00542673 0 0 0 0 0 0.275247 0.16812 0 0 0 0.275247 0.0167548 0.0138275 0.0208074 0.00558319 0 0 0.0074034 0.275247 0.0519422 0 0 0 0.00475942 0 0 0 0.0168915 0.275247 0 0 0 0 0 0 0 0.120148 0.275247 0 0 0 0 0.135754 0.163513 0.0912076 0 0 0 0 0 0.0385869 0.275247 0 0 0 0 0.0426863 0 0 0 0.140522 0.00944251 0 0.042756 0.0227276 0 0 0 0.0215432 0.0758255 0.0230825 0.150634 0.243209 0.0132252 0.0362613 0 0 0.00457404 0 0.0116459 0.147835 0.0127381 0.0360652 0.075714 0 0 0 0 0.251953 0 0 0 0 0 0 0 0.275247 0 0 0 0 0 0 0 0.275247 0 0 0 0 0 0 0 0.275247 0 0 0 0 0 0 0 
0.0171813 0.0408636 0 0.00849547 0.0276629 0.0586767 0.0219137 0.00432953 0 0 0 0 0 0.281938 0.105651 0 0 0 0.259164 0.0279424 0 0.0746128 0 0 0 0 0.281938 0.0223183 0 0 0 0 0 0 0 0 0.281938 0 0 0 0 0 0 0 0.0778213 0.281938 0 0 0 0 0.15868 0.0799641 0.0356774 0.0305604 0 0 0 0 0.168192 0.281938 0 0 0 0 0.0209322 0 0 0 0.153647 0.0108559 0 0.0601965 0.0230715 0 0 0 0.020471 0.079272 0.0237451 0.148227 0.250403 0.0192679 0.0144559 0 0 0 0.00626556 0.0138998 0.151696 0.0251139 0.0495039 0.0495465 0 0 0 0 0.238972 0 0 0 0 0 0 0 0.281938 0 0 0 0 0 0 0 0.281938 0 0 0 0 0 0 0 0.277141 0 0 0 0 0 0 0 
0 0.0511854 0.00645175 0.0197455 0.0380623 0.0850672 0.0197061 0.00407466 0 0 0 0 0 0.282365 0.102694 0 0 0 0.248769 0.0236869 0 0.0776925 0 0 0 0.00191592 0.282365 0.0177462 0 0 0 0 0 0 0 0 0.282365 0 0 0 0 0 0 0 0.121196 0.282365 0 0 0 0 0.152734 0.0385403 0.0314297 0.0686124 0 0 0 0 0.164927 0.282365 0 0 0 0 0.0492607 0 0 0 0.155632 0.00902706 0 0.0298702 0.0217402 0 0 0 0.0221627 0.0805159 0.0233525 0.142749 0.2446 0.019589 0.0128016 0 0 0 0.00677381 0.0151151 0.151295 0.0251384 0.049594 0.0468303 0 0 0 0 0.242608 0 0 0 0 0 0 0 0.282365 0 0 0 0 0 0 0 0.282365 0 0 0 0 0 0 0 0.27263 0 0 0 0 0 0 0 
0 0 0 0 0 0 0.160054 0.278374 0.064908 0 0 0 0 0 0 0.278374 0.00416863 0 0 0 0.182893 0.00579212 0 0.0349885 0 0 0 0 0.255262 0 0 0 0 0 0 0 0 0 0.278374 0 0 0 0 0 0 0 0.181613 0.278374 0 0 0 0.0433677 0.184372 0.0120037 0.0403251 0 0 0 0 0.0450812 0.272007 0 0 0 0 0.0947866 0 0 0 0 0.12904 0.00910232 0.00978095 0.13806 0.0438607 0 0 0 0.020764 0.0494151 0 0 0.26073 0.189448 0 0 0 0 0 0 0 0.278374 0 0 0 0 0 0.214785 0 0 0 0 0 0 0 0.108808 0.176648 0 0 0 0 0 0 0 0.278374 0 0 0 0 0 0 0 0.109101 0.0637731 0 0 0 0 
0.162382 0 0 0 0.0026831 0 0 0 0.215365 0 0 0.0023091 0.00074374 0 0 0 0 0 0 0 0.00780565 0 0 0.252293 0 0 0 0 0.0269957 0.00259977 0.0156812 0.108912 0.294955 0 0 0 0 0 0 0 0.294955 0 0 0 0 0 0 0.13523 0 0 0 0 0 0 0.113283 0.294955 0 0 0 0 0 0 0.294955 0.079885 0.152178 0 0 0 0 0 0 0 0.0541838 0 0 0 0 0.0175083 0.0533398 0.103142 0 0 0 0 0 0.294955 0.169696 0.0209737 0 0 0 0 0 0.294955 0.0275676 0 0.020175 0.000758992 0 0 0 0 0.003145 0.0021013 0 0 0 0 0 0.251541 0.00828147 0.00180073 0 0 0 0 0 0.294955 0 0 0 0.0125209 0.00121531 0.000771123 0 0.265295 0 0 
0 0 0.0359364 0.0131397 0.015194 0.0655402 0 0 0 0.0507471 0.139722 0.0055754 0 0.0216376 0 0 0 0.298997 0 0 0 0.00623725 0 0 0 0.298997 0 0 0 0.0029928 0.000572612 0 0 0 0.105684 0.176804 0 0 0 0 0 0.0318642 0.298997 0.162424 0 0 0 0 0 0.298997 0.105302 0 0 0 0 0 0 0.298997 0 0 0 0 0 0 0.0216595 0.0160579 0.00581487 0.25743 0 0 0 0 0 0 0 0.298997 0.109076 0 0 0 0 0.0196978 0.0794796 0.170344 0.0696521 0 0 0 0 0.165851 0.0164459 0.00981838 0 0 0 0 0.105305 0.0030467 0.0078363 0.0521839 0 0 0 0 0 0 0 0.0926436 0.298997 0 0 0 0 0 0 0 0.298997 0 0 0 0 0 0.000998182 0.00653804 0.0733013 0 0 0 
0.012166 0 0 0 0 0 0 0.000190467 0.0188843 0.00132372 0 0 0 0 0 0 0.00169421 0 0 0 0 0.147502 0.00521866 0.000893899 0 0 0 0 0 0.31856 0 0 0.00267343 0.000840181 0.00100431 0.0431492 0 0 0 0 0 0.00410473 0.0012221 0.019452 0.0743984 0.0017062 0 0 0 0 0 0 0.0216888 0.31856 0 0 0 0 0 0 0 0.31856 0 0 0 0 0 0.273965 0.056381 0 0 0 0 0 0 0 0.31856 0 0 0 0 0 0 0 0.31856 0.167318 0 0 0 0 0 0 0.00486032 0.31856 0 0 0 0 0 0.196805 0.072161 0 0 0 0 0 0 0 0.31856 0 0 0 0 0 0 0 0.31856 0.00339368 0 0 0.00406878 0.0428667 0.00289797 0.0030518 0.0742225 0 0 0.00094322 
0 0 0.308064 0 0 0 0 0 0 0 0.143652 0 0 0 0 0 0.0013865 0.00291931 0.0137651 0 0 0 0 0 0.00742847 0 0 0 0 0 0 0 0 0 0.308064 0 0 0 0 0 0 0 0.266255 0.0971715 0 0 0 0 0.000600809 0.00127361 0.0157765 0.0687966 0.022439 0 0 0 0.00318159 0 0 0.00106637 0.051898 0 0 0 0 0 0.308064 0.0627966 0 0 0 0 0 0 0 0.308064 0 0 0 0 0 0 0 0.166234 0.308064 0 0 0 0 0 0 0 0.308064 0 0 0 0.00581681 0 0.0301954 0.0384951 0 0 0 0.048723 0 0 0.00219287 0.308064 0 0 0 0 0 0 0 0.00824273 0.308064 0 0 0 0 0 0 0 0.308064 0 0 0 
0.00203193 0.0092142 0 0 0.0659534 0.144712 0 0 0 0.28381 0.0062147 0.00429191 0 0.00691062 0 0 0 0.28381 0 0 0 0 0 0 0 0.10574 0.00368773 0 0 0 0 0 0.265469 0.0320702 0 0 0 0 0 0.00581159 0 0.28381 0.0213085 0 0 0 0 0 0 0.195245 0.0870581 0.0655462 0 0 0 0 0 0 0.0189316 0.0518167 0.0626154 0 0 0 0.0153532 0.0247059 0 0.0557199 0.125767 0 0 0 0 0 0.0514995 0.229421 0.123433 0 0 0 0 0 0 0.138378 0.28381 0 0 0 0 0 0 0 0.28381 0 0 0 0 0 0 0 0.28381 0 0 0 0 0 0 0 0.28381 0 0 0 0 0 0 0 0.28381 0 0 0 0 0 0 0 0.28381 0 0 0 
0.119219 0 0 0 0 0 0 0 0.270319 0 0 0 0 0 0 0 0.082806 0 0 0 0.0417854 0.000569411 0 0 0 0 0 0 0.291486 0 0 0 0.0797872 0.12692 0 0 0 0 0 0 0.139932 0.104747 0.0438545 0 0 0 0 0 0.00527907 0 0.00655206 0.162074 0.135645 0 0 0 0 0 0 0 0.291486 0 0 0 0 0.0506756 0.291486 0 0 0 0 0 0 0.0178751 0.291486 0.0629261 0 0 0 0 0 0 0 0.291486 0 0 0 0 0 0 0 0.18498 0.216528 0 0 0 0 0 0.291486 0 0 0 0 0 0 0 0.291486 0.0797322 0 0 0 0 0 0 0 0.291486 0 0 0 0 0 0 0 0.17437 0 0 0 0 
0.202582 0 0 0 0 0 0 0 0.258527 0 0 0 0 0 0 0 0.260047 0 0 0 0 0 0 0 0.205406 0 0 0 0 0 0 0 0.0708787 0.00796943 0.000893099 0.0152997 0.05217 0 0 0.0020514 0 0 0 0 0.107395 0.00383991 0.00246272 0.0908438 0.0289351 0.0131596 0.00849386 0.0460047 0.0977069 0 0 0 0.0532155 0 0.00168227 0 0.0469645 0.00214405 0 0.0492806 0.262713 0.194813 0 0 0 0 0 0.0462907 0 0 0 0 0 0 0.247531 0.262713 0.224282 0.262713 0 0 0 0 0 0 0.262713 0.0243437 0 0 0 0 0.0367844 0.262713 0 0.0378199 0.187558 0 0 0 0.00723023 0.00651767 0 0 0 0 0 0 0.262713 0 0 0.145042 0.262713 0 0 0 0 0 0.0131845 0.0500628 0.0355461 0 0 0 0.189226 0 
0.19097 0 0 0 0 0 0 0 0.243774 0 0 0 0 0 0 0 0.231645 0 0 0 0 0 0 0 0.190688 0 0 0 0 0 0 0 0.0715345 0.00835975 0.00147293 0.0267689 0.0366981 0 0 0.00161606 0 0 0 0 0.0963984 0.00317662 0 0.103201 0.0268022 0.012102 0.00721706 0.0404974 0.101429 0 0 0 0.0565473 0 0.00193173 0.00702013 0.0326185 0 0.00195142 0.0453819 0.278727 0.21468 0 0 0 0 0 0 0 0 0 0 0 0 0.264985 0.278727 0.20203 0.278727 0 0 0 0 0 0.0137266 0.278727 0.0328871 0 0 0 0 0.0324836 0.278727 0.0133214 0.105867 0.177831 0 0 0 0 0 0 0 0 0 0 0 0.278727 0 0 0.0608421 0.278727 0 0 0 0.0435077 0.00986193 0.00426102 0.0225994 0.0860646 0.0139985 0 0.0622764 0.0606195 0 
0.200571 0 0 0 0 0 0 0 0.261928 0 0 0 0 0 0 0 0.253506 0 0 0 0 0 0 0 0.203737 0 0 0 0 0 0 0 0.0735819 0 0.00170541 0.0117284 0.0383326 0 0 0.0271018 0 0 0 0.00317914 0.114811 0 0.00763258 0.082045 0.0303705 0.010066 0.00809821 0.041848 0.100772 0 0 0 0.109964 0.00126676 0 0 0.0438345 0 0 0 0.291413 0.106172 0 0 0 0 0 0.177197 0 0 0 0 0 0 0.291413 0.291413 0.188454 0.291413 0 0 0 0 0 0 0.291413 0.0351945 0 0 0 0 0 0 0 0.0228841 0.191076 0.0147007 0 0.0424225 0.0221637 0 0 0 0 0 0 0.0212086 0.291413 0 0.00431198 0.0260421 0.291413 0 0 0 0 0 0.0234225 0.0729989 0.100991 0 0 0 0 0 
0 0.0257691 0 0 0 0.0437679 0.0453851 0 0 0.0261366 0.0113131 0 0.00169914 0.0691097 0.00615895 0 0.0028158 0.0112328 0.0257568 0 0 0.0288907 0.035146 0 0 0.0269548 0 0 0 0.0697732 0.0286805 0 0.072627 0.185222 0.0158207 0.0601085 0.00500325 0 0.00101444 0 0 0 0.289526 0.154963 0 0 0 0 0.114059 0.289526 0 0 0 0 0 0 0.0238016 0.0538537 0.0772698 0.155867 0.00432432 0.00350199 0 0 0.289526 0.0211153 0 0.0959852 0.0184543 0 0 0 0 0 0.0346496 0.289526 0.25398 0.0101594 0 0 0.289526 0.0296877 0 0 0 0 0 0.114163 0.124262 0 0 0.173337 0.116432 0 0 0 0.287896 0 0 0.0125577 0.0262451 0 0 0 0 0 0 0 0.289526 0.00981262 0 0 0.289526 0.000236767 0 0 0 0 0 0.0788716 0.149685 0.0055422 0.00385075 0.0463581 0.126478 0 0 0 
0.00369581 0.0318362 0 0 0 0.0429333 0.0267995 0.00157337 0 0 0.0471856 0.0084829 0.00634398 0.0832257 0.00176465 0 0 0.102211 0 0 0 0 0.043248 0.00267132 0 0.0049875 0 0.00567832 0.00370775 0.0441266 0.0376655 0 0.21099 0.195128 0.0629174 0 0 0 0 0 0 0 0.275292 0.275292 0 0 0 0 0.188955 0.275292 0 0 0 0 0 0 0.0826938 0.10682 0.0304714 0.183493 0 0 0 0 0.275292 0 0 0.0337202 0 0 0 0 0 0 0 0.275292 0.0351047 0 0 0 0.275292 0 0.0165271 0.00910514 0 0 0 0 0.212995 0.00771138 0 0.0749352 0.11808 0 0 0 0.273989 0 0.00469198 0.00419859 0 0 0 0 0 0 0 0.131438 0.275292 0 0 0 0.238735 0 0 0.00972785 0.0101628 0 0 0.0249315 0.199129 0 0 0.0134025 0.089654 0 0 0 
0.0164751 0 0.00217302 0.0826803 0.209999 0 0 0 0.268219 0 0 0 0 0 0 0 0 0 0 0 0.268219 0 0 0.0251797 0.135812 0 0 0.0143398 0.183458 0 0 0 0.0818888 0 0 0.0859816 0.224424 0 0 0 0.268219 0 0 0 0 0 0 0.0356215 0 0 0 0.0311864 0.268219 0.00189818 0 0.00253568 0.221693 0 0 0.0446651 0.149731 0 0 0 0.138808 0.00607782 0.00612292 0.252372 0 0 0 0 0.268219 0.167499 0.0354749 0 0 0 0 0 0 0 0.242423 0.268219 0.0454499 0 0 0 0.255017 0.00429341 0.00236839 0.093095 0.0318023 0 0 0 0.0618738 0 0 0.0876503 0.00970482 0 0 0.0310064 0.0446188 0.0537137 0.0840256 0.0393349 0.00924546 0 0.00212838 0.00499393 0.0662453 0.0861817 0.0257306 0.13677 0.0218184 0 0 0 0.123808 0 0 0.0533572 0 0 0 0 
0.262512 0 0 0.0606822 0 0 0 0 0 0 0 0.262512 0.0152517 0 0 0 0.262512 0 0 0 0 0 0 0.0354414 0.13678 0 0 0 0.140191 0 0 0 0.244456 0 0 0.0322754 0.00756496 0 0 0.0802032 0 0 0 0.190047 0.262512 0 0 0 0.0398244 0 0 0 0 0 0.0154126 0.262512 0.112958 0 0 0.0838593 0.0562902 0 0 0.0949946 0 0 0 0 0.0288614 0.00532581 0 0.262512 0 0 0 0 0.262512 0.158926 0 0 0 0 0 0 0 0 0.262512 0.262512 0 0 0 0.025577 0.125478 0 0 0.243446 0 0 0 0 0 0 0.00576493 0.198302 0 0 0 0 0.123161 0.0298915 0.0776301 0.0166091 0.0036294 0.00329857 0 0.0130769 0.0613435 0.131622 0.0175713 0.0313065 0.0973493 0 0 0.0368292 0.0394349 0 0 0.0239363 
0 0 0 0.10595 0.2359 0 0 0 0.258671 0 0 0 0 0 0 0.102269 0 0 0 0 0.258671 0 0 0.0461579 0.113971 0 0.00172649 0.0681758 0.136729 0 0 0 0.0371057 0 0 0.164985 0.184226 0 0 0 0.258671 0 0 0 0 0 0 0.0244435 0.00288932 0 0.0276852 0.155367 0.258671 0 0 0.00654791 0.219688 0 0 0.0816193 0.105815 0 0 0 0.0908213 0 0 0.258671 0 0 0 0 0.258671 0.258671 0 0 0 0 0 0 0 0.0370314 0.248131 0.258671 0 0 0 0 0.258671 0.00653804 0.00632432 0.114547 0 0 0 0 0.0276605 0 0.00104295 0.115784 0.0103123 0 0 0.00529068 0.0543425 0.0453353 0.051083 0.0246642 0.0017917 0 0 0 0.0559012 0.0434786 0 0.0645782 0.076744 0 0 0.029861 0.0483199 0 0 0.0246597 0.0019954 0.00224669 0.00171211 0.0440714 
0.00934458 0.0759501 0 0.0182103 0.00445117 0.00735545 0.0311701 0.00717162 0.00643485 0 0.00786163 0.0231871 0.0282755 0.247991 0 0 0 0.20804 0.105781 0.0111357 0.0094935 0.030926 0 0 0.0170114 0.00230795 0 0.0129265 0.00567352 0.0356803 0.0665163 0 0 0 0.0149533 0.190477 0.211884 0.0062729 0.017536 0.0148498 0 0 0 0 0.247991 0.247991 0 0.00817865 0 0 0.247991 0.247991 0 0 0 0 0 0 0 0.128856 0.247991 0 0.0272434 0.00775019 0.229508 0 0 0.0320958 0.0388315 0 0 0.0135187 0.0987917 0 0 0 0.0263841 0.0517133 0.019366 0.247991 0.247991 0.026745 0.0388584 0 0 0 0 0 0.1882 0 0 0.0461724 0.0407477 0 0 0.0425713 0.0180006 0 0 0 0.224755 0 0 0 0.022293 0 0 0 0.247991 0 0 0 0.0256004 0 0 0 0.247991 0 0 0 0.0175997 0 0 0 0.224851 0 0 0 
0.016241 0 0.00295932 0.0154011 0 0.0371546 0.0591853 0 0.00409126 0 0 0 0.0203726 0.251736 0.0153899 0 0 0.0806514 0.251736 0 0 0 0 0 0.00682934 0 0.00311006 0.00955616 0.00892516 0.0498535 0.0561604 0.0116436 0 0 0 0.0713328 0.251736 0 0.0266353 0.00926378 0 0 0 0 0.185094 0.251736 0 0.00717901 0 0 0.251736 0.251736 0 0 0 0 0 0 0 0.0807383 0.251736 0.0291764 0.0192667 0.0207789 0.209966 0 0 0.0207457 0.0647818 0 0 0.0252112 0.205175 0 0 0 0.0205596 0.0475832 0 0.169064 0.251736 0.0324272 0.0219656 0.0151844 0 0 0 0 0.220069 0 0 0.0252534 0.0531621 0 0 0.0221801 0.0187009 0 0 0 0.245418 0 0 0 0.0243537 0 0 0 0.251736 0 0 0 0.027078 0 0 0 0.251736 0 0 0 0.0188178 0 0 0 0.245415 0 0 0 
0.00901794 0 0.00360602 0.0045881 0.0141753 0.0300597 0.047425 0.0159647 0 0 0.00860407 0.0110019 0.00266081 0.185683 0.0288028 0 0.00545513 0.0216682 0.263477 0 0 0.0115696 0 0 0 0.0388156 0.0277626 0.00912656 0 0.0325748 0.0704947 0 0 0 0 0.0251587 0.263477 0.0335207 0.0173909 0.0224102 0 0 0 0.0738734 0.0365857 0.263477 0.0181205 0 0 0 0.263477 0.263477 0.0155883 0 0 0 0 0.0207295 0 0.0108698 0.263477 0 0.0128184 0.00757526 0.22659 0 0 0.0153019 0.0555814 0 0 0.0142064 0.263477 0 0 0 0 0.0467323 0.0199575 0.081879 0.263477 0.0292764 0.0443074 0.033426 0 0 0 0 0.198112 0 0 0 0.0959973 0 0 0.0140722 0.0192553 0 0 0 0.253044 0 0 0 0.0253421 0 0 0 0.263477 0 0 0 0.0270785 0 0 0 0.263477 0 0 0 0.0187977 0 0 0 0.252894 0 0 0 
0 0.0505254 0.0367567 0.00988338 0 0.0399327 0.0478925 0 0 0 0 0 0 0.0910047 0.251633 0 0 0 0.255123 0 0.0325106 0.00647402 0 0 0.00679285 0.032065 0.0219994 0.0124604 0.0380345 0.0382926 0.0104964 0 0.00954153 0.017945 0 0.0128043 0.255123 0.0109908 0.00783471 0 0 0 0 0 0.255123 0.255123 0 0 0 0 0.21321 0.255123 0.0059936 0 0 0 0.00929242 0.0317814 0 0.172087 0.131931 0 0.00762166 0 0.18915 0 0 0.0155585 0.0879561 0 0 0.0192499 0.255123 0 0 0 0.0298336 0.0574354 0.00828212 0.0780139 0.255123 0.0225565 0.0255568 0.0194381 0 0 0 0 0.229131 0 0 0.0358967 0.0414355 0 0 0.0090486 0.0184241 0 0 0 0.246504 0 0 0 0.0251087 0 0 0 0.255123 0 0 0 0.0271311 0 0 0 0.255123 0 0 0 0.0193558 0 0 0 0.244972 0 0 0 
0 0.0331523 0.0746397 0.0137203 0.013001 0.00189371 0 0.00652117 0 0 0.00747598 0 0 0.0696772 0.25662 0 0 0 0.268857 0 0 0 0 0 0 0 0.0317273 0.0356138 0.0145848 0 0 0 0 0.0285059 0 0.0604515 0.268857 0 0 0.00290475 0 0 0 0 0.163294 0.268857 0 0 0 0 0.268857 0.268857 0 0 0 0 0 0 0 0.226352 0.268857 0 0 0 0.154629 0 0 0.0116872 0.0676584 0 0 0.0191405 0.215514 0 0 0 0.0177712 0.028905 0.0127166 0.0850152 0.268857 0.0222546 0.0229995 0.0175911 0 0 0 0 0.189965 0 0 0.0201329 0.0437326 0 0 0 0.0146808 0 0 0 0.197833 0 0 0 0.0199599 0 0 0 0.25256 0 0 0 0.0217808 0 0 0 0.25298 0 0 0 0.0149616 0 0 0 0.198394 0 0 0 
0 0 0.00313834 0.0236975 0.0132039 0.0308073 0.0509956 0 0 0 0 0 0 0.0306387 0.293577 0 0 0.00863548 0.293577 0 0 0 0.00124915 0 0 0 0.0666408 0 0 0 0 9.56886e-05 0 0 0 0 0.293577 0 0 0 0 0 0 0 0.245294 0.293577 0.028774 0 0 0 0.293577 0.00829479 0.0291415 0.00761097 0 0 0 0 0.129598 0 0 0 0 0 0.184199 0 0 0 0.0793907 0 0 0 0.251381 0 0 0 0.0317243 0.0472223 0.0108157 0.0501146 0.173852 0.293577 0 0 0 0 0 0 0 0.0513845 0.0389263 0.00879398 0 0 0 0 0.0160309 0 0 0 0.209427 0 0 0 0.0247168 0 0 0 0.263569 0 0 0 0 0.0125989 0.00920965 0.00782808 0.264008 0 0 0 0 0 0 0.017504 0.257103 0 0 0 
0.0024938 0.000526805 0 0.0762517 0 0 0 0.00534841 0 0 0.263235 0.0615043 0 0 0 0 0 0 0.308876 0 0 0 0 0 0 0 0.308876 0 0 0 0 0 0 0 0 0.222071 0.0841081 0 0 0 0 0 0.118117 0.308876 0 0 0 0 0 0 0.308876 0 0 0 0 0 0 0 0.308876 0 0 0 0 0 0 0 0 0 0.308876 0 0 0 0 0 0 0.166667 0.222311 0.00288925 0 0 0.00268919 0.00313759 0.00749794 0.0156678 0 0 0.0403081 0.0808344 0 0 0 0 0 0 0.181866 0.00260515 0 0 0 0 0.308876 0 0 0 0.0169672 0 0 0.000677244 0.150906 0 0 0.0102441 0.0102042 0 0 0 0 0 0 0.195647 0 0 0 0 0.0142016 0.0259403 0.0413938 0 
0 0 0 0 0 0.268216 0 0 0 0 0 0 0 0.268216 0 0 0 0 0 0 0 0.268216 0 0 0 0 0 0 0.0505047 0.0484901 0 0 0 0 0 0 0 0.268216 0.00224442 0 0 0 0 0 0 0.268216 0.00323106 0 0 0 0 0 0.268216 0.222265 0 0 0 0 0 0 0.268216 0 0 0 0 0.240557 0.046993 0 0 0 0 0 0.0385038 0.268216 0 0.0047753 0 0 0 0 0 0.0142785 0.00963369 0.125747 0.202023 0 0 0 0 0 0 0 0.268216 0 0 0 0 0.0780541 0.0917381 0.0147418 0 0 0 0 0.268216 0.0229473 0 0 0 0 0 0 0.0941564 0.00707805 0.00830161 0.107726 0 0 0 0 0 0 0 0 0.268216 0 0 0 
0.0668627 0.002336 0 0.022298 0.23328 0 0 0 0.262505 0 0 0 0 0 0 0.0380689 0 0 0 0.0209526 0.17167 0 0.00789872 0.0263359 0.0554493 0.114506 0 0.0393411 0 0 0 0 0.248417 0 0.00669546 0.0571931 0.085156 0 0 0 0.262505 0 0 0 0 0 0 0.0381827 0 0 0 0.00447147 0.262505 0.0697809 0 0 0.0184007 0.0139482 0 0.000427731 0.0174908 0.126326 0.0648931 0.00847324 0.246872 0.109657 0 0.0801855 0 0 0 0 0.25796 0.262505 0.0375424 0 0 0 0 0 0 0 0.262505 0.0672201 0.0436692 0 0 0 0 0 0.248269 0.0333218 0 0.0311581 0.021159 0 0.033775 0.110907 0.00678901 0.014694 0.0341265 0.00386373 0 0 0.0304992 0.262505 0.0548606 0 0 0 0 0.0255792 0 0.011862 0.262505 0 0 0 0.0616675 0 0 0 0.254928 0 0 0 0.0483216 0 
0.00327427 0.0870469 0.0063607 0.0196402 0.0149712 0 0 0 0.271144 0.00219238 0.00242187 0 0 0 0 0 0.271144 0 0 0 0 0 0 0 0.227613 0 0 0 0 0 0 0 0.0118619 0.264375 0.0552287 0 0 0 0 0 0.232431 0.248423 0.0704323 0 0 0 0 0 0.271144 0.0133503 0 0 0 0 0 0 0.271144 0 0 0 0 0 0 0 0 0.0291999 0.227705 0 0 0 0 0 0 0 0.271144 0.0365012 0 0 0 0 0.00592063 0.0121526 0.0343898 0.271144 0 0 0 0 0.0143876 0 0 0.0178611 0.117452 0 0 0 0 0 0.0415835 0.0352361 0.00821585 0 0 0 0 0 0.106065 0.271144 0 0 0 0 0 0 0 0.271144 0.0172664 0 0 0 0 0 0 0 0.271144 0 0 0 
0.247418 0 0 0 0 0 0 0 0.280172 0 0 0 0 0 0 0 0.0684998 0 0 0 0 0 0 0.219691 0.00530095 0.00216966 0 0.0103761 0.00618265 0 0.00562108 0.0953978 0.280172 0 0 0 0 0 0 0 0.280172 0 0 0 0 0 0 0.0626542 0 0 0 0 0 0 0.232461 0.280172 0.00943058 0 0 0 0 0 0.224951 0.0414217 0.0143391 0 0 0 0.156859 0 0 0 0 0 0 0 0.22775 0.0586628 0.0216668 0.0110992 0 0 0 0 0 0.280172 0.0169975 0 0 0.0416441 0.00155405 0 0 0.209731 0 0 0 0 0 0 0.280172 0 0 0 0 0 0 0 0.280172 0 0 0 0 0 0 0.0076817 0.264812 0.117303 0 0 0 0.0575275 0.0493838 0.00790309 0.00875625 0.0105946 0 0 
0 0 0 0.0129808 0.299978 0 0 0 0 0 0 0.299978 0.0646868 0 0 0 0 0 0.039142 0.299978 0 0 0 0 0 0 0 0.299978 0 0 0 0 0 0 0 0.0503274 0.129115 0 0 0 0 0 0.0943675 0.202314 0 0 0 0 0 0.0302323 0.172772 0.166034 0 0 0 0 0 0.00537634 0.00650397 0.0170838 0.234485 0 0 0 0 0 0 0.0909024 0.284657 0 0 0 0 0 0 0.299978 0 0 0 0 0 0 0 0.299978 0.11252 0 0 0 0 0 0 0 0.299978 0 0 0 0.0614698 0 0 0 0.102972 0 0 0.00257492 0.0809485 0 0 0.0352649 0.0861648 0 0 0 0.0608207 0.000925527 0.00123275 0.134838 0.0476694 0 0 0 0.040653 0 0.00250185 0.0146186 0.154588 0 0 0 
0 0 0 0 0 0 0 0 0.00134499 0 0 0 0 0 0 0.0370303 0 0 0 0 0 0 0 0.315329 0 0 0 0 0 0 0 0.315329 0 0 0 0 0 0 0 0 0.00285292 0 0 0 0 0 0 0.0417828 0.18667 0 0 0 0 0 0 0.262282 0.315329 0 0 0 0 0 0 0.21079 0 0 0 0 0 0 0 0 0 0 0 0 0 0 0.0256107 0.0379958 0.221638 0 0 0 0 0 0 0.201797 0.315329 0 0 0 0 0 0 0 0 0 0 0 0 0 0 0 0 0 0 0 0 0 0.286592 0 0 0 0 0 0 0 0.315329 0.146178 0.236397 0 0 0 0 0 0.02962 0.315329 
