0 0 0 0 0.0138904 0 0 0 0 0 0 0 0.0092488 0 0 0 0 0 0 0 0.0054141 0 0 0 0 0 0 0 0.00585446 0 0 0 0 0 0 0 0.327741 0 0 0 0 0 0 0 0.265881 0 0 0 0 0 0 0 0.241565 0 0 0 0 0 0 0 0.219142 0 0 0 0 0 0 0.0296746 0.327741 0 0 0 0 0 0 0.295544 0.327741 0 0 0 0 0 0 0 0.327741 0 0 0 0 0 0 0 0.327741 0 0 0 0 0 0 0.0870138 0.0270145 0 0 0 0 0 0 0.199183 0.0893854 0 0 0 0 0 0 0 0.327741 0 0 0 0 0 0 0.10789 0.149238 0 0 0 
0 0 0 2.08728e-05 0.00777621 0 0 0 0 0 0 0.00503222 0.000511305 0 0 0 0 0 0 0.000137222 0.00225518 0 0 0 0 0 0 0 0.00233766 0 0 0 0 0 0 0.0991886 0.138171 0 0 0 0 0 0 0.254778 0 0 0 0 0 0 0 0 0.170815 0 0 0 0 0 0 0.0588178 0.0779136 0 0 0 0 0 0 0.302604 0.273756 0 0 0 0 0 0 0.346678 0 0 0 0 0 0 0 0 0.346678 0 0 0 0 0 0 0.346678 0.230482 0 0 0 0 0 0 0 0.121717 0.0217269 0.0107521 0 0 0 0 0.0829937 0.137723 0.0415502 0.0537433 0 0 0 0 0 0.346678 0.00538277 0.0272366 0 0 0 0.0117877 0.346678 0.00310186 0 0 0 
0 0 0.00917501 0.00973251 0.062866 0.162911 0 0 0 0.0852266 0.0178758 0.00881884 0.0906766 0.0998062 0 0 0 0.108982 0.0139397 0.00407184 0.200675 0 0 0 0 0.0526184 0 0 0.061009 0.113734 0 0 0 0 0.153022 0.134027 0 0 0 0 0 0.261684 0.237517 0.0700842 0 0 0 0 0 0.261684 0.0152174 0 0 0 0 0 0.174751 0.248702 0 0 0 0 0 0 0.0157734 0.0133843 0.00787686 0.261684 0 0 0 0 0 0 0 0.261684 0.261684 0 0 0 0 0.00667279 0.00564507 0.0344462 0.261684 0 0 0 0.10867 0.00106327 0 0.00867235 0.021931 0 0 0 0.261684 0 0.0101896 0.0149627 0 0 0 0 0.00586752 0 0 0.13998 0.151762 0 0 0 0 0 0 0.228385 0.261684 0 0 0 0 0 0 0.0917701 0.104153 0.00181691 0 0.00240937 
0 0 0 0 0 0 0 0.29082 0.169115 0 0 0 0 0 0 0.25768 0.174491 0 0 0 0 0 0 0 0.0170944 0.0031455 0.00156186 0.0241913 0 0 0 0 0 0 0 0 0 0 0.075218 0.29082 0.22092 0.153102 0.0183517 0 0 0 0 0.0256453 0.29082 0 0 0 0 0 0 0 0.240971 0 0.00076944 0 0 0 0 0 0 0 0.00647256 0.00505296 0 0.00609177 0.177823 0.0633476 0 0.0365199 0.193314 0.091685 0 0 0 0 0.29082 0 0 0 0 0 0 0.113612 0.29082 0 0 0 0 0 0 0 0.00515368 0.00465317 0.0606178 0 0 0 0 0.146696 0 0 0.29082 0 0 0 0 0 0.0289332 0.0151622 0.00303018 0 0 0 0 0.130384 0.29082 0 0 0 0 0 0 0.0747576 
0 0 0 0 0 0 0 0.298296 0.0529803 0.0168477 0 0 0 0 0 0.181925 0.0839696 0.0183538 0 0 0 0.000201081 0 0.00525422 0.00465648 0.00635358 0.00175788 0.091635 0 0 0 0 0.0117764 0 0 0 0 0 0 0.298296 0.0311526 0.298296 0.0513298 0 0 0 0 0.0232023 0.298296 0.0963386 0 0 0 0 0 0 0.22554 0.00253255 0.00461889 0.00630844 0 0 0 0 0 0.0170765 0.0427738 0 0 0 0.0826611 0.245118 0 0.0955296 0.298296 0 0 0 0 0 0.298296 0 0 0 0 0 0 0.110619 0.298296 0 0 0 0 0 0 0 0 0 0.0183711 0.118144 0 0.00174498 0.103579 0.0101047 0 0 0.172713 0.0831744 0 0 0 0 0.00784432 0 0 0 0 0 0 0.195635 0.219807 0 0 0 0 0 0 0.147122 
0 0 0 0.0153339 0.266429 0 0 0 0 0 0 0 0.228067 0.00552291 0.0171374 0 0 0 0 0 0 0 0 0.239758 0 0 0 0.106477 0 0.0017993 0.0108727 0.00733263 0 0.00518014 0.00369204 0.147642 0.195917 0 0 0 0 0 0 0 0.266429 0.0244718 0 0 0 0 0 0 0 0.0141385 0.056082 0.215615 0 0 0 0.261018 0 0 0 0 0.12627 0.0116879 0.0108349 0.117256 0 0 0 0 0 0 0 0 0.266429 0 0 0 0 0 0 0 0.0313677 0.266429 0.0752662 0 0 0 0 0.266429 0 0 0 0 0.266429 0 0.00276631 0 0 0 0 0 0.0248481 0 0 0.0179753 0.226895 0 0 0 0 0 0 0.249844 0.226507 0 0 0 0 0 0 0.266429 0 0 0 0 
0 0.00549035 0.0136701 0.0788998 0 0 0 0 0 0 0 0 0.00472887 0.0109518 0.0254933 0 0 0 0 0 0 0.00355995 0.0195503 0.0148241 0.00064773 0.000724818 0.00029629 0 0.000185334 0.0036119 0.00171407 0.00274396 0 0 0 0.325553 0 0 0 0 0.0181422 0.0113908 0.033651 0.0870276 0 0 0 0.0313186 0 0 0 0 0 0 0 0.246575 0.00602193 0 0 0 0 0.00399274 0.0111969 0.0699091 0 0 0.128589 0.325553 0 0 0 0 0 0 0 0.325553 0 0 0 0 0 0 0 0.184883 0.325553 0.0254867 0 0 0 0 0 0 0.325553 0.0116981 0 0 0.0791758 0.0184953 0.0318927 0 0 0 0 0.0907906 0.00315075 0 0.00910719 0.325553 0.00699442 0 0.00467724 0.0125525 0 0 0 0.102041 0.310026 0 0 0 0 0 0 0 0.325553 0 0 0 
0 0 0 0 0.282159 0 0 0 0 0 0 0 0.162053 0.00642832 0.00431911 0 0 0 0 0 0 0 0 0.277911 0 0.0050442 0.0199737 0.0222889 0 0 0 0.150505 0 0 0.00723501 0.207083 0.270233 0 0 0 0 0 0 0 0.282159 0.0223407 0 0 0 0 0 0 0 0 0.0711801 0.225713 0 0.00078131 0.0415538 0.0385704 0 0 0.00825663 0.0575411 0.0880502 0.00827789 0.0116956 0.130902 0.0686578 0 0 0 0 0 0 0 0.282159 0 0 0 0 0 0 0 0 0.179413 0.248921 0 0 0 0.0191614 0.146073 0.0259474 0.00753708 0.00931502 0 0.27042 0 0 0.00841735 0 0 0 0 0.0118988 0.00323012 0 0.0117368 0.282159 0 0 0 0 0 0 0.0222671 0.226823 0.186287 0 0 0 0 0 0.261833 0.0133516 0 0 0 
0 0 0 0 0 0 0.00390512 0.0103594 0 0 0 0 0 0.0335292 0.13159 0 0 0 0 0 0.0205701 0.287508 0 0 0 0 0 0 0.0531407 0.0107097 0 6.68759e-05 0 0 0 0 0 0 0 0.117448 0 0 0 0 0 0 0.230536 0.298866 0 0 0 0 0.298866 0.227067 0.0311318 0 0 0 0 0 0.298866 0 0 0 0 0 0 0 0 0 0 0.186397 0 0 0 0 0 0 0 0.298866 0.0882176 0 0 0.0941615 0.178637 0 0 0.043738 0 0 0 0 0.298866 0 0 0 0 0 0 0 0 0 0 0.121054 0 0 0 0 0 0 0 0.298866 0.19537 0.00625072 0.00418637 0.0361979 0 0 0 0.0807753 0 0 0 0.0690498 0.298866 0 0 0 
0 0 0 0 0 0 0 0.00213042 0 0 0 0 0 0 0 0.149626 0 0 0 0 0 0 0.107235 0.286656 0 0 0 0 0.209777 0.252097 0.120391 0 0 0 0 0 0 0 0 0.00439609 0 0 0 0 0 0 0 0.197461 0.286656 0 0 0 0 0 0 0.286656 0.165446 0.00862673 0 0.0136922 0.286656 0 0 0.0310252 0 0 0 0 0 0 0 0.00469149 0 0 0 0 0 0 0 0.173125 0.286656 0 0 0 0 0 0 0.266996 0.286656 0.00870263 0.012802 0.0121064 0.0238959 0 0 0 0 0 0 0 0 0 0 0.00487159 0 0 0 0 0 0 0 0.143073 0.0848619 0 0 0 0 0 0 0.267048 0.286656 0 0 0 0 0 0 0 
0 0 0 0 0.246529 0.155782 0 0 0 0 0 0 0.125054 0.14609 0.00342784 0 0 0 0 0 0 0 0.020301 0.264594 0.00610071 0.00570402 0.00572448 0.0531768 0 0 0 0.0689254 0.0484723 0.00714732 0 0.0538164 0.23174 0 0 0.00192873 0 0 0 0.264594 0.228217 0 0 0 0 0 0 0 0 0 0.0154685 0.264594 0 0 0.00201497 0.0413331 0.0806562 0 0.0231408 0.0310342 0.264594 0.0175413 0.0184257 0.0875159 0 0 0 0 0 0 0 0.156127 0.264594 0.033935 0 0 0 0 0 0 0 0.0801182 0.264594 0.224399 0 0 0 0 0.034118 0.17237 0.118406 0 0.264594 0 0 0 0 0 0 0 0.0578002 0.0109648 0 0.00367717 0.134517 0.0689007 0 0 0 0 0 0 0 0.117389 0.264594 0.016546 0 0 0 0 0 0.0382269 0.105303 0.0180097 
0.221748 0 0 0 0 0 0 0 0.290309 0 0 0 0 0 0 0.0288125 0.0783398 0 0.00572797 0.0156059 0.0575829 0.00645559 0 0.0664816 0 0 0 0 0.290309 0 0 0 0.226962 0 0 0 0 0 0 0.0745385 0.290309 0 0 0 0 0 0 0.0986145 0 0 0 0 0.227002 0.0272992 0.0263689 0.0943516 0 0 0 0 0.290309 0 0 0 0.0317338 0 0 0 0 0 0.0276894 0.290309 0.290309 0 0 0 0 0 0 0 0.0106947 0.0370047 0 0.0349558 0.256683 0 0 0 0 0 0 0 0.160031 0.0187487 0.0187435 0 0 0 0 0 0 0 0.0465938 0.285559 0.102334 0 0 0 0 0 0 0.272884 0.0229463 0 0 0.00586375 0.170177 0.0034698 0 0.0197698 0 0 0 0 0.0483351 0.00884916 0.00754914 0.0611589 
0.290297 0 0 0 0 0 0 0 0.160613 0.00880754 0.0107511 0.128643 0 0 0 0 0 0 0 0.290297 0.0709846 0 0 0 0 0 0 0 0 0.0115966 0.0354269 0.184158 0.188746 0 0 0 0 0 0 0.177662 0.290297 0 0.00873752 0.0166428 0 0 0 0 0.00385332 0 0 0.0580564 0.290297 0 0 0 0 0 0 0 0 0.175432 0.290297 0 0 0 0 0 0 0 0 0.201033 0.290297 0 0 0 0 0 0 0 0.264959 0.0885687 0 0.00492089 0.0276146 0 0 0 0.0130814 0.0317702 0 0 0.0031193 0.0342345 0.0381445 0.0252444 0 0 0 0 0 0 0 0.0450454 0.290297 0 0 0 0 0 0 0 0.290297 0.0162268 0 0 0 0 0 0.024772 0.0337849 0 0 0 0 0 0.0264696 0.113069 
0.263115 0 0 0 0 0 0 0.0435189 0.116587 0.00761262 0.00847891 0.0463146 0.125972 0 0 0 0 0 0 0 0.287364 0 0 0 0 0 0 0.0385562 0.142845 0 0 0 0.140729 0 0 0 0 0 0 0.103552 0.287364 0 0 0 0.0107049 0 0 0 0 0.0157432 0 0.25201 0.287364 0 0 0 0 0 0 0.287364 0.0265618 0 0 0 0.00495674 0 0 0 0.00231512 0.00070177 0.00269014 0.0726204 0.287364 0 0 0 0 0 0 0 0.0956448 0.0942115 0.154354 0.227689 0 0 0 0 0 0 0 0.287364 0 0 0 0 0.00340164 0 0.00513839 0.0280277 0.000649551 0 0 0 0.280636 0.00555688 0.00364453 0 0 0 0 0 0.172057 0.065549 0.0269686 0 0 0 0.0102816 0.0583601 0 0 0 0.0706396 0.250699 0.00848274 0 0 
0 0 0 0.00273757 0.0408779 0 0 0 0 0 0 0 0.34302 0 0 0 0 0 0 0 0.34302 0.129207 0 0 0.00425197 0.133443 0 0 0.0100968 0.112777 0.00995939 0 0 0 0 0.246982 0.22094 0 0 0 0 0 0 0 0.34302 0 0 0 0 0 0 0.112322 0.34302 0.0229884 0 0 0 0 0.00708474 0 0.0758479 0.146868 0.00402561 0 0 0 0 0.34302 0.134457 0 0 0 0 0 0.00951432 0.0533355 0.34302 0 0 0 0.0109609 0.0971954 0.0349688 0.108799 0 0 0 0 0 0 0 0 0.0133175 0.0940249 0.0668052 0 0 0 0.000415286 0.0803768 0.000321716 0 0.00111687 0.0180146 0.0334074 0.0234215 0.00549376 0.0200548 0 0 0 0 0.0396833 0.144993 0.0274941 0 0 0 0 0 0.0516228 0 0.00447919 0.00893476 0.00981934 0.0241408 0.0193717 0.037136 
0.164933 0 0 0 0.00852704 0.00172216 0.00120472 0.0156074 0.200794 0 0 0 0 0 0 0.0845329 0 0 0 0 0 0 0.00138132 0.298148 0.0029349 0.00311074 0.00162619 0.000492374 0.000794851 0.000899118 0 0.0566468 0.298148 0 0 0 0 0 0 0 0.298148 0 0 0 0 0 0 0.148213 0 0 0 0 0 0 0.298148 0.298148 0 0 0 0 0 0 0.261424 0.0360055 0.015864 0 0.000636805 0.0292976 0 0 0 0.0142284 0.025527 0.0235932 0.00659326 0 0.0128844 0.0129165 0 0.00654341 0 0 0 0 0 0.298148 0.154426 0 0 0 0 0 0 0.298148 0.0818986 0 0 0.0164203 0.0172901 0.00502445 0 0 0 0 0 0 0.00386124 0 0.00417511 0.214609 0 0 0 0 0 0 0 0.298148 0 0 0 0.0027348 0.00130921 0 0.00201239 0.197087 0 0 
0.047493 0.000892148 0.00455102 0.0329264 0 0 0 0.0360619 0.196508 0 0.00437541 0.0386181 0.00867067 0 0 0 0.0569455 0 0 0 0.0297095 0 0 0.231859 0 0 0 0 0 0.00200435 0.00147125 0.264552 0.340933 0 0 0 0 0 0 0.0187883 0.340933 0 0 0 0 0 0 0 0.340933 0 0 0 0 0 0 0.340933 0.340933 0 0 0 0 0 0 0.172197 0.340933 0 0 0 0 0 0 0.0065693 0.296777 0.0250052 0.0152627 0.00591272 0 0 0 0 0.0527277 0.00984474 0 0.0283511 0.0496624 0.00823322 0 0.0363385 0.0269886 0 0 0.0228847 0.0249684 0.00257892 0 0.0129635 0.00287898 0 0 0.00522667 0.00199727 0.00142663 0.00346686 0.0013706 0 0 0 0.00273472 0 0.00960112 0.0102488 0.00299871 0.00150033 0.00786247 0 0.00473336 0.0162792 0.000850792 0.00103665 0 0.0244108 0.00505801 0.000451208 0 0.00102722 0 0 0 
0.0195603 0.0341729 0.00934898 0 0 0 0 0 0.0568709 0 0 0 0.0131392 0.00373997 0.00373293 0.0195671 0 0 0 0.302034 0.162373 0 0 0 0 0 0 0.302034 0.120199 0 0 0 0.0904084 0.00777523 0.00802185 0 0 0 0 0 0.0522815 0 0 0 0.0899438 0.00240103 0.0119596 0.0599868 0 0 0 0.115496 0.302034 0 0 0 0.00919788 0.0432516 0.0468282 0.205581 0.134305 0 0 0 0.128752 0.00153567 0 0 0 0 0 0 0.0993345 0.01362 0 0.144571 0.0207324 0 0 0 0 0 0 0.243094 0.302034 0 0 0 0.00613138 0 0 0 0.302034 0.0518526 0 0.0352346 0.0867345 0 0 0 0 0 0 0.00660977 0.01435 0.00618152 0.00349464 0.0566744 0.108071 0.0176101 0 0 0 0 0 0 0.302034 0.278882 0 0 0 0.0108814 0 0.00518207 0.302034 0.0503374 0 0 
0 0 0 0 0.0115391 0.196872 0 0 0 0 0 0 0 0.284815 0.040679 0.021595 0.0239006 0 0 0 0 0.0192027 0.0189027 0.0926944 0.0456795 0.0643522 0.0587423 0 0 0 0 0 0.0854896 0 0 0 0 0.081926 0.0225997 0.079824 0.341345 0 0 0 0 0 0.0114279 0.0449291 0.341345 0 0 0 0 0 0 0.0274822 0.341345 0 0 0 0 0 0 0 0.341345 0 0 0 0 0 0 0 0.341345 0 0 0 0 0 0 0 0.341345 0 0 0 0 0 0 0 0.341345 0 0 0 0 0 0 0 0.104763 0 0 0 0 0 0 0 0.0840181 0 0 0 0 0 0 0 0.02556 0 0 0 0 0 0 5.82457e-05 0.0138254 0 0 0 0 0 0 0.000497884 
0 0 0.0139018 0.0237876 0.0232748 0.132239 0 0 0 0.259644 0.085039 0 0 0 0 0 0.0159743 0.150452 0 0 0 0 0 0.00480479 0.00183652 0.00387366 0.0328836 0.00202074 0 0 0 0 0.0178767 0.0149206 0 0 0 0.0194369 0.159319 0 0 0.305433 0 0 0 0 0 0 0.0276724 0.092414 0.00593874 0 0.0147254 0 0.0152013 0.0213913 0 0 0.00105794 0.00273707 0.0271073 0.00368706 0.0166725 0.00535509 0 0 0.00955027 0.00856121 0 0.0159947 0.305433 0 0 0.038338 0.305433 0 0 0 0 0 0 0 0.0225315 0.171442 0.161306 0 0 0 0.00607743 0 0.00218371 0.034672 0.155405 0 0 0 0 0 0 0 0 0 0.236888 0.305433 0.223691 0.019946 0 0 0 0 0 0.305433 0.0452218 0 0 0 0 0 0 0.305433 0.305433 0 0 0 0 0 0 0.0104339 
0 0 0 0 0 0.229861 0.0457782 0 0.00452337 0.0147036 0 0 0 0 0.139166 0.0115704 0 0.250322 0.0602469 0 0 0 0 0 0.00512414 0.0492639 0.0098839 0 0.00259161 0.00293039 0.00299506 0.0087237 0 0 0 0 0 0.033568 0.168552 0.0865043 0 0 0.00557915 0.00675422 0 0.00404628 0.294923 0.00967681 0 0.0141645 0.294923 0.0178725 0 0 0 0 0 0 0.00903006 0.0818259 0.128853 0 0 0 0.0400576 0 0 0 0 0 0 0.294923 0 0 0 0 0 0 0.0726905 0.294923 0.294923 0.0432887 0 0 0 0 0 0.100778 0.294923 0.00863292 0 0 0 0 0 0.0132193 0.0746139 0 0 0 0 0 0 0.106382 0 0 0 0 0 0 0 0.294923 0.270491 0 0 0 0 0 0 0.0644143 0.27029 0 0 0 0 0 0 0 
0 0 0.032382 0.00718502 0.00131147 0.0047613 0.00105633 0 0 0 0 0 0 0 0.2079 0.121163 0 0 0 0 0 0 0.102242 0.314933 0 0.00764927 0.050086 0.0563494 0.00349084 0.00321055 0.0391711 0.0381392 0.0650931 0.15693 0.0102171 0 0 0 0 0 0.332194 0.160776 0 0 0 0 0 0 0 0 0 0 0 0 0 0.332194 0.332194 0.0241431 0 0 0 0 0 0.201608 0.332194 0.068676 0 0 0 0 0 0 0.0836321 0.311663 0 0 0 0 0 0 0.201957 0 0 0 0 0 0 0.137509 0.332194 0 0 0 0 0 0 0 0.067792 0 0 0 0 0 0 0 0.0185334 0.01092 0 0 0 0 0 0 0.0177454 0 0 0 0 0 0 0 0.0292829 0 0 0 0 0 0 0 
0 0.297764 0 0 0 0 0 0 0.00177582 0.00585993 0 0 0.0285041 0.101263 0 0 0 0 0 0.0236136 0.0502555 0.00243572 0 0 0 0 0 0.00800771 0.0305058 0.00760397 0 0 0.00576121 0.297764 0 0 0 0 0 0.00682837 0 0 0 0 0.0258545 0.160402 0.0686791 0 0 0 0.0134459 0.0871824 0.0243187 0.0050851 0 0 0.00491468 0.0110419 0.00638869 0.0066054 0.00849973 0.000827839 0.00272521 0.00790677 0.0489018 0.297764 0 0 0 0 0 0.0208622 0 0 0 0 0 0 0.16901 0.297764 0.172954 0 0 0 0 0 0 0.297764 0.281578 0 0 0 0 0 0 0.0452476 0.297764 0.10976 0 0 0 0 0 0 0.087357 0 0 0 0 0 0 0.297764 0.0294097 0 0 0 0 0 0 0.297764 0.268724 0 0 0 0 0 0 0.00925808 
0 0 0 0.178398 0.158693 0 0 0 0 0 0 0 0.297393 0 0 0 0 0 0 0 0.297393 0 0 0 0 0 0 0 0.284746 0 0 0 0 0 0 0.297393 0.132799 0 0 0 0 0 0 0 0.297393 0 0 0 0 0 0 0.17792 0.297393 0 0 0 0 0 0 0.297393 0.127297 0 0 0 0 0 0 0.116326 0.0443514 0 0 0 0 0 0 0 0.274999 0 0 0 0 0 0 0.271787 0.0397445 0 0 0 0 0 0 0.297393 0 0 0 0 0 0 0 0.0172815 0 0 0 0 0 0 0 0.0078905 0.0131487 0 0 0 0 0 0.0319383 0.0280547 0 0 0 0 0 0 0.0589886 0.0701856 0 0 0 0 
0 0 0 0 0.286096 0 0 0 0 0 0 0 0.310655 0 0 0 0 0 0 0.0303845 0.310655 0 0 0 0 0 0 0.134616 0.0695022 0 0 0 0 0 0 0 0.310655 0 0 0 0 0 0 0 0.310655 0 0 0 0 0 0 0.310655 0.258528 0 0 0 0 0 0 0.310655 0 0 0 0 0 0 0 0 0.0530471 0.0444636 0.0639138 0 0 0 0 0 0.127803 0.0441504 0.0735227 0 0 0 0.00351454 0.257504 0.0393265 0 0.00484749 0.00116614 0 0 0 0.310655 0 0 0 0 0 0 0 0 0 0 0.0327587 0.0224837 0 0 0 0 0 0 0 0.150207 0.00568535 0 0.00486682 0 0 0 0 0.147014 0.0064767 0 0.0639842 0.03803 0 0 0 0.00666909 
0 0 0.0654567 0.0511431 0 0 0 0 0.0060226 0.21299 0.0124333 0 0 0 0 0 0 0.292013 0 0 0 0 0 0 0 0.277573 0 0 0 0 0 0 0 0 0.126402 0.187694 0 0 0 0 0 0.224982 0.270752 0.0229355 0 0 0 0 0 0.292013 0 0 0 0 0 0 0 0.292013 0 0 0 0 0 0 0 0 0 0.292013 0 0 0 0 0 0 0.0259193 0.292013 0.0570978 0 0 0 0 0.0909125 0.0542564 0.0787326 0.0371401 0 0 0 0 0.187025 0.00251745 0.00335078 0 0 0 0 0 0 0.00128655 0.186135 0 0 0 0 0 0 0 0 0.292013 0 0 0 0 0 0 0 0.292013 0 0 0 0 0.00167447 0.00142225 0.00460087 0.0744936 0 0 0 
0 0 0 0 0.171461 0.0822718 0 0 0 0 0 0 0.319499 0 0 0 0 0 0 0 0.319499 0 0 0 0 0 0 0 0.284031 0 0 0 0 0 0 0 0.0243006 0.279902 0 0 0 0 0 0 0.319499 0 0 0 0 0 0 0.162204 0.319499 0 0 0 0 0 0 0.0877819 0.319499 0 0 0 0.0764594 0 0 0 0 0.0292183 0 0.00366987 0.0412435 0.0458711 0.0142264 0.0173888 0.019384 0.00546755 0 0 0 0.0139818 0.0524287 0.319499 0 0 0 0 0 0 0 0.319499 0.0319651 0 0 0 0.101727 0 0 0 0 0 0 0 0.0836161 0.0203402 0 0 0 0 0 0 0 0.0863731 0.011989 0 0 0 0 0 0 0.00117336 0.0111822 0.121533 0 0 0 0 
0.077572 0 0 0 0 0 0 0.0219581 0.270485 0 0 0 0 0 0 0 0.270485 0 0 0 0 0 0 0 0.184628 0.000491935 0 0 0 0 0 0 0 0 0 0 0 0.0641427 0.0107778 0.0181264 0.039523 0 0 0 0 0.00845727 0.0275619 0.150858 0.270485 0 0 0 0 0 0 0.206894 0.253614 0 0 0 0 0 0 0.0882483 0 0 0 0 0 0.270485 0 0 0 0 0 0 0 0.270485 0.0302891 0 0 0 0 0 0 0.133796 0.208517 0.120741 0 0 0 0 0 0 0.153912 0.270485 0 0 0 0 0 0.270485 0 0 0 0 0 0 0 0.270485 0 0 0 0 0 0 0 0.270485 0 0 0 0 0 0 0 0.0280426 0.234477 0 
0.264651 0 0 0 0 0 0 0 0.264651 0 0 0 0 0 0 0 0.251602 0 0.0252417 0.0545887 0 0 0 0 0 0 0.00741535 0.170159 0.118469 0 0 0 0.114609 0 0 0 0 0.00251193 0.00548732 0.00866188 0.264651 0 0 0 0 0 0 0.0834578 0.264651 0 0 0 0 0 0 0.071856 0.213621 0 0.0211093 0.0550483 0 0 0 0 0 0 0 0 0 0.264651 0 0 0 0 0 0 0 0.264651 0.0353784 0.042929 0 0 0 0 0 0.104964 0.159055 0.264651 0.00957926 0 0 0 0 0 0.0555563 0.264651 0 0 0 0 0.0366004 0.189584 0 0 0 0 0 0 0.0488149 0.261968 0 0 0 0 0 0 0.00853778 0.264651 0.00306692 0 0.00844527 0 0 0 0 0.025215 0.180089 0.0329477 
0 0 0 0.0181746 0.262398 0 0 0 0 0 0.0472521 0.0666352 0.189434 0 0 0 0 0.0611351 0.0224362 0.0172254 0.0449837 0.0638196 0 0 0.0268947 0.0255965 0 0 0 0.080173 0.0127648 0.0138347 0 0 0.02243 0.314397 0 0 0 0 0 0 0.314409 0.0361776 0 0 0 0 0 0.314409 0.0642654 0 0 0 0 0 0 0.314409 0 0 0 0 0 0 0 0 0 0.314409 0 0 0 0 0 0 0 0.314409 0.0738405 0 0 0 0 0.0470191 0.0649762 0.104481 0.0766329 0 0 0 0.0342676 0.0761542 0 0.00171833 0 0 0 0 0 0 0 0.177552 0.0262813 0 0 0 0 0 0 0.0324236 0.314409 0 0 0 0 0 0 0 0.314409 0 0 0 0 0.0334043 0.0092827 0.0508706 0 0 0 0 
0 0 0 0 0 0 0.137657 0 0 0 0 0 0 0.197758 0.140592 0 0 0 0 0 0.213572 0.110742 0 0 0 0 0 0 0.156563 0 0 0 0 0 0 0 0 0 0.0628212 0.247222 0 0 0 0 0 0.107831 0.27517 0.0658755 0 0 0 0 0.27517 0.0763005 0 0 0 0 0 0 0.27517 0 0 0 0 0 0 0 0 0 0 0.27517 0.0513192 0 0 0 0 0 0.0168903 0.27517 0.021096 0 0.0039422 0.0252126 0.270453 0.0046768 0 0 0 0 0 0 0.27517 0 0 0 0 0 0 0 0 0 0 0.186216 0.27517 0 0 0 0 0 0 0.0421134 0.199812 0.00375022 0.0038206 0.0512163 0 0 0 0 0 0 0 0.0541219 0.252517 0 0 0 
0.129929 0.0205645 0.00251752 0.00614286 0 0 0 0 0.273655 0.00192607 0 0 0 0 0 0 0.130143 0 0 0 0 0 0 0.122031 0.0105136 0 0 0 0 0 0 0.191103 0.0850749 0.294202 0 0 0 0 0 0 0.294202 0.0977087 0 0 0 0 0 0 0.294202 0 0 0 0 0 0 0.10966 0.069037 0 0 0 0 0 0 0.294202 0 0 0.294202 0 0 0 0 0 0 0.0493275 0.294202 0 0 0 0 0 0.108326 0.0133997 0.118557 0.0343382 0 0 0 0 0.130157 0.00850312 0.0131986 0 0 0 0 0 0 0.0127858 0.193109 0 0 0 0 0.0122646 0 0 0.294202 0 0 0 0 0 0 0 0.0286479 0.294202 0 0 0 0 0 0 0.00808265 0.167403 0 0 0 0 
0 0 0 0 0 0 0 0.289962 0.122767 0.236502 0 0 0 0 0 0.040071 0.289962 0.0552475 0 0 0 0 0 0 0.245407 0.00314998 0.00284822 0.00422494 0 0 0 0 0.0300841 0.0106998 0.0105984 0 0 0 0 0.289962 0 0.289962 0.170817 0 0 0 0 0 0.289962 0 0 0 0 0 0 0 0.289962 0 0 0 0 0 0 0 0 0 0.0127821 0.0647168 0 0 0.0841177 0.0333489 0 0.0154233 0.25831 0.0621789 0 0 0 0 0.188803 0.00478865 0 0 0 0 0 0.110792 0.289962 0 0 0 0 0 0 0.0815563 0.0033774 0.00332674 0.0573991 0.0411771 0 0 0 0.0565759 0 0 0.0472126 0.152541 0 0 0 0 0.0116477 0.00280122 0.00892053 0 0 0 0 0.0758569 0.0235343 0 0 0 0 0 0 0.258873 
0 0 0 0 0.0464303 0.142598 0 0.00187162 0.0287599 0 0 0 0 0.0283586 0.0972265 0.122269 0.188083 0 0 0 0 0 0 0.168502 0.30366 0 0 0 0 0 0 0.00825465 0.122976 0.0201736 0 0 0.00708398 0.031926 0.00606115 0.006686 0.319243 0 0 0 0 0 0 0 0.319243 0 0 0 0 0 0 0 0.319243 0 0 0 0 0 0 0 0.0232344 0.319243 0 0 0 0 0 0 0.319243 0.242846 0 0 0 0 0 0 0.210864 0 0 0 0 0 0.0154185 0.0842151 0.0744082 0.0138961 0.00346594 0 0 0 0.0116889 0.0414412 0 0.319243 0 0 0 0 0 0 0.0171446 0.207384 0 0 0 0 0 0 0.00376065 0 0 0 0 0.00432308 0.0579402 0.00271576 0 0 0.000850914 0 0 0 0.0399669 0.00688593 
0.0337817 0.00481374 0.00207078 0.00142917 0 0 0 0 0.312796 0.00664568 0 0 0 0 0 0 0.312796 0.0854537 0 0 0 0 0 0 0 0.185442 0.051186 0.166149 0.0196379 0 0 0 0 0 0.00278687 0.0579268 0 0 0 0 0.0459782 0.0744978 0.0310985 0.033324 0 0 0 0 0.312796 0 0 0 0 0 0 0 0.312796 0.143271 0.0257237 0.0176519 0 0 0 0 0 0 0 0.0932783 0 0 0 0 0 0.0147362 0.00645561 0.148844 0 0 0 0 0.312796 0 0 0 0 0 0 0 0.312796 0 0 0 0 0 0 0.225244 0 0 0 0.090328 0 0 0 0 0 0 0.0124219 0.137782 0 0 0 0 0.312796 0 0 0 0 0 0 0 0.312796 0 0 0 0 0 0 0 
0.259113 0 0 0 0 0 0 0.0737786 0.0271108 0.0188605 0.0222371 0.123071 0.0245755 0 0 0.0274259 0 0 0 0.120877 0.192101 0 0 0 0 0 0 0 0.0689505 0.00510848 0.00173892 0.0019174 0 0 0 0 0 0 0 0.271097 0 0 0 0 0.053232 0.018453 0.0251838 0.261136 0 0 0 0 0.271097 0 0 0 0 0 0 0 0.271097 0 0 0 0 0 0 0 0 0 0 0.271097 0.149204 0 0 0 0 0 0 0.271097 0 0.0402406 0.0268733 0.178553 0.0650769 0 0 0 0 0 0 0.0735355 0.271097 0 0 0 0 0 0 0 0 0 0 0.271097 0.271097 0 0 0 0 0 0 0.0224897 0.271097 0.0542107 0.0103432 0.0126528 0 0 0 0 0 0.0074504 0.00736148 0.222282 0.0150932 0 0 0 
0.196131 0 0 0 0 0 0 0 0.280039 0 0 0 0 0 0 0 0.17136 0 0 0 0 0 0 0 0.0149949 0.00244904 0.000660794 0 0 0 0 0 0.280039 0 0 0 0 0 0 0 0.280039 0 0 0 0 0 0 0 0.148393 0.0919347 0.0122339 0 0 0 0 0 0 0.00863319 0.104225 0 0 0 0 0 0.280039 0 0 0 0 0 0 0 0.224388 0.280039 0 0 0 0 0 0 0 0.268868 0.260276 0 0 0 0 0 0 0 0.280039 0 0 0 0 0 0.0451481 0.0280164 0 0 0 0 0.00356483 0.00255078 0 0.280039 0 0 0 0 0 0 0 0.082878 0.250814 0 0 0 0 0 0 0 0.280039 0 0 0 0 0 
0.291264 0 0 0 0 0 0 0 0.0401358 0.00658743 0 0.0347737 0.149103 0 0 0 0 0 0 0 0.291264 0 0 0 0 0 0 0 0.0575614 0.0366799 0.0230376 0.00411187 0.291264 0 0 0 0 0 0 0 0.291264 0 0 0 0.021916 0.00448421 0 0.0081861 0 0 0 0 0.291264 0 0 0.00649777 0 0 0 0 0.291264 0.0287438 0 0 0.278823 0 0 0 0 0 0 0.0117919 0.291264 0 0 0 0 0 0 0 0.191529 0.0102474 0.0100024 0.077411 0.0355861 0 0 0 0 0 0 0.0893103 0.234919 0 0 0 0.0409016 0 0 0 0 0 0 0.0623988 0.291264 0 0 0 0 0 0 0.0114452 0.291264 0 0.00526768 0 0 0 0 0 0.00703686 0 0.000218917 0.0176926 0.102011 0.0553754 0 0 
0.311238 0 0 0 0 0 0 0 0.311238 0 0 0 0 0 0 0 0 0 0 0 0 0 0 0.311238 0.151841 0.00972048 0 0 0 0 0 0.15881 0.311238 0 0 0 0 0 0 0 0.311238 0 0 0 0 0 0 0.0281439 0 0 0 0 0 0 0.0274324 0.311238 0.0944468 0 0 0 0 0 0.0270681 0.311238 0.164613 0 0 0 0 0 0 0.00337598 0.0691105 0 0 0 0 0 0.0290057 0.10566 0 0 0 0 0 0.138282 0.220642 0.0274118 0.0306198 0.0197186 0 0 0 0.0459055 0.114855 0.0283349 0.00113219 0 0 0 0 0.003752 0.00279392 0.00783922 0 0 0 0 0 0.13657 0.00780434 0 0 0 0 0 0 0.311238 0 0 0 0.116382 0 0 0 0.0571296 0 0 
0.298122 0 0 0 0 0 0 0 0.298122 0 0 0 0 0 0 0 0.103289 0 0 0 0 0 0 0.190382 0.0204833 0.00580562 0 0 0 0 0 0.112467 0.298122 0 0 0 0 0 0 0 0.298122 0 0 0 0 0 0 0.149894 0 0 0 0 0 0 0.0326764 0.298122 0 0 0 0 0 0 0.0871555 0.298122 0.168523 0 0 0 0 0 0 0.00377462 0.054084 0 0 0 0 0 0.0513264 0.16995 0 0 0 0 0 0 0.298122 0.066772 0.00135053 0 0 0 0 0.0486085 0.298122 0.0135906 0.00279781 0 0 0 0 0 0.00527187 0.00637739 0 0 0 0 0 0 0.143146 0 0 0 0 0 0 0.0581782 0.298122 0 0.00226219 0.0340816 0 0 0 0.101332 0.0609156 0 
0 0 0 0 0 0 0 0.0929981 0.0923714 0 0 0 0 0 0 0.290244 0.326073 0 0 0 0 0 0 0 0.239728 0 0 0 0 0 0 0.0536995 0 0 0 0 0 0 0 0.0288228 0.0464188 0 0 0 0 0 0 0.168903 0.2171 0 0 0 0 0 0 0.326073 0.0314212 0 0 0 0 0 0 0.326073 0 0 0 0 0 0 0 0.00730365 0 0 0 0 0 0 0 0.148605 0 0 0 0 0 0 0 0.326073 0 0 0 0 0 0 0 0.326073 0 0 0 0 0 0 0.000144002 0.00613266 0 0 0 0 0 0 0 0.127467 0 0 0 0 0 0 0 0.326073 0 0 0 0 0 0 0.0350528 0.284602 
0.0795277 0 0.000400923 0.0161737 0 0 0 0 0.179606 0 0 0 0 0 0 0.180755 0 0 0 0 0 0 0 0.281809 0.00597873 0 0 0 0 0 0 0.0514745 0.259409 0.000945194 0 0 0 0 0 0 0.281809 0 0 0 0 0 0 0 0.281809 0.0105407 0 0 0 0 0 0 0.0202768 0.0185752 0.0295301 0 0 0 0 0 0.281809 0 0 0 0 0 0 0 0.281809 0.191352 0 0 0 0 0 0 0.0291566 0.245049 0.179386 0 0 0 0 0 0 0 0.281809 0 0 0 0 0 0.104857 0.021359 0 0 0 0 0 0 0 0.281809 0 0 0 0 0 0 0 0.0295516 0.281809 0 0 0 0 0 0 0 0.281809 0 0 0 0 0 
0 0 0 0 0.240855 0 0 0 0 0 0 0 0.277077 0 0 0 0 0 0 0 0.277077 0 0 0 0 0.0248426 0.0280721 0.0399662 0.0950113 0 0 0 0 0 0 0.07622 0.267704 0 0 0 0 0 0 0.0134447 0.277077 0 0 0 0 0.0236677 0.0732728 0.165812 0.171261 0 0 0 0 0.277077 0.0861131 0.0166598 0 0 0 0 0.199362 0.000600901 0.00153658 0.00433634 0 0 0 0 0.182094 0.00421784 0 0 0 0 0 0.0567683 0.199702 0.277077 0 0 0 0 0 0 0 0.277077 0 0 0 0 0 0 0.183884 0 0 0 0 0 0 0 0.174035 0 0 0 0 0 0 0.0174142 0.211711 0.138508 0 0 0 0 0 0 0 0.277077 0 0 0 0 0 0 
0 0.159208 0.00265159 0 0.00125439 0.0409757 0 0 0 0.275202 0 0 0 0 0 0 0 0.229612 0.00289928 0 0 0 0 0 0.000173968 0.00568951 0.00321241 0.00323054 0.0011509 3.32335e-05 0 0.000163914 0 0.150649 0.135134 0.0029776 0.00249117 0 0 0 0 0.275202 0.250312 0 0 0 0 0 0 0.0274147 0.0614414 0.0965013 0.0117106 0 0 0 0 0 0 0.0170215 0.0924637 0 0 0 0 0 0.275202 0.010561 0 0 0 0 0 0 0.271136 0.275202 0 0 0 0 0 0 0 0.275202 0.173076 0 0 0 0 0 0 0 0.275202 0 0 0 0 0 0.0107807 0.0833258 0.0125162 0.00630719 0 0 0 0 0 0.275202 0 0 0 0 0 0 0 0.213427 0.177365 0 0 0 0 0 0 0 0.275202 0 0 0 
0 0.12635 0.00320567 0 0 0.111452 0 0 0 0.289691 0 0 0 0 0 0 0 0.203896 0 0 0 0 0 0 0 0.0106452 0.00111793 0.000245106 0 0 0 0 0 0.18428 0.0835868 0 0.00452611 0.033817 0 0 0 0.289691 0.133711 0 0 0 0 0 0 0.0748314 0.0699078 0.0246691 0 0 0 0 0 0 0.00160736 0.0194302 0.0226664 0 0 0 0 0 0.289691 0.0134317 0.0422488 0 0 0 0 0 0.289691 0.265302 0 0 0 0 0 0 0 0.289691 0.0499907 0 0 0 0 0 0 0 0.289691 0 0 0 0 0 0.0236018 0.120523 0.0264872 0.0175136 0 0 0 0 0 0.289691 0 0 0 0 0 0 0 0.289691 0.10821 0 0 0 0 0 0 0 0.289691 0 0 0 
0.274211 0 0 0 0 0 0 0 0.274211 0 0 0 0 0 0 0.0949325 0 0 0 0 0 0 0 0.274211 0.0253513 0 0 0 0 0 0 0.209715 0.274211 0 0 0 0 0 0 0 0.274211 0 0 0 0 0 0 0.193858 0 0 0 0 0 0 0.111857 0.274211 0 0 0 0 0 0 0.236353 0.18264 0.095867 7.04353e-05 0 0 0 0 0 0 0.0310222 0 0 0 0 0.0159306 0.0214255 0.0591729 0 0 0 0 0 0.153219 0.268661 0.0157838 0 0 0 0 0 0.197298 0.221749 0 0 0 0 0 0.00252632 0.00605685 0.00243751 0.000268924 0 0 0 0 0.00272241 0.084215 0 0 0 0 0 0 0 0.274211 0 0 0 0 0 0 0 0.274211 0 0 
0 0 0 0 0 0 0 0.106911 0.178744 0 0 0 0 0 0 0.220421 0.340596 0 0 0 0 0 0 0 0.0882647 0 0 0 0 0 0.0173618 0.125755 0 0 0 0 0 0 0 0.0310978 0.0725724 0 0 0 0 0 0 0.156562 0.230037 0 0 0 0 0 0 0.340596 0 0 0 0 0 0 0 0.340596 0 0 0 0 0 0 0 0.00629006 0 0 0 0 0 0 0 0.150174 0 0 0 0 0 0 0 0.340596 0 0 0 0 0 0 0 0.340596 0 0 0 0 0 0 0 0.00496013 0 0 0 0 0 0 0 0.107345 0 0 0 0 0 0 0 0.340596 0.00161911 0 0 0.00286944 0 0 0.0481371 0.2607 
0 0 0 0.0278177 0.213012 0 0 0 0 0 0 0 0.272457 0 0 0 0.133844 0.00428486 0.00878002 0.0854951 0 0 0 0 0.272457 0 0 0 0 0 0 0 0 0 0 0 0.272457 0 0 0 0 0 0 0.124208 0.272457 0 0 0 0.272457 0.00548953 0 0.035824 0 0 0 0 0.272457 0 0 0 0 0 0 0 0 0 0 0 0.272457 0 0 0 0 0 0 0 0.272457 0.0237389 0.0268757 0 0.0599813 0 0 0 0 0 0 0.272457 0.266517 0 0 0 0 0 0 0.0223708 0 0 0 0.0300024 0.272457 0 0 0 0.0375786 0 0.00407675 0.0330759 0.0668523 0.0095409 0.00234369 0.0248094 0.0307811 0 0 0 0 0 0 0.272457 0.0750757 0 0 0 0 0 0 0.0602215 
0.0908652 0.0183756 0 0 0 0 0 0.00334137 0.0636906 0 0 0 0 0 0.0287365 0.26218 0 0 0 0 0 0 0 0.31503 0.140569 0.0208283 0 0 0 0 0 0.226946 0.31503 0 0 0 0 0 0 0 0.31503 0 0 0 0 0 0 0.0353144 0.0236942 0 0 0 0 0 0 0.31503 0.31503 0 0 0 0 0 0 0.28089 0.31503 0 0 0 0 0 0 0 0.305273 0 0 0 0 0 0 0 0.067911 0 0 0 0 0 0 0.137087 0.219749 0 0 0 0 0 0 0.0244474 0.0540847 0 0 0 0 0 0 0 0.0320538 0 0 0 0 0 0 0 0.0148868 0 0 0 0 0 0 0 0.0156697 0 0 0 0 0 0 0 
0 0 0 0 0.143507 0 0 0 0 0 0 0 0.288824 0 0 0 0.0641595 0.00362396 0.00428049 0.107873 0.0469469 0 0 0 0.225941 0 0 0 0 0 0 0 0 0 0 0 0.254104 0 0 0 0 0 0 0 0.288824 0 0 0 0.073402 0 0 0 0.132157 0.0076437 0 0.0655497 0.117469 0 0 0 0 0 0 0.164227 0 0 0 0 0.288824 0 0 0 0 0 0 0 0.288824 0.225017 0 0 0 0 0 0 0 0.0888563 0.25269 0.200463 0 0 0 0 0 0 0 0.288824 0 0 0 0 0.0835463 0.0293813 0 0 0 0 0 0 0 0.288824 0.0115982 0 0 0 0 0 0 0 0.288824 0 0 0 0 0 0 0 0.079588 0.130415 
0 0.184467 0 0 0 0.0722726 0.0303 0.0115402 0.0200488 0.29123 0 0 0 0 0 0 0.0442135 0 0 0 0 0 0.0356596 0.164096 0.0594168 0.000947283 0 0.000265063 0 0.00139431 0.00276097 0.0841804 0.29123 0.0845009 0 0 0 0 0.0214144 0.136828 0.29123 0.29123 0 0 0 0 0 0 0.214473 0 0 0 0 0 0 0.29123 0.189114 0 0 0 0 0 0 0.254677 0.29123 0 0 0 0 0 0 0.125812 0.29123 0 0 0 0 0 0 0 0.26059 0 0 0 0 0 0 0.079639 0.0974826 0 0 0 0 0 0 0.124983 0.101118 0 0 0 0 0 0 0.0232862 0.149821 0 0 0 0 0 0 0 0.0565425 0 0 0 0 0 0 0 0.0135828 0 0 0 0 0 0 0.00820124 
0.248994 0.03939 0 0.0459777 0 0 0 0.0164522 0 0.0140453 0 0.249259 0.168391 0 0 0 0 0.0130414 0.00940645 0.0151375 0.170453 0 0 0 0 0.0591584 0.00418824 0 0 0 0 0 0.0247198 0 0 0 0 0.144735 0.104454 0.142255 0.0262781 0.0198497 0 0.125793 0 0 0.0322632 0.168837 0 0 0 0.260777 0.239002 0 0 0 0 0.00969506 0.00339634 0.0365852 0.159029 0.0989337 0 0 0.0204314 0.260777 0 0 0.00582509 0.0123534 0.00858113 0 0.260777 0.118996 0 0 0 0 0 0.0473023 0.260777 0.160506 0.0437465 0.114401 0 0 0 0 0.0339325 0 0 0 0.182318 0.254609 0 0.0238235 0.00724148 0.150751 0 0 0 0 0 0 0.128894 0.0734178 0 0 0 0 0 0 0.260777 0 0 0 0 0 0 0.0808222 0.260777 0.00772815 0 0 0 0 0 0.0221662 
0 0 0 0.174546 0.0888889 0 0 0 0 0.00636866 0.00192537 0.0184705 0.096332 0.0792866 0 0 0.00662622 0.00169909 0 0 0 0.146457 0 0 0.0119739 0 0 0 0 0.0930577 0.00100286 0.00143175 0.24449 0.0695861 0.0189272 0.0612037 0 0 0 0 0.0259253 0 0 0 0.121673 0.229145 0 0.0202486 0 0.0357396 0.0473631 0.0344345 0.110321 0.153992 0 0 0 0.265389 0 0 0.0495956 0.0564548 0 0 0.202433 0 0 0 0 0 0 0.059299 0.265389 0.00888 0 0 0 0 0 0.0202873 0 0.0487391 0.265389 0.265389 0 0 0 0 0 0.265389 0.109217 0.265389 0 0 0 0 0.0335506 0 0 0 0 0 0 0.00737175 0.0978661 0 0 0 0 0 0 0.134984 0.244981 0.0239876 0.0247552 0.149036 0 0 0 0.0174955 0 0 0.00909219 0.265389 0.258716 0 0 0 
0 0 0 0 0 0 0 0.306086 0 0 0 0 0 0 0 0.306086 0.00106756 0.00836139 0.028192 0.0274978 0 0 0 0.0492532 0.234507 0.0279597 0.0224785 0 0 0 0 0 0 0 0 0 0 0 0 0.306086 0.0769097 0 0 0 0 0 0 0.306086 0.0192458 0.0108023 0.0699325 0.121778 0 0 0 0.0056203 0.197063 0.0246878 0.104564 0 0 0 0 0 0.0216912 0 0 0 0 0 0 0.293745 0.306086 0 0 0 0 0 0 0.039725 0 0.16596 0.274551 0 0 0 0 0 0.0813729 0.0473763 0.192417 0 0 0 0 0 0.0462511 0 0 0 0 0 0 0.0568245 0.306086 0 0 0 0 0 0 0 0.0616773 0.162006 0.0983395 0 0 0 0 0 0.0346122 0.0234117 0.130493 0 0 0 0 0 
0 0.00647312 0.0384353 0.013656 0.0255416 0.0530739 0 0 0 0 0.22965 0.0378477 0 0 0 0 0 0 0.27254 0.00895422 0 0 0 0 0 0 0.255153 0 0 0 0 0 0 0 0 0 0.140554 0.24639 0 0 0 0 0.0419626 0.145576 0.199397 0 0 0 0 0 0.27254 0.0136159 0.00724291 0 0 0.0118263 0 0.0040378 0.184175 0.000945729 0 0 0.0556392 0 0 0 0 0 0.27254 0 0 0 0 0 0 0 0.27254 0.100104 0.0159309 0 0 0 0 0 0 0.0107788 0.256062 0.111133 0 0 0 0 0 0 0.27254 0 0 0 0 0 0.27254 0 0 0 0 0 0 0 0.258649 0.0300113 0.0199631 0.0387958 0 0 0 0 0 0 0 0.27254 0 0 0 0 0 0 0.109831 0.0697314 
0 0 0 0.187745 0.0315056 0 0 0 0 0 0 0.241297 0.243694 0 0 0 0.208258 0.0103681 0.00774235 0.0883541 0.0202283 0 0 0 0.290847 0 0 0 0 0 0 0 0 0 0.0984998 0.290847 0 0 0 0 0 0 0 0.290847 0 0 0 0 0.161882 0.16712 0.0490961 0.0187006 0 0 0 0 0.112401 0.290847 0.0442641 0 0 0 0 0 0 0 0.0242223 0.248554 0.029169 0.00705897 0 0 0 0 0.00512441 0.219203 0.00858209 0.0023186 0 0.0337225 0.146514 0.011023 0 0 0 0 0 0.242376 0.0439593 0.0922929 0.0138742 0 0 0 0 0.139428 0 0 0 0 0.0430216 0.150688 0 0 0.0156371 0 0 0 0 0.0271945 0.00461499 0.149988 0 0 0 0 0 0 0 0.290847 0 0 0 0 0 0 0.0311142 0.135052 
0 0 0.00535052 0.0185222 0.11598 0.00969211 0.0127231 0 0 0 0 0 0.0879094 0.253851 0 0 0 0 0.108963 0.222286 0 0 0 0 0 0 0.0141136 0.241954 0.0160369 0 0 0 0 0 0 0 0 0.109857 0.268997 0 0 0 0 0 0.0753023 0.268997 0.0229973 0 0 0 0.0159854 0.268997 0.029093 0.00717809 0 0 0.000479399 0 0.011983 0.206441 0.0438067 0 0 0 0 0 0 0 0 0 0.268997 0 0 0 0 0 0 0 0.268997 0.128066 0.268997 0 0 0 0 0 0 0.0363686 0.268997 0 0 0 0 0 0 0 0 0 0 0 0 0.205984 0.120192 0 0.122146 0 0 0 0 0 0.10005 0.051096 0.268997 0 0 0 0 0 0 0 0.219898 0 0 0 0 0 0 0 
0.271534 0.00263661 0 0 0 0 0 0 0.271534 0.00370318 0.0180219 0 0 0 0 0 0.143276 0.0166666 0 0.0455961 0 0 0 0.0161497 0.00198125 0 0 0.0197237 0.0484651 0 0.00195506 0.0203623 0.271534 0.00975503 0 0 0 0 0 0 0.271534 0 0 0 0 0 0 0.0828857 0.0325279 0 0 0 0 0 0 0.271534 0 0 0 0 0 0 0 0.271534 0 0 0 0.186305 0.125383 0 0 0 0 0 0 0 0.271534 0.00595633 0.00552909 0 0 0 0 0 0.271534 0.0707684 0.117158 0 0 0 0 0 0 0.163262 0.262468 0 0 0 0 0.0504774 0.165009 0 0 0 0 0 0 0 0.271534 0 0 0 0 0 0 0 0.271534 0 0 0 0 0 0 0 0.117319 0.140379 0 0 
0 0 0 0 0.283975 0 0 0 0 0 0 0 0.283975 0 0 0 0 0 0 0 0.28049 0 0 0 0 0 0 0 0.148617 0 0 0 0 0 0.0132157 0.0751637 0.279614 0 0 0 0 0 0 0 0.283975 0 0 0 0 0 0 0.0399134 0.283975 0 0 0 0 0 0 0.283975 0.221578 0 0 0 0.112195 0 0 0.00163635 0 0.0148293 0.0274709 0.0702516 0 0 0 0 0.0533043 0.0842327 0.193164 0.0140745 0 0 0 0.0691134 0.232339 0.052148 0 0 0 0 0 0.283975 0 0 0 0 0 0 0 0 0.246666 0.0363016 0 0 0 0 0 0 0 0.283975 0 0 0 0 0.00599574 0.00482758 0.0164942 0.0952495 0 0 0 0.0113159 0.0204735 0.0225768 0 0 0 0 
