0 0 0 0 0 0 0 2.11057e-05 0 0 0 0 0 0 0 0.000708275 0.000565585 0 0 0 0 0 0 0.013977 0 0 0 0 0 0 0 0.0889614 0.00230139 0 0 0 0 0 0 0.000743978 0 0 0 0 0 0 0 0.0567852 0.259282 0 0 0 0 0 0 0.0285211 0.185255 0 0 0 0 0 0 0.344076 0.105429 0 0 0 0 0 0 0 0.344076 0 0 0 0 0 0 0.121844 0.344076 0 0 0 0 0 0 0.13744 0.344076 0 0 0 0 0 0 0 0.344076 0 0 0 0 0 0 0 0.344076 0 0 0 0 0 0 0 0.344076 0 0 0 0 0 0 0 0.112822 0 0 0 0 0 0 0 
0.241239 0 0 0 0 0 0 0 0.0815082 0 0 0 0 0 0 0 0.00866113 0 0 0 0 0 0 0 0.000254024 0 0 0 0 0 0 0 0.321639 0 0 0 0 0 0 0 0.321639 0 0 0 0 0 0 0 0.221072 0 0 0 0 0 0 0 0.0315754 0 0 0 0 0 0 0 0.211518 0 0 0 0 0 0 0.0865139 0.321639 0 0 0 0 0 0 0.304195 0.321639 0 0 0 0 0 0 0 0.314572 0 0 0 0 0 0 0 0 0 0 0 0 0 0 0.0315948 0.0448714 0 0 0 0 0 0 0.129967 0.190257 0 0 0 0 0 0 0.255985 0.321639 0 0 0 0 0 0 0.0511116 
2.30841e-05 0 0 0 0 0 0 0 0.00380187 0 0 0 0 0 0 0 0.0249639 0 0 0 0 0 0 0.046338 0 0 0 0 0 0 0 0.327365 0.000903382 0 0 0 0 0 0 0 0.0783173 0 0 0 0 0 0 0 0.327365 0 0 0 0 0 0 0 0.292081 0 0 0 0 0 0 0.327365 0.0189175 0 0 0 0 0 0 0 0.290488 0 0 0 0 0 0 0 0.327365 0 0 0 0 0 0 0 0.327365 0 0 0 0 0 0 0 0.173172 0 0 0 0 0 0 0 0.327365 0 0 0 0 0 0 0.0483828 0.280626 0 0 0 0 0 0 0.239859 0.0969204 0 0 0 0 0 0 0.00405181 
0.25443 0 0 0 0 0 0 0 0.0870572 0 0 0 0 0 0 0 0.00888453 0 0 0 0 0 0 0 0.000261255 0 0 0 0 0 0 0 0.310615 0 0 0 0 0 0 0.0564535 0.310615 0 0 0 0 0 0 0 0.228921 0 0 0 0 0 0 0 0.0320142 0 0 0 0 0 0 0 0.17468 0 0 0 0 0 0 0.120963 0.310615 0 0 0 0 0 0 0.309977 0.310615 0 0 0 0 0 0 0 0.291836 0 0 0 0 0 0 0 0 0 0 0 0 0 0 0.032509 0.0474961 0 0 0 0 0 0 0.132746 0.194574 0 0 0 0 0 0 0.290546 0.169384 0 0 0 0 0 0 0.294557 
0.327612 0 0 0 0 0 0 0 0.327612 0 0 0 0 0 0 0.0903438 0.327612 0 0 0 0 0 0 0 0.128467 0 0 0 0 0 0 0 0 0 0 0 0 0 0 0.140422 0.176048 0 0 0 0 0 0 0.327612 0.327612 0 0 0 0 0 0 0.147183 0.327612 0 0 0 0 0 0 0 0 0 0 0 0 0 0 0.00835137 0 0 0 0 0 0 0 0.0740909 0 0 0 0 0 0 0 0.327612 0.327612 0 0 0 0 0 0 0.156417 0 0 0 0 0 0 0 3.80895e-05 0 0 0 0 0 0 0 0.00171844 0 0 0 0 0 0 0 0.0251356 0 0 0 0 0 0 0 0.116894 
0.336516 0 0 0 0 0 0 0 0.149662 0 0 0 0 0 0 0 0.00673697 0 0 0 0 0 0 0 3.65492e-05 0 0 0 0 0 0 0 0.336516 0 0 0 0 0 0 0 0.336516 0 0 0 0 0 0 0 0.090614 0 0 0 0 0 0 0 0.00156961 0 0 0 0 0 0 0 0.042329 0 0 0 0 0 0 0.332526 0.336516 0 0 0 0 0 0 0.140623 0.336516 0 0 0 0 0 0 0 0.0271937 0 0 0 0 0 0 0 0 0 0 0 0 0 0 0.0959095 0.271639 0 0 0 0 0 0 0.243443 0.336516 0 0 0 0 0 0 0.077381 0.0936345 0 0 0 0 0 0 0 
0 0 0 0 0 0 0 2.26158e-05 0.000416508 0 0 0 0 0 0 0.000326906 0.0185747 0 0 0 0 0 0 0.00141671 0.00938593 0 0 0 0 0 0 0.127442 0.000845878 0 0 0 0 0 0 0.00221861 0 0 0 0 0 0 0 0.062099 0.308931 0 0 0 0 0 0 0.030856 0.326461 0 0 0 0 0 0 0.0972911 0.0954748 0 0 0 0 0 0 0 0.290306 0 0 0 0 0 0 0.211867 0.326461 0 0 0 0 0 0 0.326461 0.326461 0 0 0 0 0 0 0 0.326461 0 0 0 0 0 0 0 0.326461 0 0 0 0 0 0 0 0.257684 0 0 0 0 0 0 0.13865 0.101163 0 0 0 0 0 0 0.00226562 
0.235938 0 0 0 0 0 0 0 0.0850375 0 0 0 0 0 0 0 0.00898869 0 0 0 0 0 0 0 0.00030478 1.70487e-07 6.73888e-08 0 0 0 0 0 0.32177 0 0 0 0 0 0 0 0.32177 0 0 0 0 0 0 0 0.212359 0 0 0 0 0 0 0 0.0394247 0 0 0 0 0 0 0 0.117693 0 0 0 0 0 0 0.191344 0.239886 0 0 0 0 0 0 0.32177 0.32177 0 0 0 0 0 0 0 0.32177 0 0 0 0 0 0 0 0 0 0 0 0 0 0 0.0363534 0 0 0 0 0 0 0 0.196748 0.32177 0 0 0 0 0 0 0.069611 0.32177 0 0 0 0 0 0 0.112832 
0.313881 0 0 0 0 0 0 0 0.313881 0 0 0 0 0 0 0.0826463 0.313881 0 0 0 0 0 0 0 0.0797586 0.0153607 0.0692636 0 0 0 0 0 0.014703 0 0 0 0 0 0 0.114792 0.218127 0 0 0 0 0 0 0.313642 0.313881 0 0 0 0 0 0 0.103568 0.313881 0.0360332 0.010472 0 0 0 0 0.0512594 0 0 0 0 0 0 0 0.00779288 0 0 0 0 0 0 0 0.0696201 0 0 0 0 0 0 0 0.313881 0.313881 0 0 0 0 0 0 0.313881 0 0 0 0 0 0 0 3.56439e-05 0 0 0 0 0 0 0 0.00183462 0 0 0 0 0 0 0 0.0436151 0.098586 0 0 0 0 0 0 0.054471 
2.30282e-05 0 0 0 0 0 0 0 0.00379278 0 0 0 0 0 0 0 0.0249111 0 0 0 0 0 0 0.046047 0 0 0 0 0 0 0 0.324893 0.000901198 0 0 0 0 0 0 0 0.078128 0 0 0 0 0 0 0 0.324893 0 0 0 0 0 0 0 0.312607 0 0 0 0 0 0 0.324893 0.0188788 0 0 0 0 0 0 0 0.289789 0 0 0 0 0 0 0 0.324893 0 0 0 0 0 0 0 0.324893 0 0 0 0 0 0 0 0.168589 0 0 0 0 0 0 0 0.324893 0 0 0 0 0 0 0.0482667 0.27996 0 0 0 0 0 0 0.239282 0.096686 0 0 0 0 0 0 0.00404201 
0.31848 0 0 0 0 0 0 0 0.151186 0 0 0 0 0 0 0 0.00687282 0 0 0 0 0 0 0 3.63288e-05 0 0 0 0 0 0 0 0.31848 0 0 0 0 0 0 0.0166992 0.31848 0 0 0 0 0 0 0 0.0799712 0 0 0 0 0 0 0 0.00161825 0 0 0 0 0 0 0 0 0 0 0 0 0 0 0.31848 0.31848 0 0 0 0 0 0 0.31848 0.31848 0 0 0 0 0 0 0 0.0392126 0 0 0 0 0 0 0 0 0 0 0 0 0 0 0.0953268 0.31848 0 0 0 0 0 0 0.142671 0.31848 0 0 0 0 0 0 0 0.16302 0 0 0 0 0 0 0 
2.60106e-05 0 0 0 0 0 0 0 0.00370833 0 0 0 0 0 0 0 0.0215872 0 0 0 0 0 0 0.0582639 0.284228 0 0 0 0 0 0 0.123979 0.000971746 0 0 0 0 0 0 0 0.0776202 0 0 0 0 0 0 0 0.352398 0 0 0 0 0 0 0.0302095 0.157515 0 0 0 0 0 0 0.352398 0.0195673 0 0 0 0 0 0 0 0.318638 0 0 0 0 0 0 0 0.352398 0 0 0 0 0 0 0 0.352398 0 0 0 0 0 0 0.0163162 0.10362 0 0 0 0 0 0 0 0.352398 0 0 0 0 0 0 0 0.352398 0 0 0 0 0 0 0 0.100976 0 0 0 0 0 0 0 
2.45262e-05 0 0 0 0 0 0 0 0.00415053 0 0 0 0 0 0 0 0.120109 0 0 0 0 0 0 0 0.353137 0 0 0 0 0 0 0 0.000905005 0 0 0 0 0 0 0 0.0724725 0 0 0 0 0 0 0 0.353137 0 0 0 0 0 0 0 0.353137 0 0 0 0 0 0 0 0.0183571 0 0 0 0 0 0 0 0.293848 0 0 0 0 0 0 0 0.353137 0 0 0 0 0 0 0 0.353137 0 0 0 0 0 0 0 0.108945 0 0 0 0 0 0 0 0.353137 0 0 0 0 0 0 0 0.353137 0 0 0 0 0 0 0 0.0938558 0 0 0 0 0 0 0 
0.0203195 0 0 0 0 0 0 0 0.341168 0 0 0 0 0 0 0 0.341168 0 0 0 0 0 0 0.034345 0.056306 0 0 0 0 0 0 0.1746 0.195667 0 0 0 0 0 0 0 0.341168 0 0 0 0 0 0 0 0.341168 0 0 0 0 0 0 0 0.0705785 0 0 0 0 0 0 0 0.341168 0 0 0 0 0 0 0 0.341168 0 0 0 0 0 0 0 0.185105 0 0 0 0 0 0 0 0.00676945 0 0 0 0 0 0 0 0.341168 0 0 0 0 0 0 0 0.267778 0 0 0 0 0 0 0 0.0264432 0 0 0 0 0 0 0 0.00027638 0 0 0 0 0 0 0 
0 0 0 0.00508246 0.0123058 0 0 0 0 0 0 0.123806 0.0289517 0 0 0 0 0 0 0.0595775 0.349569 0 0 0 0 0 0 0 0.349569 0 0 0 0 0 0 0.182795 0.116605 0 0 0 0 0 0 0 0.349569 0 0 0 0 0 0 0.048592 0.349569 0 0 0 0 0 0 0 0.349569 0 0 0 0 0 0 0.349569 0.047784 0 0 0 0 0 0 0 0.349569 0 0 0 0 0 0 0 0.206128 0 0 0 0 0 0 0 0.0258747 0 0 0 0 0 0 0.167488 0 0 0 0 0 0 0 0.0313113 0.0283962 0 0 0 0 0 0 0 0.00812163 0 0 0 0 0 0 7.50492e-05 0.00014311 0 0 0 
0 0 0 0.198459 0 0 0 0 0 0 0 0.322963 0.101637 0 0 0 0 0 0 0 0.322963 0 0 0 0 0 0 0 0.0394718 0 0 0 0 0 0 0.0760097 0 0 0 0 0 0 0 0.322963 0.174181 0 0 0 0 0 0 0 0.322963 0 0 0 0 0 0 0 0.243926 0 0 0 0 0 0 0.00811177 0 0 0 0 0 0 0 0.184968 0 0 0 0 0 0 0 0.322963 0.239466 0 0 0 0 0 0 0 0.322963 0 0 0 0 0 0 0.000323431 0 0 0 0 0 0 0 0.0295824 0 0 0 0 0 0 0 0.148899 0.0911344 0 0 0 0 0 0 0 0.322963 0 0 0 
0 0 0 0 0.227628 0 0 0 0 0 0 0 0.0885022 0 0 0 0 0 0 0 0.00904274 0 0 0 0 0 0 0 0.000265246 0 0 0 0 0 0 0.124896 0.313876 0 0 0 0 0 0 0 0.313876 0 0 0 0 0 0 0 0.231252 0 0 0 0 0 0 0 0.0329725 0 0 0 0 0 0 0.155932 0.145922 0 0 0 0 0 0 0.313876 0.313876 0 0 0 0 0 0 0 0.313876 0 0 0 0 0 0 0 0.313876 0 0 0 0 0 0 0.033117 0 0 0 0 0 0 0 0.135447 0.0468561 0 0 0 0 0 0 0.266489 0.198671 0 0 0 0 0 0 0.0523954 0.313876 0 0 0 
0 0 0 0.319879 0 0 0 0 0 0 0 0.319879 0.252427 0 0 0 0 0 0 0 0.319879 0 0 0 0 0 0 0 0.126086 0 0 0 0 0 0 0.167043 0 0 0 0 0 0 0 0.319879 0.172674 0 0 0 0 0 0 0.101454 0.319879 0 0 0 0 0 0 0 0.319879 0 0 0 0 0 0 0.00809491 0 0 0 0 0 0 0 0.0726751 0 0 0 0 0 0 0 0.319879 0 0 0 0 0 0 0 0.128572 0.319879 0 0 0 0 0 0 3.74815e-05 0 0 0 0 0 0 0 0.00167922 0 0 0 0 0 0 0 0.0242895 0 0 0 0 0 0 0 0.106383 0 0 0 0 
0 0 0 0 0.00999791 0.000211508 0 0 0 0 0 0 0.0642824 0 0 0 0 0 0 0.0458221 0.0398806 0 0 0 0 0 0 0.0702707 0 0 0 0 0 0 0 0 0.00692871 0.133132 0 0 0 0 0 0 0.328129 0.106808 0 0 0 0 0 0.139823 0.328129 0 0 0 0 0 0 0.328129 0 0 0 0 0 0 0 0 0 0.0612985 0.186679 0 0 0 0 0 0.0380701 0.246428 0.328129 0 0 0 0 0 0.312806 0.0495349 0.182352 0 0 0 0 0.148752 0.137886 0.00478217 0 0 0 0 0 0 0 0 0.110706 0 0 0 0 0 0 0 0.328129 0 0 0 0 0 0 0 0.328129 0 0 0 0 0 0.00350617 0 0.0598559 0.0323888 
0 0 0 0.110909 0.327597 0 0 0 0 0 0 0.0922648 0.327597 0 0 0 0 0 0 0 0.327597 0 0 0 0 0 0 0 0.131204 0 0 0 0 0 0 0.147224 0 0 0 0 0 0 0 0.327597 0.177632 0 0 0 0 0 0 0.150301 0.327597 0 0 0 0 0 0 0 0.327597 0 0 0 0 0 0 0.00854535 0 0 0 0 0 0 0 0.0760963 0 0 0 0 0 0 0 0.327597 0 0 0 0 0 0 0 0.133028 0.327597 0 0 0 0 0 0 3.89011e-05 0 0 0 0 0 0 0 0.00175481 0 0 0 0 0 0 0 0.0248403 0 0 0 0 0 0 0 0.0278017 0.051411 0 0 0 
0.318073 0 0 0 0 0 0 0 0.151279 0 0 0 0 0 0 0 0.00686121 0 0 0 0 6.09498e-06 0 0 3.41653e-05 0 0 0 0 2.64595e-05 0 9.37709e-08 0.318073 0 0 0 0 0 0 0.0167086 0.318073 0 0 0 0 0 0 0 0.0800181 0 0 0 0 0 0 0 0.00161919 0 0 0 0 0 0 0 0 0 0 0 0 0 0 0.318073 0.318073 0 0 0 0 0 0 0.318073 0.318073 0 0 0 0 0 0 0 0.0391955 0 0 0 0 0 0 0 0 0 0 0 0 0 0 0.0949483 0.318073 0 0 0 0 0 0 0.142754 0.318073 0 0 0 0 0 0 0 0.170052 0 0 0 0 0 0 0 
0 0 0 0 0.0147495 0 0 0 0 0 0 0 0.00841483 0 0 0 0 0 0 0 0.00196643 0 0 0 0 0 0 0 0.00119325 0 0 0 0 0 0 0 0.345307 0 0 0 0 0 0 0.102713 0.149811 0 0 0 0 0 0 0 0.166142 0 0 0 0 0 0 0 0.129644 0 0 0 0 0 0 0.234739 0.345307 0 0 0 0 0 0 0.345307 0.192201 0 0 0 0 0 0 0 0.345307 0 0 0 0 0 0 0 0.345307 0 0 0 0 0 0 0.116764 0.0188282 0 0 0 0 0 0 0.234681 0.0796757 0 0 0 0 0 0.00394919 0.00607127 0.345307 0 0 0 0 0.0707606 0.0369148 0.114222 0.141267 0 0 0 
0 0 0 0 0 0 0 0.282987 0.306004 0 0 0 0 0 0 0.288943 0.31047 0 0 0 0 0 0 0 0.0318667 0 0 0 0 0 0 0 0 0 0 0 0 0 0 0.10634 0.31047 0 0 0 0 0 0 0.174003 0.31047 0 0 0 0 0 0 0 0.210123 0 0 0 0 0 0 0 0 0 0 0 0 0 0 0.00849968 0 0 0 0 0 0 0 0.184089 0 0 0 0 0 0 0 0.31047 0.31047 0 0 0 0 0 0 0 0 0 0 0 0 0 0 0.000300433 0 0 0 0 0 0 0 0.0298467 0.0305548 0 0 0 0 0 0 0.204228 0.31047 0 0 0 0 0 0 0.0139854 
0.31713 0 0 0 0 0 0 0 0.16047 0 0 0 0 0 0 0 0.00702438 0 0 0 0 0 0 0 3.70816e-05 0 0 0 0 0 0 0 0.31713 0 0 0 0 0 0 0.0177363 0.31713 0 0 0 0 0 0 0 0.0816285 0 0 0 0 0 0 0 0.00165177 0 0 0 0 0 0 0 0 0 0 0 0 0 0 0.31713 0.31713 0 0 0 0 0 0 0.31713 0.31713 0 0 0 0 0 0 0 0.039984 0 0 0 0 0 0 0 0 0 0 0 0 0 0 0.0973014 0.31713 0 0 0 0 0 0 0.145626 0.31713 0 0 0 0 0 0 0 0.172632 0 0 0 0 0 0 0 
0 0 0 0 0 0 0 0.283243 0.305974 0 0 0 0 0 0 0.288915 0.310449 0 0 0 0 0 0 0 0.0318636 0 0 0 0 0 0 0 0 0 0 0 0 0 0 0.10633 0.310449 0 0 0 0 0 0 0.173986 0.310449 0 0 0 0 0 0 0 0.210102 0 0 0 0 0 0 0 0 0 0 0 0 0 0 0.00849885 0 0 0 0 0 0 0 0.184071 0 0 0 0 0 0 0 0.310449 0.310449 0 0 0 0 0 0 0 0 0 0 0 0 0 0 0.000300403 0 0 0 0 0 0 0 0.0298438 0.0305518 0 0 0 0 0 0 0.204209 0.310449 0 0 0 0 0 0 0.0139846 
0.31744 0 0 0 0 0 0 0 0.160764 0 0 0 0 0 0 0 0.00703726 0 0 0 0 0 0 0 3.71496e-05 0 0 0 0 0 0 0 0.31744 0 0 0 0 0 0 0.0177688 0.31744 0 0 0 0 0 0 0 0.0817782 0 0 0 0 0 0 0 0.0016548 0 0 0 0 0 0 0 0 0 0 0 0 0 0 0.31744 0.31744 0 0 0 0 0 0 0.31744 0.31744 0 0 0 0 0 0 0 0.0400983 0 0 0 0 0 0 0 0 0 0 0 0 0 0 0.0974799 0.31744 0 0 0 0 0 0 0.145894 0.31744 0 0 0 0 0 0 0 0.166705 0 0 0 0 0 0 0 
0 0 0 0 0 0 0 0.206689 0.178709 0 0 0 0 0 0 0.302789 0.302789 0 0 0 0 0 0 0 0.0394871 0 0 0 0 0 0 0 0 0 0 0 0 0 0 0.0782243 0.176388 0 0 0 0 0 0 0.302789 0.302789 0 0 0 0 0 0 0 0.24675 0 0 0 0 0 0 0 0 0 0 0 0 0 0 0.00825579 0 0 0 0 0 0 0 0.184294 0.288609 0 0 0 0 0 0 0.302789 0.302789 0 0 0 0 0 0 0 0 0 0 0 0 0 0 0.000326474 0 0 0 0 0 0 0 0.0299054 0.061323 0 0 0 0 0 0 0.197132 0.302789 0 0 0 0 0 0 0.151842 
0.322246 0 0 0 0 0 0 0.0985713 0.183396 0 0 0 0 0 0 0 0.00809315 0 0 0 0 0 0 0 3.96245e-05 0 0 0 0 0 0 0 0.322246 0 0 0 0 0 0 0.113766 0.322246 0 0 0 0 0 0 0 0.098052 0 0 0 0 0 0 0 0.00167187 0 0 0 0 0 0 0 0.0454454 0 0 0 0 0 0 0.322246 0.322246 0 0 0 0 0 0 0.148991 0.322246 0 0 0 0 0 0 0 0.0291936 0 0 0 0 0 0 0 0 0 0 0 0 0 0 0.102648 0.295169 0 0 0 0 0 0 0.259818 0.322246 0 0 0 0 0 0 0.0814582 0.101046 0 0 0 0 0 0 0 
3.69121e-05 0 0 0 0 0 0 0 0.00994873 0 0 0 0 0 0 0 0.187803 0 0 0 0 0 0 0.00740491 0.120063 0 0 0 0 0 0 0.334227 0.000879429 0 0 0 0 0 0 0 0.079777 0 0 0 0 0 0 0 0.334227 0 0 0 0 0 0 0 0.334227 0 0 0 0 0 0 0 0.0174383 0 0 0 0 0 0 0 0.198399 0 0 0 0 0 0 0.0781101 0.334227 0 0 0 0 0 0 0.226512 0.334227 0 0 0 0 0 0 0 0.104321 0 0 0 0 0 0 0 0.334227 0 0 0 0 0 0 0 0.21944 0 0 0 0 0 0 0.334227 0.026166 0 0 0 0 0 0 0.0710189 
0 0 0 0 0 0 0.0136624 0.00726286 0 0 0 0 0 0.0782987 0.142665 0 0 0 0 0 0.0637283 0.268034 0 0 0 0 0 0 0.0561264 0.00796067 0 0 0 0 0 0 0 0 0 0.147472 0 0 0 0 0 0 0.28127 0.0648376 0 0 0 0 0.28127 0.223872 0 0 0 0 0 0 0.241694 0 0 0 0 0 0 0 0 0 0 0.28127 0 0 0 0 0 0 0.156794 0.28127 0 0 0 0.0400575 0.28127 0.0446202 0 0 0 0 0 0 0.28127 0 0 0 0 0 0 0 0 0 0.130413 0.196346 0 0 0 0 0 0 0.272466 0.0962393 0 0 0 0.025546 0.193063 0.0267828 0 0 0 0 0 0 0.28127 0 0 0 
0 0 0 0.212707 0 0 0 0 0 0 0 0.322004 0.101206 0 0 0 0 0 0 0 0.322004 0 0 0 0 0 0 0 0.0393041 0 0 0 0 0 0 0.0784404 0 0 0 0 0 0 0 0.322004 0.173441 0 0 0 0 0 0 0 0.322004 0 0 0 0 0 0 0 0.242889 0 0 0 0 0 0 0.00824979 0 0 0 0 0 0 0 0.184182 0 0 0 0 0 0 0 0.322004 0.238448 0 0 0 0 0 0 0 0.322004 0 0 0 0 0 0 0.000323977 0 0 0 0 0 0 0 0.0294567 0 0 0 0 0 0 0 0.148266 0.0907472 0 0 0 0 0 0 0 0.322004 0 0 0 
0 0 0 0.178347 0 0 0 0 0 0 0 0.226889 0.301407 0 0 0 0 0 0 0 0.301407 0 0 0 0 0 0 0 0.0347483 0 0 0 0 0 0 0.0665688 0 0 0 0 0 0 0 0.171139 0.301407 0 0 0 0 0 0 0 0.301407 0 0 0 0 0 0 0 0.243382 0 0 0 0 0 0 0.007001 0 0 0 0 0 0 0 0.130578 0.0262929 0 0 0 0 0 0 0.277428 0.301407 0 0 0 0 0 0 0 0.301407 0 0 0 0 0 0 0.000297658 0 0 0 0 0 0 0 0.0320149 0 0 0 0 0 0 0 0.301407 0 0 0 0 0 0 0 0 0.301407 0 0 0 
0 0 0 0 2.34915e-05 0 0 0 0 0 0 0 0.00388242 0 0 0 0 0 0 0 0.0750261 0 0 0 0 0 0 0 0.336642 0 0 0 0 0 0 0 0.000919392 0 0 0 0 0 0 0 0.079708 0 0 0 0 0 0 0 0.336642 0 0 0 0 0 0 0.192361 0.336642 0 0 0 0 0 0 0 0.0192602 0 0 0 0 0 0 0 0.2962 0 0 0 0 0 0 0 0.336642 0 0 0 0 0 0 0 0.336642 0 0 0 0 0 0 0 0.172003 0 0 0 0 0 0 0.0492418 0.336642 0 0 0 0 0 0 0.244117 0.285617 0 0 0 0 0 0 0.00412368 0.0986394 0 0 0 
0 0 0 0 0.0146646 0 0 0 0 0 0 0 0.211679 0 0 0 0 0 0 0 0.32935 0 0 0 0 0 0 0 0.32935 0 0 0 0 0 0 0 0.205915 0 0 0 0 0 0 0.0458798 0.32935 0 0 0 0 0 0 0.267771 0.305608 0 0 0 0 0 0 0.00559005 0.100545 0 0 0 0 0 0 0 0.32935 0 0 0 0 0 0 0 0.32935 0 0 0 0 0 0 0.00621563 0.190472 0 0 0 0 0 0 0.00465473 0.00304004 0 0 0 0 0 0 0.163104 0.288258 0 0 0 0 0 0 0.0570317 0.206822 0 0 0 0 0 0 0 0.0283449 0 0 0 0 0 0 0 0.00029253 0 0 0 
0 0 0 0 0.0203462 0 0 0 0 0 0 0 0.343849 0 0 0 0 0 0 0 0.343849 0 0 0 0 0 0 0 0.218028 0 0 0 0 0 0 0 0.191996 0 0 0 0 0 0 0 0.343849 0 0 0 0 0 0 0 0.343849 0 0 0 0 0 0 0 0.0723787 0 0 0 0 0 0 0.125489 0.335993 0 0 0 0 0 0 0 0.343849 0 0 0 0 0 0 0 0.181007 0 0 0 0 0 0 0 0.00661746 0 0 0 0 0 0 0.343849 0 0 0 0 0 0 0 0.174266 0.0901648 0 0 0 0 0 0 0.000848393 0.0247492 0 0 0 0 0 0 0 0.000269853 0 0 0 
0 0 0 0.307682 0 0 0 0 0 0 0 0.299941 0.295184 0 0 0 0 0 0 0 0.307682 0 0 0 0 0 0 0 0.0314463 0 0 0 0 0 0 0.105415 0 0 0 0 0 0 0 0.17169 0.307682 0 0 0 0 0 0 0 0.307682 0 0 0 0 0 0 0 0.20735 0 0 0 0 0 0 0.00838746 0 0 0 0 0 0 0 0.181659 0 0 0 0 0 0 0 0.307682 0 0 0 0 0 0 0 0 0.307682 0 0 0 0 0 0 0.000296456 0 0 0 0 0 0 0 0.0294529 0 0 0 0 0 0 0 0.201533 0.0301516 0 0 0 0 0 0 0.0138009 0.307682 0 0 0 
0 0 0 0 0.317097 0 0 0 0 0 0 0 0.160531 0 0 0 0 0 0 0 0.00703309 0 0 0 0 0 0 0 3.71423e-05 0 0 0 0 0 0 0.0177583 0.317097 0 0 0 0 0 0 0 0.317097 0 0 0 0 0 0 0 0.0817301 0 0 0 0 0 0 0 0.00165379 0 0 0 0 0 0 0.317097 0 0 0 0 0 0 0 0.317097 0.317097 0 0 0 0 0 0 0 0.317097 0 0 0 0 0 0 0 0.0400338 0 0 0 0 0 0 0.0974227 0 0 0 0 0 0 0 0.145807 0.317097 0 0 0 0 0 0 0 0.317097 0 0 0 0 0 0 0 0.172849 0 0 0 
0 0 0 0 0.0146446 0 0 0 0 0 0 0 0.210717 0 0 0 0 0 0 0 0.329439 0 0 0 0 0 0 0 0.329439 0 0 0 0 0 0 0 0.205644 0 0 0 0 0 0 0.0458183 0.329439 0 0 0 0 0 0 0.267415 0.305213 0 0 0 0 0 0 0.00558277 0.100478 0 0 0 0 0 0 0.0182108 0.329439 0 0 0 0 0 0 0 0.329439 0 0 0 0 0 0 0.0062074 0.190219 0 0 0 0 0 0 0.00464859 0.00303605 0 0 0 0 0 0 0.329439 0.0391544 0 0 0 0 0 0 0.058533 0.206588 0 0 0 0 0 0 0 0.0283063 0 0 0 0 0 0 0 0.000292142 0 0 0 
0 0 0 0.282985 0 0 0 0 0 0 0 0.288652 0.305695 0 0 0 0 0 0 0 0.312723 0 0 0 0 0 0 0 0.0318345 0 0 0 0 0 0 0.105741 0 0 0 0 0 0 0 0.173828 0.312723 0 0 0 0 0 0 0 0.312723 0 0 0 0 0 0 0 0.211111 0 0 0 0 0 0 0.00849111 0 0 0 0 0 0 0 0.183903 0 0 0 0 0 0 0 0.312723 0 0 0 0 0 0 0 0 0.312723 0 0 0 0 0 0 0.000300118 0 0 0 0 0 0 0 0.0298141 0 0 0 0 0 0 0 0.178367 0.0529228 0 0 0 0 0 0 0 0.312723 0 0 0 
0 0 0 0.308105 0 0 0 0 0 0 0 0.226273 0.308105 0 0 0 0 0 0 0 0.308105 0 0 0 0 0 0 0 0.119681 0 0 0 0 0 0 0.148806 0 0 0 0 0 0 0 0.238027 0.289663 0 0 0 0 0 0 0.0492804 0.308105 0 0 0 0 0 0 0 0.308105 0 0 0 0 0 0 0.00737657 0 0 0 0 0 0 0 0.0491038 0.0133605 0 0 0 0 0 0 0.308105 0 0 0 0 0 0 0 0.308105 0.300459 0 0 0 0 0 0 3.32196e-05 0 0 0 0 0 0 0 0.00173498 0 0 0 0 0 0 0 0.0416814 0 0 0 0 0 0 0 0.0808255 0.0604325 0 0 0 
0 0 0 2.26394e-05 0 0 0 0 0 0 0 0.000755102 0 0 0 0 0 0 0 0.0132915 0.00184863 0 0 0 0 0 0 0.0302227 0.0626546 0 0 0 0 0 0 0.00154216 0.00182355 0 0 0 0 0 0 0.0607255 0 0 0 0 0 0 0 0.0304554 0.280428 0 0 0 0 0 0 0.193837 0.338645 0 0 0 0 0 0 0.047463 0.0643181 0 0 0 0 0 0 0.130394 0.338645 0 0 0 0 0 0 0.14308 0.338645 0 0 0 0 0 0 0 0.338645 0 0 0 0 0 0 0.338645 0.114018 0 0 0 0 0 0 0 0.338645 0 0 0 0 0 0 0 0.338645 0 0 0 0 0 0 0 0.120503 0 0 0 
0 0 0 0.301961 0.133351 0 0 0 0 0 0 0.312372 0.312372 0 0 0 0 0 0 0 0.312372 0 0 0 0 0 0 0 0.127627 0 0 0 0 0 0 0.165671 0 0 0 0 0 0 0 0.312372 0.173125 0 0 0 0 0 0 0.102681 0.312372 0 0 0 0 0 0 0 0.312372 0 0 0 0 0 0 0.00820378 0 0 0 0 0 0 0 0.0735574 0 0 0 0 0 0 0 0.312372 0 0 0 0 0 0 0 0.129738 0.312372 0 0 0 0 0 0 3.79365e-05 0 0 0 0 0 0 0 0.00170019 0 0 0 0 0 0 0 0.0240529 0 0 0 0 0 0 0 0.0270339 0.0505513 0 0 0 
0 0 0 0.00476281 0.0119422 0 0 0 0 0 0 0.120309 0.0281319 0 0 0 0 0 0 0.0578948 0.343869 0 0 0 0 0 0 0 0.343869 0 0 0 0 0 0 0.159748 0.112898 0 0 0 0 0 0 0 0.343869 0 0 0 0 0 0 0.0472196 0.343869 0 0 0 0 0 0 0 0.343869 0 0 0 0 0 0 0.0410063 0.343869 0 0 0 0 0 0 0 0.343869 0 0 0 0 0 0 0 0.200311 0 0 0 0 0 0 0 0.0251439 0 0 0 0 0 0 0 0.257989 0 0 0 0 0 0 0 0.0628 0 0 0 0 0 0 0 0.00790175 0 0 0 0 0 0 7.29296e-05 0.000139068 0 0 0 
0 0 0 0.00451462 0.014183 0 0 0 0 0 0 0.132006 0.0319425 0 0 0 0 0 0 0.0767803 0.34568 0 0 0 0 0 0 0.0264522 0.34568 0 0 0 0 0 0 0.193246 0.124281 0 0 0 0 0 0 0 0.34568 0 0 0 0 0 0 0.0517672 0.34568 0 0 0 0 0 0 0 0.34568 0 0 0 0 0 0 0.34568 0.100956 0 0 0 0 0 0 0 0.34568 0 0 0 0 0 0 0 0.220423 0 0 0 0 0 0 0 0.0275206 0 0 0 0 0 0 0.0333163 0.139717 0 0 0 0 0 0 0.0141401 0.0486135 0 0 0 0 0 0 0 0.00867249 0 0 0 0 0 0 7.99952e-05 0.00015367 0 0 0 
0 0 0 0.00115045 0.013872 0 0 0 0 0 0 0.14911 0.00908283 0 0 0 0 0 0 0.123193 0.312433 0 0 0 0 0 0 0 0.312433 0 0 0 0 0 0 0.0173867 0.231567 0 0 0 0 0 0 0.0436628 0.312433 0 0 0 0 0 0 0.312433 0.312433 0 0 0 0 0 0 0 0.312433 0 0 0 0 0 0 0.230086 0.312433 0 0 0 0 0 0 0 0.312433 0 0 0 0 0 0 0.0347538 0.156212 0 0 0 0 0 0 0.00539045 0.0171333 0 0 0 0 0 0 0.0974702 0.160446 0 0 0 0 0 0 0.00210381 0.106469 0 0 0 0 0 0 0 0.0104644 0 0 0 0 0 0 0.000187824 3.12416e-05 0 0 0 
0 0 0 0.00127988 0.0182232 0 0 0 0 0 0 0.0580296 0.0946503 0 0 0 0 0 0 0.166534 0.229469 0 0 0 0 0 0 0 0.352325 0 0 0 0 0 0 0.0985455 0.212103 0 0 0 0 0 0 0 0.352325 0 0 0 0 0 0 0 0.352325 0 0 0 0 0 0 0 0.352325 0 0 0 0 0 0 0.176984 0.352325 0 0 0 0 0 0 0 0.352325 0 0 0 0 0 0 0 0.237693 0 0 0 0 0 0 0 0.0289093 0 0 0 0 0 0 0.0775502 0.0902377 0 0 0 0 0 0 0 0.0674758 0 0 0 0 0 0 0 0.00940257 0 0 0 0 0 0 1.34499e-05 0.000240903 0 0 0 
0 0 0 0.00514581 0.0124592 0 0 0 0 0 0 0.125348 0.0293125 0 0 0 0 0 0 0.0603181 0.348778 0 0 0 0 0 0 0 0.348778 0 0 0 0 0 0 0.185075 0.118058 0 0 0 0 0 0 0 0.348778 0 0 0 0 0 0 0.0491973 0.348778 0 0 0 0 0 0 0 0.348778 0 0 0 0 0 0 0.348778 0.0483795 0 0 0 0 0 0 0 0.348778 0 0 0 0 0 0 0 0.208697 0 0 0 0 0 0 0 0.0261984 0 0 0 0 0 0 0.170274 0 0 0 0 0 0 0 0.0317014 0.02875 0 0 0 0 0 0 0 0.00822284 0 0 0 0 0 0 7.59845e-05 0.000144893 0 0 0 
0 0 0 0.321225 0 0 0 0 0 0 0 0.321225 0.25379 0 0 0 0 0 0 0 0.321225 0 0 0 0 0 0 0 0.126784 0 0 0 0 0 0 0.167983 0 0 0 0 0 0 0 0.321225 0.171979 0 0 0 0 0 0 0.102002 0.321225 0 0 0 0 0 0 0 0.321225 0 0 0 0 0 0 0.008139 0 0 0 0 0 0 0 0.0730706 0 0 0 0 0 0 0 0.321225 0 0 0 0 0 0 0 0.128881 0.321225 0 0 0 0 0 0 3.76855e-05 0 0 0 0 0 0 0 0.00168895 0 0 0 0 0 0 0 0.0238939 0 0 0 0 0 0 0 0.0268529 0.0502152 0 0 0 
0.162723 0.00184455 0 0 0 0 0 0 0.0102092 0.0262472 0.14021 0 0 0 0 0 0 0 0.276967 0 0 0 0 0 0 0 0.23999 0 0 0 0 0 0.276967 0 0 0 0 0 0 0 0.230905 0.109357 0.0460236 0 0 0 0 0 0 0 0.276967 0 0 0 0 0 0 0 0.276967 0 0 0 0 0 0.193169 0 0 0 0 0 0 0.14003 0.276967 0.0253968 0 0 0 0 0 0 0 0.240385 0.276967 0 0 0 0 0 0 0 0.276967 0 0 0 0 0 0 0 0 0 0 0 0 0.119296 0.267636 0 0 0 0 0 0 0.0464824 0.0479996 0.276967 0 0 0 0 0 0 0 0.0486576 0.0796661 0 0 0 0 0 
0 0 0 0 0.19554 0 0 0 0 0 0 0 0.320607 0 0 0 0 0 0 0.179249 0.165033 0 0 0 0 0 0 0.0790436 0.221256 0 0 0 0 0 0 0 0.320607 0 0 0 0 0 0 0 0.320607 0 0 0 0 0 0 0.120092 0.320607 0 0 0 0 0 0 0.142329 0.320607 0 0 0 0 0 0 0 0.320607 0 0 0 0 0 0 0 0.320607 0 0 0 0 0 0 0 0.262629 0 0 0 0 0 0 0.0212807 0.138293 0 0 0 0 0 0 0 0.0428157 0 0 0 0 0 0 0 0.0464979 0 0 0 0 0 0 0 0.0192456 0 0 0 0 0 0 0 0.00863394 0 0 0 
0 0 0 0 0.0497581 0 0 0 0 0 0 0 0.0345572 0 0 0 0 0 0 0 0.0186616 0 0 0 0 0 0 0 0.0125569 0 0 0 0 0 0 0 0.308448 0 0 0 0 0 0 0.0655737 0.254795 0 0 0 0 0 0 0 0.284271 0 0 0 0 0 0 0 0.219306 0 0 0 0 0 0 0.145274 0.308448 0 0 0 0 0 0 0.308448 0.171729 0 0 0 0 0 0 0 0.308448 0 0 0 0 0 0 0 0.308448 0 0 0 0 0 0 0.131621 0.0485056 0 0 0 0 0 0 0.233266 0.0835147 0 0 0 0 0 0 0 0.308448 0 0 0 0 0 0 0.00757935 0.308448 0 0 0 
0 0 0 0.0474679 0.204547 0 0 0 0 0 0 0 0.282572 0 0 0 0 0 0 0.062888 0.201149 0 0 0 0 0 0 0.141125 0.00406077 0 0 0 0 0 0 0.0797651 0.282572 0 0 0 0 0 0 0.0899193 0.282572 0 0 0 0 0 0.0749715 0.282572 0.0327434 0 0 0 0 0 0.220146 0.121257 0 0 0 0 0 0.0191597 0.0189774 0.0844829 0.0122814 0 0 0 0 0.213682 0.0709256 0.0731662 0 0 0 0 0 0.282572 0.119722 0 0 0 0 0 0 0.282572 0.067073 0 0 0 0 0 0 0.226176 0 0 0 0 0 0 0 0.282572 0 0 0 0 0 0 0 0.282572 0 0 0 0 0 0 0 0.185547 0 0 0 0 0 0 
0 0.0755176 0.00478882 0.00119285 0 0 0 0 0 0 0.00567239 0.0499997 0.0720525 0 0 0 0 0 0 0 0.284449 0 0 0 0 0 0 0 0.210544 0 0 0 0 0.284449 0 0 0 0 0 0 0 0.141335 0.0723278 0.0797841 0 0 0 0 0 0 0 0.178471 0.284449 0 0 0 0 0 0 0 0.284449 0 0 0 0 0.284449 0 0 0 0 0 0 0 0.284449 0.04847 0 0 0 0 0 0 0 0.164368 0.284449 0 0 0 0 0 0 0 0.284449 0.0200601 0 0 0 0.00453877 0.107106 0 0 0 0 0 0 0 0.284449 0 0 0 0 0 0 0 0.111748 0.247946 0.0252351 0 0 0 0 0 0 0.0230955 0.184923 0 0 0 0 
0 0 0.277822 0 0 0 0 0 0 0 0.277822 0 0 0 0 0 0 0 0.277822 0 0 0 0 0 0 0 0.203019 0 0 0 0 0 0 0 0.277822 0 0 0 0 0 0 0.0150267 0.277822 0 0 0 0 0 0.0248165 0.135798 0.277822 0 0 0 0 0 0.0997127 0.196016 0.0508752 0 0 0 0 0 0.0353151 0.0071703 0.0300001 0 0 0 0 0 0.277822 0.023417 0.00603113 0 0 0 0 0 0.277822 0 0 0 0 0 0 0 0.277822 0 0 0 0 0 0 0 0.168131 0 0 0 0 0 0 0 0.277822 0 0 0 0 0 0 0 0.277822 0 0 0 0 0 0 0 0.0919785 0 0 0 0 0 0 0 
