0 0 0 0.0355767 0.15392 0 0 0 0 0 0 0 0.254498 0 0 0 0 0 0 0 0.294602 0 0 0 0 0 0 0 0.21141 0 0 0 0 0 0 0.311137 0.122024 0 0 0 0 0 0 0 0.311137 0 0 0 0 0 0 0.140142 0.311137 0 0 0 0 0 0 0.0373704 0.311137 0 0 0 0 0 0 0.130431 0.127133 0 0 0 0 0 0 0 0.307008 0.142468 0.026724 0 0 0 0.0392015 0.30367 0.0849805 0 0.00444165 0 0 0 0 0.258187 0.0480779 0 0 0 0 0 0 0.00116006 0.00443818 0.00813838 0.00370596 0.000242708 0 0 0 0 0 0.00599459 0.104579 0 0.00692231 0.00431852 0.0362714 0 0 0 0.00746441 0.081932 0 0.00377887 0.0911941 0.0983718 0 0 0 0 
0.00296039 0.00121677 0 0 0 0 0 0.160945 0.250217 0 0 0 0 0 0 0.194976 0.250217 0.033078 0 0.0813069 0 0 0 0 0 0.0128112 0 0.250217 0.250217 0 0 0 0 0 0.00101999 0.000270061 0.00518025 0.11017 0.00345632 0.0119044 0 0 0 0 0 0.0877816 0.0581607 0.250217 0.250217 0 0 0 0 0 0 0.250217 0.173997 0.0229125 0 0.067387 0 0 0 0.123152 0 0 0 0 0 0.250217 0 0 0 0 0 0 0.108434 0.250217 0 0 0 0 0 0 0 0.250217 0.245095 0.0387586 0.0183578 0 0 0 0 0 0.140436 0.250217 0.106895 0 0 0 0 0 0 0 0.125694 0 0 0 0.00673963 0.00676908 0 0 0.0335164 0.0910593 0 0 0 0.0239469 0.0213892 0 0.136597 0.124104 0 0 0 0 0 0.0194767 
0 0 0 0.0464759 0.163121 0 0 0 0 0.0180726 0.0298822 0.0204985 0.0997652 0.0306453 0 0 0.00480694 0.12426 0 0 0 0.00447826 0.0283497 0 0 0.107384 0 0 0 0.0134743 0 0 0 0 0.0359686 0.215869 0 0 0 0 0 0.0872256 0.319743 0.0976495 0 0 0 0 0 0.319743 0.0235402 0 0 0 0 0 0 0.319743 0 0 0 0 0 0 0 0.00268752 0.00212378 0.319743 0 0 0 0 0 0 0 0.319743 0.238557 0 0 0 0 0.0499347 0.0156875 0.0595038 0.220542 0 0 0 0 0.125616 0.00315676 0.00150046 0.00408246 0 0 0 0.0462143 0.003919 0.00463828 0.0532535 0 0 0 0 0 0 0 0.174265 0.269609 0 0 0 0 0 0 0 0.319743 0 0 0 0 0.000891135 0.00118739 0 0.126408 0 0 0 
0 0 0 0.195269 0.274651 0 0 0 0 0 0 0.0858071 0.284433 0 0 0 0 0 0 0 0.284433 0 0 0 0 0 0 0 0.284433 0 0 0 0 0.035545 0.0543614 0.0613382 0.00728698 0.00350406 0.00412859 0.00509299 0.0494084 0.199594 0.0838383 0.016116 0 0 0 0 0.284433 0.0158887 0 0 0 0 0 0.00734519 0.265061 0 0 0 0 0 0 0.00551796 0.0195196 0.027393 0.0548683 0 0 0 0 0.0922684 0 0 0.284433 0.066716 0 0 0 0 0.0255819 0.00996898 0.0303881 0.284433 0 0 0 0 0.0694303 0 0 0.0493976 0.00105098 0 0 0.00909683 0 0 0 0 0 0 0 0.248281 0.0189065 0.00566663 0.07277 0.0213538 0 0 0 0.0926749 0 0 0.0332029 0.284433 0 0 0 0 0 0 0 0.284433 0 0 0 0 
0 0 0 0 0 0 0 0.293653 0.12072 0 0 0 0 0 0 0.236784 0.261108 0 0 0 0 0 0 0 0.0674353 0.0015746 0.00312844 0.00929997 0 0 0 0 0 0 0 0 0 0 0 0.293653 0.0396667 0.293653 0.0409132 0 0 0 0 0.0223867 0.293653 0 0 0 0 0 0 0 0.25434 0 0 0 0 0 0 0 0 0 0 0.0233426 0 0 0.0315976 0.196523 0 0.0457524 0.183149 0.138208 0 0 0 0 0.293653 0 0 0 0 0 0 0 0.293653 0 0 0 0 0 0 0 0 0 0 0.0494473 0 0 0.0108033 0.118699 0 0 0.0778902 0.204253 0 0 0 0 0.0326413 0.0110812 0.0105001 0 0 0 0 0.142842 0.293653 0 0 0 0 0 0 0.0585886 
0 0 0 0.275563 0.00271331 0 0.00595464 0 0 0 0 0.301516 0 0 0 0 0 0.0117845 0.0100757 0.188071 0 0 0 0 0.033705 0 0.000614838 0 0 0 0.0024834 0.0119074 0.027853 0.00545677 0 0.0270071 0.00157407 0.00397069 0.0411473 0.0176293 0 0.0170262 0.0439365 0.301516 0 0 0 0 0 0 0 0.301516 0 0 0 0 0 0 0 0 0.301516 0.016197 0 0 0.301516 0 0 0 0 0 0 0 0.301516 0.0100908 0.012233 0 0 0 0 0 0.162696 0.0307913 0.0225862 0.142623 0 0 0 0 0 0 0 0.0178205 0.278969 0.0125155 0.00524481 0.00776643 0.132993 0 0 0 0 0 0.00453551 0.0381968 0.0260953 0 0 0 0 0 0 0.301516 0.072832 0 0 0 0 0 0 0.284586 0 0 0 0 0 0.00439902 0.0940273 0.0528675 
0 0 0 0 0.0497041 0.199941 0 0 0 0 0.0304266 0.0124739 0.0531895 0.203761 0 0 0 0.0990518 0 0 0.035132 0.13933 0 0 0 0.0790194 0 0 0.00464812 0.166214 0 0 0.00288323 0 0.0424674 0.0774607 0.00287913 0 0.0037625 0.00405101 0 0.0744414 0.336982 0.0795698 0 0 0 0 0 0.336982 0.042951 0 0 0 0 0 0 0.336982 0 0 0 0 0 0 0 0 0 0.218456 0.0167436 0.00716879 0 0 0 0 0 0.336982 0.143796 0 0 0 0 0.0113249 0.0275357 0.078864 0.255083 0 0 0 0 0.0451518 0.00642336 0 0.0222809 0 0 0 0.00601956 0.00218078 0 0.0383207 0.0192644 0.00287196 0 0 0 0 0 0.129394 0.270652 0 0 0 0 0 0 0 0.336982 0 0 0 0 0.00707147 0.00192395 0.00448111 0.151596 0 0 0 
0 0 0 0 0.00386161 0.165717 0 0 0 0.0195278 0.00261724 0.00198946 0 0.164814 0 0 0 0.047048 0 0 0 0.1594 0 0 0 0.0324675 0 0 0 0.130914 0 0 0 0 0.0841704 0.0355383 0.00278978 0.00346228 0 0 0 0.310409 0.180779 0 0 0 0 0 0 0.310409 0 0 0 0 0 0 0 0.310409 0 0 0 0 0 0 0.00775447 0.00630289 0.0171094 0.237278 0 0 0 0 0 0 0.122445 0.310409 0 0 0 0 0 0.201434 0.0494847 0.0757427 0.113184 0 0 0 0.00265813 0.215935 0 0.00120234 0.00566809 0 0 0 0.177676 0.010903 0.0159804 0.0196088 0 0 0 0 0 0.00585524 0.0126043 0.304894 0.0794644 0 0 0 0 0 0 0.0255367 0.310409 0 0 0 0 0 0.000429658 0 0.252902 0 0 0 
0 0 0 0 0 0 0 0.284536 0.0518164 0.107541 0 0 0 0 0 0.0656201 0.284536 0 0 0 0 0 0 0 0.0928182 0.00327606 0.00184507 0.0225543 0 0 0 0 0 0.00531283 0.0171991 0 0 0 0 0.284536 0 0.268114 0.284536 0 0 0 0 0 0.284536 0 0 0 0 0 0 0 0.284536 0 0 0 0 0 0 0 0 0 0.0387318 0.0628944 0 0 0.0199664 0.135374 0 0.0196714 0.284536 0.0552483 0 0 0 0 0.191937 0 0 0 0 0 0 0.204745 0.284536 0 0 0 0 0 0 0.0295249 0 0 0 0.141665 0 0 0.00728287 0.0491715 0 0 0.012498 0.225812 0 0 0 0 0.00339037 0.000577223 0.00301221 0 0 0 0 0.102522 0.0955614 0 0 0 0 0 0 0.227613 
0 0 0 0.00400512 0.270216 0.0789856 0 0 0 0 0 0 0.18586 0.259357 0 0 0 0 0 0.270216 0.0366343 0 0 0 0 0 0 0.0637687 0 0 0 0 0.035258 0.0339543 0.0130024 0.0248157 0.103945 0 0 0 0 0 0 0.270216 0.240993 0 0 0 0 0 0 0.270216 0 0 0 0 0 0 0 0.0387585 0.00595219 0 0 0 0.226786 0.0804684 0.0186079 0.0348483 0 0 0 0 0 0 0 0.270216 0.270216 0 0 0 0 0 0 0.0945405 0.270216 0 0 0 0 0 0 0.0213611 0.0130647 0 0 0 0.270216 0.0326706 0 0 0 0 0 0 0 0.0149573 0.0126585 0.0945728 0.270216 0 0 0 0 0 0 0 0.270216 0 0 0 0 0 0 0 0.0576801 0.0013164 0 0 
0 0 0 0 0 0 0.110267 0.0824073 0 0 0 0 0 0 0.0444135 0.274901 0.0506768 0 0.119005 0 0 0 0 0.224605 0 0 0.155663 0.274901 0 0 0 0 0 0 0 0 0.0379389 0.00736339 0.0461261 0 0 0 0 0 0.00687382 0.0070404 0.11858 0.174477 0 0 0 0 0 0 0.274901 0.274901 0.0122682 0 0.0882705 0.0271806 0 0 0.11724 0.0204954 0 0 0 0 0.274901 0 0 0 0 0 0 0 0.274901 0.0183069 0 0 0 0 0 0 0.274901 0.274901 0.0703394 0 0 0 0 0 0 0.231545 0.0665105 0 0.0137073 0 0 0.0120896 0.173156 0 0 0 0.0142768 0 0 0.00459528 0.254212 0 0 0 0.00376292 0 0 0 0.224519 0.0157474 0.00342512 0.0141256 0.0192227 0 0 0 0 0.0461249 0.00241688 0.0128385 
0 0 0 0 0 0 0.260398 0 0 0 0 0 0 0 0.277386 0.0643355 0 0 0 0 0 0 0.032558 0.217822 0.00254913 0 0.0140686 0.00393828 0 6.68758e-05 0 0.0184739 0.00146726 0.0010261 0 0 0 0.00157546 0.0798811 0.00230151 0 0 0 0 0 0 0.277386 0 0 0 0 0 0 0 0.277386 0.101958 0 0 0 0 0.00127928 0 0.194048 0.0182802 0 0 0 0.273973 0.0270094 0 0 0 0 0 0 0 0.277386 0.048783 0.022244 0 0 0 0 0 0.212123 0.277386 0.168199 0 0 0 0 0 0 0.218543 0.0797008 0 0 0 0 0.277386 0.00584302 0 0 0 0 0 0 0.00695044 0.277386 0 0 0 0 0 0 0 0.277386 0 0 0 0 0 0 0 0.0135767 0.0476491 0.00570881 0.00544162 
0.00215034 0.00022412 0 0.000223284 0.0181888 0 0.00012196 0 0.236533 0 0 0.00199272 0.0151087 0 0 0.0291645 0.351273 0.0246443 0 0 0 0 0 0 0.0165971 0.0181967 0.0374143 0.263794 0.207617 0 0 0 0.00976769 0.00192902 0.000772512 0.0157131 0 0 0 0 0.00813859 0 0 0.0477841 0.0119542 0 0.00208619 0.0541209 0.351273 0 0 0 0 0 0 0.151113 0.221598 0 0.00765593 0 0.256477 0 0 0.040732 0 0 0 0.00295879 0.00977984 0.00276307 0.00853686 0.00190761 0.00604525 0 0 0.0459989 0.023205 0.00642266 0.00947857 0.0176205 0.0484948 0 0 0 0 0 0 0.351273 0.351273 0 0 0 0.00881986 0 0 0.157377 0.00300267 0.0117933 0.00196729 0.00191402 0.00256676 0 0 0.00118236 0 0 0 0 0.0136033 0.010733 0.0643753 0.00154696 0.148152 0.0448625 0.00857038 0.00531535 0 0.00470681 0.00648301 0.0767967 0.351273 0 0 0 0 0 0 0 
0.0111763 0 0 0 0.0140433 0 0.00327292 0.0578736 0.123379 0 0 0.00522236 0.0074578 0 0 0.0020734 0.145578 0 0 0.00748029 0 0 0 0 0.0635797 0 0 0.000957622 0.00238822 0 0 0.0248392 0.34515 0 0 0 0 0 0 0 0.34515 0 0 0 0 0 0 0 0.34515 0 0 0 0 0 0 0.124078 0.240593 0 0 0 0 0 0 0.34515 0.310076 0 0 0 0 0 0 0.0815088 0.34515 0.0780936 0.0220691 0 0 0 0 0 0.171983 0.00723419 0 0.0126759 0.0193214 0.00766218 0.0181493 0.176726 0 0 0 0 0 0.0142273 0.0195875 0.331028 0.00393042 0 0 0 0 0 0.0323711 0.0154157 0.0108095 0.00927097 0.0189159 0.0149152 0 0 0 0.005639 0.0102451 0 0.00517402 0.0240796 0.0383628 0 0 0 0.00136241 0 0 0 0 0.0183713 0.00798103 0.0119105 
0 0 0 0.228239 0.184216 0 0 0 0 0 0 0 0.145887 0 0.0165935 0 0 0 0 0 0 0 0 0.255002 0.00104493 0 0.0448564 0 0 0 0 0.112357 0 0 0.0077099 0.274269 0.0343075 0 0 0 0 0 0 0 0.274269 0.0306611 0 0 0 0 0 0 0 0 0.110479 0.253879 0 0 0.107021 0 0 0 0 0.0671462 0.106523 0.0103747 0 0.204187 0 0 0 0 0 0 0 0.0688376 0.274269 0 0 0 0 0 0 0 0.0309379 0.229005 0.234524 0 0 0 0.0396252 0.131596 0.0163008 0.00707882 0.013895 0 0.213131 0 0.00630039 0 0 0 0 0.0717708 0.0194176 0.00259135 0 0.0886152 0.274269 0 0 0 0 0 0 0.0226238 0.274269 0.146039 0 0 0 0 0 0.274269 0.0153186 0 0 0 
0 0 0 0 0 0 0 0.134403 0 0 0 0 0 0 0.149802 0.0985015 0 0 0 0 0.067543 0.160955 0.00413252 0 0.0209592 0 0 0 0.0335438 0 0 0.000136737 0 0 0 0 0 0 0 0.265881 0 0 0 0 0 0 0.206221 0.280209 0 0 0 0 0.280209 0.165924 0.0243701 0 0 0 0 0 0.280209 0 0.00154445 0.00182335 0 0 0 0 0 0 0 0.280209 0.119991 0 0 0 0 0 0 0.280209 0.137386 0.0126899 0.0219158 0.154135 0.0844076 0 0 0.0230244 0 0 0 0 0.280209 0 0 0 0 0 0 0 0 0 0 0.159593 0.175069 0 0 0 0 0 0 0.183043 0.280209 0.0185861 0.00908224 0.0225536 0 0 0 0 0 0 0.00645811 0.0978324 0.247537 0 0 0 
0 0.00721259 0 0.0733424 0.301661 0 0 0 0 0 0 0 0.301661 0.0161275 0 0 0 0 0 0 0.0273065 0.0135513 0.00564426 0.0318645 0.00418614 0 0 0 0 0 0 0.018079 0.202518 0.0112639 0.0212732 0.204203 0.0759184 0 0 0 0 0 0 0.301661 0.189505 0 0 0 0 0 0 0.0626305 0.0314312 0.002647 0.0040353 0.0139702 0.00868761 0 0 0 0 0 0 0.013065 0.301661 0.0337077 0.014677 0.0704471 0 0 0 0 0 0 0 0.231098 0.301661 0 0 0 0 0 0 0 0.270318 0.0153485 0.00368995 0 0 0 0 0 0 0.00116144 0.0137692 0.000622755 0.301661 0 0 0 0 0 0 0 0.0205357 0.0286966 0.0210128 0.301661 0.0949493 0 0 0 0 0 0 0.0684444 0.275482 0 0 0 0 0.00904467 0.00110228 0.00185248 0.0073473 0 0 0 
0 0 0 0 0 0 0 0.260783 0.24433 0 0 0 0 0 0 0.223345 0.257459 0.024311 0.0201215 0.122039 0 0 0 0 0 0 0 0.243978 0.260783 0 0 0 0.00511529 0 0 0 0 0 0 0.260783 0.211131 0.104779 0.0285218 0 0 0 0 0 0.260783 0 0 0 0 0 0 0 0.061329 0.0269139 0.0108063 0.260783 0 0 0 0 0.00445767 0.00195006 0.00275856 0.00406859 0 0 0 0.149199 0.0243178 0.0119843 0.156315 0.0100674 0 0 0 0 0.144897 0 0 0 0 0 0 0.260783 0.260783 0.022488 0.011 0.0785494 0 0 0 0 0 0 0.0019068 0.0304844 0 0.000736499 0.00729093 0.0737125 0 0 0.059697 0.0854249 0 0 0 0 0.0341659 0.00650484 0 0 0 0 0 0.168272 0.251789 0 0 0 0 0 0 0.16153 
0 0 0 0 0 0.299165 0 0 0 0.299165 0.0109689 0 0 0.0119631 0 0 0 0.299165 0 0 0 0 0 0 0.0013578 0.0403068 0 0 0 0 0.00159084 0.000409854 0 0.0106243 0.0133155 0 0.00459227 0.299165 0 0 0 0.299165 0.123578 0 0 0 0 0 0.0127508 0.289111 0.0684734 0.00571975 0.00659119 0 0 0.00316467 0.00444778 0.000747172 0 0.004313 0.0136636 0 0.00445353 0.00598245 0.00804502 0.037863 0 0 0 0.0640584 0.0104076 0.00256613 0 0.0206024 0.299165 0 0 0 0 0 0 0 0.124293 0.299165 0.0355711 0 0 0 0 0 0 0 0.299165 0 0 0 0 0.00265479 0 0 0 0 0 0.166179 0.00499999 0.00515847 0.0630327 0.044172 0 0 0 0.0249132 0 0.002692 0.00156978 0.284263 0.008927 0 0 0 0.00236834 0 0 0 0.199375 0 0 0.000318925 
0 0 0 0.0419175 0.30398 0 0 0 0 0 0 0 0.233845 0.000505877 0 0 0 0 0 0 0 0 0.00201789 0.138185 0 0 0 0 0 0 0 0.166591 0.0169965 0.012922 0.017527 0.243548 0.165939 0 0 0 0 0 0 0 0.30398 0 0 0 0 0 0 0 0.0222099 0.00278833 0.031582 0.116875 0 0 0 0 0 0 0 0.188754 0.233543 0.0248134 0.0152303 0.123136 0 0 0 0 0 0 0 0.0221574 0.30398 0 0 0 0 0 0 0 0.113616 0.224865 0.0985541 0 0 0 0 0 0 0.0217014 0.0336453 0.163816 0.30398 0 0 0 0 0 0 0 0.0611668 0.00325765 0 0.0123508 0.30398 0 0 0 0 0 0 0 0.30398 0.114396 0 0 0 0 0 0 0.0898417 0.0208804 0.0210207 0.0726296 
0 0 0 0.00369655 0 0 0.0768763 0 0.00206042 0 0 0.000255525 0 0.000183742 0.056982 0.0197086 0.264349 0 0 0 0 0 0 0.0152761 0.264349 0 0 0 0 0 0 0.011613 0 0 0 0 0 0 0.264349 0 0 0 0 0 0 0 0.232167 0.0450689 0.264349 0 0 0 0 0 0 0.0430758 0.264349 0 0 0 0 0 0 0 0 0 0 0 0 0.176796 0.264349 0 0 0 0 0 0 0.264349 0.15832 0 0.264349 0 0 0 0 0 0 0.227617 0.235699 0 0 0 0 0 0 0 0 0 0 0 0.235358 0.0214281 0 0 0.00890781 0 0 0 0.264349 0 0.0111138 0.0120836 0.263112 0 0 0 0 0 0 0.0381541 0.113072 0 0 0 0 0 0 0 
0.139187 0 0 0 0 0 0 0 0.137008 0 0 0 0 0 0 0.0294779 0.0381801 0 0 0 0 0 0 0.117159 0.0193247 0.133674 0 0 0 0 0 0.0055941 0.316779 0 0 0 0 0 0 0 0.316779 0 0 0 0 0 0 0.243802 0 0 0 0 0 0 0 0.316779 0.0744366 0.23487 0 0 0 0 0 0.12495 0.225642 0 0 0 0 0 0 0.0189637 0.0841269 0 0 0 0 0 0.0438582 0.213975 0 0 0 0 0 0.128234 0.316779 0.0960714 0.0259715 0.200883 0 0 0 0 0.0746506 0.0681882 0.0019061 0 0 0 0 0 0.00115323 0.00935833 0 0 0 0 0 0.146597 0.0242466 0.00218231 0 0 0 0 0 0.316779 0 0 0 0.290891 0 0 0 0.0157749 0 0 
0.281334 0 0 0 0 0 0 0 0.156499 0.0165891 0.00951979 0.102034 0.0313293 0 0 0 0 0 0 0.281334 0.100566 0 0 0 0 0 0 0 0 0 0.069484 0.205338 0.279153 0 0 0 0 0 0 0.0652186 0.281334 0.00678954 0 0.0123945 0 0 0 0 0.00984019 0 0 0.0650572 0.281334 0 0 0 0 0 0 0 0 0.202174 0.281334 0 0.0279744 0 0 0 0 0 0 0.143588 0.281334 0 0 0 0 0 0 0 0.275463 0.113434 0.00775612 0 0.0223238 0 0 0 0.0475126 0.062566 0.00415177 0 0 0.0250348 0.0259963 0.0117906 0.0412217 0.000730229 0 0 0 0 0 0 0.281334 0 0 0 0 0 0 0 0.281334 0.0555972 0 0 0 0 0 0.0183638 0.0278211 0.01731 0 0 0 0 0.0177646 0.144974 
0 0 0 0 0.124708 0.00694129 0 0 0 0 0 0 0.30732 0.207721 0 0 0 0 0 0 0 0.30732 0.0818748 0 0 0 0 0.0150307 0.0702918 0.0730483 0.0701257 0 0 0 0 0 0.0159345 0.00712814 0.00376182 0.00225266 0 0 0 0 0.0480316 0.284243 0 0 0 0 0 0 0.30732 0.30732 0 0 0 0 0 0.146677 0.297167 0 0 0 0 0 0 0 0 0 0.000956076 0.0240607 0 0 0 0 0.107721 0.0121866 0.00886502 0.0160606 0 0 0 0 0.30732 0 0 0 0 0 0 0.0558841 0.253655 0 0.00394708 0.0190607 0 0 0 0 0 0 0 0.0510047 0 0 0 0 0.186185 0.00967569 0.00318506 0.0117261 0 0 0 0.142708 0.30732 0 0 0 0.0601031 0.00115176 0 0.130699 0 0 0 0.0111374 
0.279308 0 0 0 0 0 0 0.0586757 0.137031 0 0.00774039 0.0613675 0.0947852 0 0 0 0 0 0 0 0.279308 0.0460244 0 0 0 0 0 0.0429483 0.104398 0.0201068 0 0 0.0911595 0 0 0 0 0 0 0.221385 0.279308 0 0 0 0.010833 0 0 0.00689523 0.0154379 0 0.000296405 0.199183 0.279308 0 0 0 0 0 0 0.279308 0.0267334 0 0 0 0 0 0 0 0 0 0 0.169073 0.279308 0 0 0 0 0 0 0.09089 0.144615 0.117886 0.19649 0.132834 0 0 0 0 0 0 0 0.279308 0.00730843 0 0 0 0.0124308 0.00137614 0.000523995 0 0 0 0 0.0138386 0.279308 0 0 0 0 0 0 0 0.180351 0.0741662 0.0332559 0 0 0 0.0112094 0.0778146 0 0 0 0.0596422 0.223869 0.0136224 0 0 
8.80283e-05 0.00562888 0.00602129 0.00120432 0.000960529 0.000508504 0 0 0.0208531 0.0169116 0 0 0 0 0 0 0.0191626 0 0 0 0 0.0357066 0.00544883 0.00385765 0 0 0 0 0 0.327417 0 0 0.000405726 0.0261113 0.00571443 0.000408063 0 0 0 0.000699909 0.00675565 0.0502613 0.0125119 0 0.00683115 0 0 0.000877925 0 0 0 0 0 0.327417 0.00320373 0.00261394 0 0 0 0 0 0.327417 0 0 0 0 0 0.125871 0.129754 0 0 0 0 0 0 0.103752 0.327417 0 0 0 0 0 0 0 0.327417 0.0800434 0 0 0 0 0 0.0089683 0.26483 0.105486 0 0 0 0 0 0 0.327417 0 0 0 0 0 0 0 0.327417 0 0 0 0 0 0 0.0221745 0.327417 0 0 0 0.00089647 0 0.0425764 0.0236519 0.048368 0 0 0 
0 0 0.00295528 0 0 0 0.314795 0 0 0 0 0 0 0 0.321572 0 0 0 0 0 0 0.0466458 0.269799 0 0 0 0 0 0 0.0115798 0.0351699 0.0108317 0 0 0 0 0 0 0.321572 0 0 0 0 0 0 0.0140707 0.321572 0.0113791 0 0 0 0 0 0.321572 0.044242 0 0 0 0 0 0.0999424 0.184659 0 0 0 0.00834554 0.00669922 0 0 0 0.0394547 0.00108906 0.00295416 0 0 0 0.0208647 0.00954589 0 0.0452137 0 0 0 0 0.321572 0 0 0 0 0 0 0 0.321572 0 0 0 0.0194126 0.0106519 0 0 0 0 0 0.00203335 0.00684737 0.00219231 0.00378505 0.106417 0.015288 0 0 0 0 0 0 0.200517 0.276198 0 0 0 0 0 0.00126609 0.030396 0.154367 0 0 0 
0.114423 0.00490233 0.000894188 0.0395609 0.000412204 0 0 0.00470739 0.240944 0.00676439 0 0.052269 0 0 0 0 0.231308 0 0 0.026105 0 0 0 0.0364839 0.160735 0 0 0 0.00949681 0 0 0.0574733 0.357288 0 0 0 0 0 0 0 0.357288 0 0 0 0 0 0 0 0.357288 0 0 0 0 0 0 0.357288 0.357288 0 0 0 0 0 0 0.0787754 0.357288 0 0 0 0 0 0 0 0.226925 0.0341921 0.0134647 0.0212788 0 0 0 0 0.0269157 0 0.00426391 0.0205548 0.0750088 0.0143519 0 0.0600286 0.0165082 0 0 0.00711195 0.0319572 0.00960428 0 0.0291097 0.00219655 0.00152811 0.000518048 0.000643835 0.0009317 0.000265231 0 0.000172268 0 0 0 0.00627711 0.00141056 0.00147974 0.0143605 0.00157362 0.00986866 0 0.000485865 0.00122656 0.0233328 0 0.000945646 0.00220084 0.0220673 0.00109743 0.000596087 0 0.00129859 0 0 0.000770653 
0 0 0 0 0.0619332 0.070788 0 0 0 0 0 0 0 0.111237 0.0362723 0.121602 0 0 0 0 0 0 0.0527132 0.337442 0.209833 0.038702 0 0 0 0 0 0.0771172 0.293991 0 0 0 0 0 0.0146503 0.137107 0.337442 0 0 0 0 0 0 0 0.0367509 0 0 0 0 0 0 0.337442 0.337442 0 0 0 0 0 0 0.186184 0.337442 0 0 0 0 0 0 0 0.337442 0 0 0 0 0 0 0 0.120831 0 0 0 0 0 0 0.141606 0.170257 0 0 0 0 0 0 0.024477 0.0653016 0 0 0 0 0 0 0.00279108 0.0776677 0 0 0 0 0 0 0 0.0805869 0 0 0 0 0 0 0 0.0521843 0 0 0 0 0 0 0 
0 0 0 0 0 0.203619 0.0463587 0 0 0.0166496 0.00431305 0 0 0.016854 0.0826911 0.0152272 0 0.227271 0.0235567 0 0 0 0 0 0.00132107 0.045955 0.00997135 0 0.00157712 0.00169436 0.00222957 0.00400262 0 0 0 0 0 0.0277986 0.126743 0.0875255 0 0.0026899 0 0 0.00203928 0.00511779 0.288783 0 0 0.0302383 0.297186 0 0 0 0 0 0 0 0.0353167 0.0421755 0.0456626 0.00223908 0 0 0.0392666 0 0 0 0 0 0 0.297186 0 0 0 0 0 0 0.136582 0.297186 0.297186 0.0722952 0 0 0 0 0 0 0.297186 0.012382 0 0 0 0 0 0.00743979 0.156708 0 0 0 0 0 0 0.133542 0.0758439 0 0 0 0 0 0 0.297186 0.297186 0 0 0 0 0 0 0 0.297186 0 0 0 0 0 0 0 
0.0309124 0.0481767 0 0 0 0 0 0 0 0 0 0.0354468 0.0749857 0 0 0 0 0 0 0 0.349032 0 0 0 0 0 0 0.0214544 0.349032 0 0 0 0.0501662 0.0726965 0 0 0 0 0 0 0 0 0.029431 0.0774735 0.108639 0 0 0 0 0 0 0 0.349032 0 0 0 0.0419771 0 0 0.0150413 0.349032 0 0 0 0.00457405 0.0210751 0.0112305 0.00517459 0.00427254 0.0196286 0 0.00171377 0 0 0.0566339 0.249594 0 0 0 0 0 0 0 0.0372065 0.349032 0 0 0 0.144289 0 0.00210738 0.0489227 0.170108 0 0 0 0 0 0 0 0.0124591 0.0970596 0 0 0 0 0 0.013089 0.272814 0.0202432 0 0 0 0 0 0 0.349032 0 0 0 0.123072 0 0 0.0101146 0.0670362 0.0301352 0.0312531 0.0608643 
0 0.00258973 0.00102383 0.00116874 0.00244032 0.025394 0 0 0 0 0 0 0 0.163936 0.0905491 0.0169679 0 0 0 0 0 0.0147991 0.305174 0.0236386 0 0.0471596 0.0459878 0 0.00167014 0.0169459 0.0510529 0 0.0922963 0 0 0.000306485 0.000653969 0.000876641 0.00288277 0.0408274 0.179786 0 0 0 0 0 0.00581822 0.305174 0 0 0 0 0 0 0.305174 0.305174 0.103585 0 0 0 0 0 0.078406 0.305174 0.273023 0 0 0 0 0 0 0.147962 0.305174 0 0 0 0 0 0 0.0345348 0 0 0 0 0 0 0 0.305174 0 0 0 0 0 0 0 0.305174 0.136423 0 0 0 0 0 0 0.0233719 0.146861 0 0 0 0 0 0 0.00979844 0.0546093 0 0 0 0 0 0 0.0602207 0.016271 0 0 0 0 0 0 0.0785267 
0 0 0 0 0.302809 0 0 0 0 0 0 0 0.316461 0 0 0 0 0 0 0.0945339 0.316461 0 0 0 0 0 0 0.16213 0.0895331 0 0 0 0 0 0 0 0.316461 0 0 0 0 0 0 0 0.316461 0 0 0 0 0 0 0.316461 0.122617 0 0 0 0 0 0 0.316461 0 0 0 0 0 0 0 0 0.0547005 0.0544208 0.0541297 0 0 0 0 0 0.102952 0.0546517 0.0913533 0.00827567 0.00242821 0 0.0197926 0.252242 0.008782 0.00311289 0 0.00763789 0 0 0.0149783 0.316461 0 0 0 0 0 0 0 0 0 0 0.0605379 0 0 0 0 0 0 0 0.0378535 0.112335 0.00992666 0 0.00477499 0 0 0 0 0.16804 0.0064491 0 0.0767918 0.0404148 0 0 0 0.00857883 
0 0.00221869 0 0 0 0 0 0.127554 0 0.00251195 0.0053383 0.122469 0 0 0.00342365 0.0112463 0 0 0 0.298957 0 0 0 0 0 0 0 0.15869 0 0 0 0 0 0 0 0 0 0 0.064143 0.0811991 0 0 0 0.00951012 0.00254959 0.00365119 0.0790994 0.0984303 0.0128384 0.0117866 0.0404229 0.209971 0 0 0 0 0 0 0 0.298957 0 0 0 0 0.298957 0 0 0 0 0 0 0.0817332 0.298957 0 0 0 0 0 0 0.203499 0.298957 0.0216026 0 0 0 0 0 0 0.0380181 0.00495095 0.0118998 0.037087 0.00587762 0.00232117 0 0.0655152 0.298957 0 0 0 0 0 0 0 0.298957 0 0 0 0 0 0 0.0543639 0.0858541 0 0 0 0 0 0 0.298957 0 0 0 0 0 0 0 0.298957 
0 0 0 0.311106 0 0 0 0 0 0 0 0.311106 0 0 0 0 0 0 0 0 0.311106 0 0 0 0 0 0 0 0.311106 0 0 0 0.0296747 0.00925473 0.0249719 0.272935 0 0 0 0 0 0 0 0.311106 0.0453271 0 0 0 0 0 0 0.0623035 0.311106 0 0 0 0 0 0 0.074359 0.311106 0 0 0 0.0317174 0 0 0 0 0 0 0.186944 0 0 0 0 0.0334842 0.0148738 0.128417 0.0324421 0 0.00434892 0.0566839 0.139434 0.0308865 0.00347195 0 0.00546215 0 0.00889725 0.161432 0.108131 0 0 0 0 0 0 0 0 0 0 0.101662 0.00864983 0 0 0 0 0 0 0.179106 0.0492754 0.0251806 0.0298127 0.0233318 0 0 0 0 0.0752544 0 0 0.256813 0 0 0 0 0 
0 0 0 0 0.133596 0.102545 0 0 0 0 0 0 0.318358 0 0 0 0 0 0 0 0.318358 0 0 0 0 0 0 0 0.318358 0 0 0 0 0 0 0 0 0.318358 0 0 0 0 0 0 0.318358 0.160343 0 0 0 0 0 0.0738174 0.318358 0 0 0 0 0 0 0.0754673 0.318358 0 0 0 0.0904539 0.0192926 0 0 0 0.00438091 0.00760106 0 0.120622 0.0427364 0 0.00760108 0.0013034 0 0.0102929 0 0 0.0934778 0.0888888 0.183999 0 0 0 0 0 0 0.0162148 0.318358 0.0264688 0 0 0 0.0856152 0.00668399 0 0 0 0 0 0 0.108843 0.0207087 0 0 0 0 0 0 0 0.149075 0 0 0 0 0 0 0 0.0187263 0.0412906 0.0583835 0 0 0 0 
0.13882 0 0 0 0 0 0 0.0292093 0.263623 0 0 0 0 0 0 0 0.263623 0 0 0 0 0 0 0 0.0595772 0.00499431 0.0012677 0.00948836 0.00614124 0 0 0 0 0 0 0 0 0.0360035 0.0136983 0.0543001 0.129881 0 0 0 0 0 0.0135563 0.224082 0.263623 0 0 0 0 0 0 0.256177 0.163274 0 0 0 0 0 0 0.077072 0 0 0 0 0 0.263623 0 0 0 0 0 0 0 0.263623 0.0845366 0 0 0 0 0 0 0.0344971 0.263623 0.225727 0 0 0 0 0 0 0.103802 0.256379 0 0 0 0 0 0.263623 0 0 0 0 0 0 0 0.263623 0 0 0 0 0 0 0 0.263623 0.0969697 0 0.00237368 0 0 0 0 0 0.188379 0.00935457 
0 0 0 0.0114991 0.163086 0 0 0 0 0 0 0 0.266993 0 0 0 0 0 0 0 0.266993 0 0 0 0 0 0 0 0.266993 0 0 0 0 0 0 0 0.0408796 0.105106 0 0 0 0 0 0.0112749 0.266993 0.0186905 0 0 0 0 0 0.126186 0.266993 0 0 0 0 0 0 0.123612 0.266993 0 0 0 0.203426 0.0302901 0 0 0 0 0 0 0.141512 0.156741 0.00899301 0 0 0 0 0 0 0.266993 0.110351 0.0885556 0 0 0 0 0 0.020182 0.125206 0.266993 0 0 0 0 0.240438 0 0 0 0 0 0 0 0.208895 0.0890493 0 0 0 0 0 0 0 0.266993 0 0 0 0 0 0 0 0.232234 0.0303141 0 0 0 0 0 
0 0 0 0 0 0 0.0577425 0.076015 0 0 0 0 0 0.149615 0.13657 0 0 0 0 0 0.281295 0 0 0 0 0 0 0 0.19821 0 0 0 0 0 0 0 0 0 0.0181088 0.281295 0 0 0 0 0 0.102215 0.239965 0.0912103 0 0 0 0 0.281295 0 0 0 0 0 0 0 0.281295 0 0 0 0 0 0 0 0 0 0 0.281295 0.0381726 0 0 0 0 0 0.0121263 0.281295 0.0158929 0 0 0.0307601 0.26243 0 0 0 0 0 0 0 0.281295 0 0 0 0 0 0 0 0 0 0 0.250878 0.206092 0 0 0 0 0 0 0.113448 0.134485 0.00932999 0.00784214 0.0512653 0 0 0 0 0 0 0 0.0502043 0.258183 0 0 0 
0 0 0.0628314 0.0136787 0.0303018 0.00546758 0 0 0 0.25992 0.00513111 0 0.0178488 0 0 0 0 0.276295 0 0 0.00457093 0 0 0 0 0.195479 0 0 0 0.00373215 0 0 0 0 0.212066 0.120826 0 0 0 0 0 0.256799 0.25418 0.0592697 0 0 0 0 0 0.276295 0.0187938 0 0 0 0 0 0 0.276295 0 0 0 0 0 0 0 0.00811241 0.0252163 0.276295 0 0 0 0 0 0 0 0.276295 0.105113 0 0 0 0 0.0206901 0.0363215 0.0981739 0.196559 0 0 0 0 0.109673 0.00152734 0.016364 0.0203372 0 0 0 0.128104 0.0193051 0 0.0359125 0 0 0 0 0 0.0056664 0 0.240189 0.0983308 0 0 0 0 0 0 0.021308 0.276295 0 0 0 0 0 0 0 0.276295 0 0 0 
0 0 0 0 0 0 0 0.295882 0.12953 0.16105 0 0 0 0 0 0.0366852 0.295882 0 0 0 0 0 0 0 0.271301 0.00315962 0 0.00207454 0 0 0 0 0.00922485 0.00646111 0.0246206 0 0 0 0 0.251767 0 0.240137 0.247967 0 0 0 0 0 0.295882 0 0 0 0 0 0 0 0.295882 0 0 0 0 0 0 0 0 0.00163974 0.0350827 0.0444556 0 0 0 0.104996 0 0 0.295882 0.0212773 0 0 0 0 0.246809 0.0467572 0 0 0 0 0 0.0460129 0.295882 0 0 0 0 0 0 0.0258479 0 0.00036759 0.0290819 0.0741819 0 0 0 0.0343791 0 0 0.171198 0.0767115 0 0 0 0 0.0592419 0.00634799 0.0271923 0 0 0 0 0.027919 0.0860177 0 0 0 0 0 0 0.194954 
0 0 0 0 0 0 0.0461477 0.0888302 0 0 0 0 0 0 0.157998 0.204674 0 0 0 0 0 0 0 0.270501 0.00265348 0 0.00251826 0 0 0 0 0.131344 0 0 0 0 0.0384368 0.00876876 0.0373968 0 0 0 0 0 0 0.0302986 0.270501 0 0 0 0 0 0 0 0.270501 0.0863646 0 0 0 0 0 0 0.270501 0.0559764 0 0 0 0 0.270501 0 0 0 0 0 0 0 0.270501 0.0362071 0 0 0 0 0 0 0.215374 0.270501 0.0578807 0 0 0 0 0 0 0.270501 0.118685 0 0 0 0 0 0.270501 0 0 0 0 0 0 0 0.270501 0 0 0 0 0 0 0 0.270501 0 0 0 0 0 0 0 0.0283515 0.143449 0.00156502 0 
0.214353 0 0 0 0 0 0 0 0.0576662 0 0 0 0 0 0 0.249049 0 0 0 0 0 0 0 0.288046 0 0 0 0 0 0 0 0.154 0.288046 0 0 0 0 0 0 0 0.248994 0 0 0 0 0 0 0.288046 0 0 0 0 0 0 0.0820869 0.288046 0 0 0 0 0 0 0.236506 0.0695053 0.176883 0.00388065 0 0 0 0 0 0.00310873 0.0931045 0.0117724 0 0 0 0 0.0186387 0.0912131 0 0 0 0 0 0.105568 0.288046 0.0288837 0 0 0 0 0 0.0766558 0.288046 0 0.0284557 0.00315003 0 0 0 0 0 0.00841128 0.00514541 0.0139231 0 0 0 0.0629326 0.00204519 0.0012981 0 0 0 0 0 0.288046 0 0 0 0 0 0 0 0.288046 0 0 
0 0 0 0 0 0.128235 0.0831619 0.00700461 0.0277801 0 0 0 0 0 0.11567 0.183917 0.133204 0 0 0 0 0 0 0.21335 0.166492 0 0 0 0 0 0 0.115682 0.160551 0 0 0 0 0.0250804 0.0652593 0.0428035 0.321322 0 0 0 0 0 0 0.0170433 0.321322 0 0 0 0 0 0 0 0.321322 0 0 0 0 0 0 0 0.200013 0.184333 0 0 0 0 0 0.0124759 0.321322 0.14894 0 0 0 0 0 0 0.302474 0 0 0 0 0 0 0.0966893 0.0814478 0 0 0 0 0 0 0.140994 0 0.321322 0 0 0 0 0 0 0.0117073 0.220801 0 0 0 0 0 0 0.0165901 0 0 0 0 0 0.0334736 0.0133157 0 0 0 0 0 0 0.0201005 0.0261291 
0.224705 0 0 0 0 0 0 0 0.2909 0 0 0 0 0 0 0 0.155467 0 0 0 0 0 0 0 0.00970809 0.000958755 0.00164627 0 0 0 0 0 0.2909 0 0 0 0 0 0 0 0.2909 0 0 0 0 0 0 0 0.11932 0.070621 0.0100977 0 0 0 0 0 0 0.00306641 0.0725385 0 0 0 0 0 0.2909 0.0190366 0 0 0 0 0 0 0.115871 0.2909 0 0 0 0 0 0 0 0.190283 0.2909 0 0 0 0 0 0 0 0.2909 0 0 0 0 0 0.0359904 0.0552075 0 0 0 0 0.00266127 0.00382612 0 0.2909 0 0 0 0 0 0 0 0.00741941 0.2909 0 0 0 0 0 0 0 0.2909 0 0 0 0 0 
0.281006 0.00406116 0 0 0 0 0 0 0.0147989 0.00630567 0 0.0728039 0.227012 0 0 0 0 0 0 0 0.281006 0.0494003 0 0 0 0 0 0 0 0.139027 0.0696604 0.0057172 0.281006 0 0 0 0 0 0 0 0.261927 0 0 0 0.0583919 0 0.00406499 0.00340188 0 0 0 0 0.281006 0.00586927 0 0 0 0 0 0 0.281006 0.0922913 0 0 0.256779 0 0 0 0 0 0 0 0.281006 0 0 0 0 0 0 0 0.158376 0.0092571 0.0066006 0.0684257 0.056622 0 0 0 0 0 0 0.0383665 0.281006 0 0 0 0.112356 0 0 0 0 0 0 0 0.281006 0 0 0 0 0 0 0 0.281006 0 0.00512632 0 0 0 0 0 0.00800879 0.000816447 0 0.0171512 0.0959452 0.0472816 0.000927353 0 
0 0.00406396 0.0266456 0.00963023 0.00208924 0.136564 0 0 0 0.118598 0.037363 0 0 0 0 0 0 0.0286112 0.0146407 0.00570835 0 0 0 0 0 0 0.0154033 0.0240748 0 0 0 0 0 0 0.0398651 0.133483 0.0795938 0.0603863 0 0 0 0 0.123263 0.273097 0 0 0 0 0 0 0 0.0858713 0.13447 0 0 0 0 0 0 0.0493157 0.149205 0 0 0 0 0 0 0.277881 0.271012 0 0 0 0 0 0 0.302216 0 0 0 0 0 0 0 0.170434 0.302216 0 0 0 0 0 0 0 0.302216 0 0 0 0 0 0 0.024166 0.228121 0.0629756 0 0 0 0 0 0.302216 0.052908 0 0 0 0 0 0 0.104422 0.295279 0 0 0 0 0 0 0 0.302216 0 0 0 
0.291498 0 0 0 0 0 0 0 0.291498 0 0 0 0 0 0 0.0371901 0.134181 0 0 0 0 0 0 0.242016 0.00457247 0 0 0 0.000292048 0 0.003985 0.108103 0.291498 0 0 0 0 0 0 0 0.174173 0 0 0 0 0 0 0.291498 0 0 0 0 0 0 0.1344 0.291498 0 0 0 0 0 0 0.277425 0.0943515 0.117259 0 0 0 0 0 0 0.00800303 0 0 0 0 0 0 0.0883152 0.16833 0 0 0 0 0 0.06929 0.291498 0 0.00275629 0 0 0 0 0.0560098 0.291498 0.0033209 0.00318286 0.000119149 0 2.31751e-05 8.48919e-05 0.00224271 0.000893833 0.00261476 0 0 0 0 0 0.060688 0.0423198 0 0 0 0 0 0 0.291498 0 0 0 0.0429876 0 0 0 0.175218 0.0180893 0.00158728 
0.0679583 0.000757994 0 0.0141962 0 0 0 0.00598323 0.12287 0 0 0 0 0 0 0.222935 0 0 0 0 0 0 0 0.287251 0.0224678 0 0 0 0 0 0 0.0409514 0.241228 0.00159143 0 0 0 0 0 0 0.287251 0 0 0 0 0 0 0 0.287251 0.00943114 0 0 0 0 0 0.0156088 0.0271258 0.0167216 0.0368897 0 0 0 0 0 0.287251 0 0 0 0 0 0 0 0.287251 0.155807 0 0 0 0 0 0 0.0523719 0.233437 0.185985 0 0 0 0 0 0 0 0.287251 0 0 0 0 0 0.0777058 0.0390554 0 0 0 0 0 0 0 0.287251 0 0 0 0 0 0 0 0.031294 0.287251 0 0 0 0 0 0 0 0.287251 0 0 0 0 0 
0 0 0 0 0.290074 0 0 0 0 0 0 0 0.290074 0 0 0 0 0 0 0 0.290074 0 0 0 0 0.00932744 0.0208444 0.0305062 0.162587 0 0 0 0 0 0 0 0.290074 0 0 0 0 0 0 0 0.290074 0 0 0 0 0.0183543 0.0579618 0.135881 0.209779 0 0 0 0 0.288968 0.0845126 0.0248735 0 0 0 0 0.144705 0 0 0.0119794 0.00249542 0 0 0 0.0706406 0 0.00192181 0 0.00836743 0 0 0.106701 0.131417 0.290074 0 0 0 0 0 0 0 0.290074 0 0 0 0 0 0 0.132813 0 0 0 0 0 0 0.00992735 0.0714085 0 0 0 0 0 0 0.101776 0.14395 0.181151 0 0 0 0 0 0 0 0.290074 0 0 0 0 0 0 
0.127107 0.000655325 0 0.0223993 0 0 0 0 0.311355 0 0 0 0 0 0 0 0.171089 0 0 0 0 0 0 0 0.0163785 0.00615545 0 0 0 0 0 0 0.311355 0.0102965 0.0021652 0.00256381 0 0 0 0 0.311355 0.0237196 0 0 0 0 0 0 0.112012 0.0961507 0.0412021 0 0 0 0 0 0 0.00567115 0.151379 0 0 0 0 0 0.161981 0.0953853 0.00230321 0 0 0 0 0 0.0720938 0.311355 0 0 0 0 0 0 0 0.0912589 0.311355 0 0 0 0 0 0 0 0.311355 0 0 0 0 0 0 0.0758666 0.0221025 0.0174631 0 0 0 0 0 0.270937 0.0478344 0 0 0 0 0 0 0 0.311355 0 0 0 0 0 0 0 0.311355 0 0 0 0 0 
0 0.122354 0.00245503 0 0 0.130813 0 0 0 0.293295 0 0 0 0 0 0 0 0.182976 0 0 0 0 0 0 0.000344805 0.00159774 0.000244219 0.000884193 0.000651006 0.00102168 0.000726128 2.60846e-05 0 0.0988962 0.144937 0.00282391 0 0.0654965 0 0 0 0.293295 0.20126 0 0 0 0 0 0 0.0440818 0.0545232 0.0203903 0.00984732 0 0 0 0 0 0 0 0.0446405 0.00185234 0 0 0 0 0.293295 0.0101804 0.0377776 0 0 0 0 0 0.293295 0.164374 0 0 0 0 0 0 0 0.293295 0.0816696 0 0 0 0 0 0 0 0.293295 0 0 0 0 0 0.0792846 0.0631912 0.0168023 0.025191 0 0 0 0 0.0322996 0.293295 0 0 0 0 0 0 0 0.293295 0.172496 0 0 0 0 0 0 0 0.293295 0 0 0 
0.278683 0 0 0 0 0 0 0 0.278683 0 0 0 0 0 0 0.0369052 0.0131503 0 0 0 0 0 0 0.278683 0.0693193 0 0 0 0 0 0 0.156321 0.278683 0 0 0 0 0 0 0 0.278683 0 0 0 0 0 0 0.257015 0 0 0 0 0 0 0.111105 0.278683 0.00797763 0 0 0 0 0 0.158172 0.211776 0.111672 0 0 0 0 0 0 0.00111904 0.0200888 0 0 0 0 0.00806216 0.0388217 0.0919896 0 0 0 0 0 0.0960049 0.278683 0.0168913 0 0 0 0 0 0.0752026 0.278683 0 0.00112797 0 0 0 0 0.00452962 0.0022598 0.00155089 0 0 0 0 0 0.106277 0 0 0 0 0 0 0 0.278683 0 0 0 0 0 0 0 0.269299 0 0 
0 0 0 0 0.154954 0 0 0 0 0 0 0 0.317967 0 0 0 0 0 0 0 0 0.317967 0 0 0 0 0 0.0341128 0.126296 0.0507932 0 0 0 0 0 0 0.0725039 0 0 0 0 0 0 0 0.317967 0 0 0 0 0 0 0 0.317967 0.102565 0 0 0 0 0 0 0.317967 0 0 0 0 0 0 0 0.0281734 0 0 0 0 0 0 0 0.219533 0 0 0 0 0 0 0 0.317967 0 0 0 0 0 0 0 0.317967 0 0 0 0 0 0 0 0.0235588 0 0 0 0 0 0 0 0.150138 0 0 0 0 0 0 0.0257295 0.317967 0 0 0 0 0 0 0.0363198 0.240054 0 0.00086035 0 
0.0642673 0.0237478 0 0 0 0 0 0 0 0.0343741 0.00180111 0.0487715 0 0 0 0 0 0 0 0 0.332947 0 0 0 0 0 0 0 0.332947 0 0 0 0.0514292 0.0296392 0 0 0 0 0.00145457 0 0 0.0407172 0.0210013 0.0880502 0 0 0 0 0 0 0 0.0198304 0.332947 0 0 0 0 0 0 0 0.332947 0 0 0 0.00592199 0.0141946 0 0.00162273 0 0.0263469 0 0 0 0.014752 0.0341 0.154615 0 0 0 0 0 0 0 0.174738 0.332947 0 0 0 0 0 0 0.0145574 0.332947 0 0 0 0 0 0 0 0.00952828 0.0695693 0 0 0 0 0 0.0471185 0.160947 0 0 0 0 0 0 0.0256689 0.332947 0 0 0 0 0 0 0.0206845 0.332947 0.00592378 0 0 
0.0335411 0 0 0 0 0 0.0117399 0.0175225 0 0 0 0 0 0 0.102652 0.188344 0 0 0 0 0 0 0.15168 0.25793 0.081576 0.00943936 0 0 0 0 0.00756353 0.200574 0.300676 0 0 0 0 0 0 0 0.285463 0 0 0 0 0 0 0.231078 0 0 0 0 0 0 0 0.300676 0.115594 0 0 0 0 0 0 0.300676 0.300676 0 0 0 0 0 0 0 0.300676 0 0 0 0 0 0 0 0.0397404 0 0 0 0 0 0 0.300676 0.0688904 0 0 0 0 0 0 0.25179 0.135485 0 0 0 0 0 0 0 0.144261 0 0 0 0 0 0 0 0.105163 0 0 0 0 0 0 0 0.072241 0 0 0 0 0 0 0 
0 0.252089 0 0 0 0 0 0 0 0 0.00471153 0 0.0360339 0.00708081 0.00199881 0 0 0.000582404 0 0.00186936 0.0406579 0 0 0 0.00223811 0 0 0 0.0108007 0.000216644 0.000784729 0.00370584 0.061783 0.225453 0 0 0 0 0 0 0 0 0 0 0 0 0.0161744 0.205237 0.206701 0 0 0 0 0 0 0.00106411 0.168273 0 0 0 0 0 0 0.0134894 0.295668 0.0796682 0 0 0 0 0 0 0.245186 0 0 0 0 0 0 0.294331 0.295668 0 0 0 0 0 0 0 0.295668 0 0 0 0 0 0 0 0.295668 0 0 0 0 0 0 0 0.295668 0 0 0 0 0 0 0 0.295668 0 0 0 0 0 0 0 0.295668 0 0 0 0 0 0 0 
0 0 0 0.131192 0.0240625 0 0 0 0 0 0 0 0.278036 0 0 0 0.0294719 0 0 0.028975 0.150977 0 0 0 0.168336 0 0 0 0 0 0 0 0 0 0 0.0585443 0.196491 0 0 0 0 0 0 0 0.278036 0 0 0 0.0589684 0.00543564 0 0.0236294 0.112207 0.00899235 0 0.0302292 0.202295 0 0 0 0 0 0 0.0309384 0 0 0 0 0.278036 0.0273817 0 0 0 0 0 0 0.278036 0.278036 0 0 0 0 0 0 0 0.10152 0.278036 0.101121 0 0 0 0 0 0 0.0254827 0.278036 0 0 0 0 0 0.177705 0 0 0 0 0 0 0 0.278036 0.0354329 0 0 0 0 0 0 0 0.278036 0 0 0 0 0 0 0 0.278036 0 
0 0 0 0.08019 0.240001 0 0 0 0 0.00251501 0 0.00197468 0.186347 0.0418851 0 0 0.00317581 0.00057195 0 0 0 0.148905 0 0 0.00621317 0 0 0 0 0.106541 0 0 0.2183 0.110301 0.0178208 0.0672927 0 0 0 0 0.0309331 0.00683184 0 0 0.163183 0.189562 0.0114215 0.0170294 0 0.023888 0.0248683 0.0336809 0.122914 0.224884 0 0 0 0.229553 0 0 0.0309386 0.108295 0 0 0.240001 0 0 0 0 0 0 0.035401 0.240001 0 0 0 0 0 0 0.164373 0.0231884 0.0299583 0.240001 0.240001 0 0 0 0 0 0.240001 0.0837425 0.240001 0 0 0 0 0.0792413 0 0 0 0 0 0 0 0.192757 0 0 0 0 0 0 0.0793474 0.240001 0.0696374 0.0289719 0.0857866 0 0 0 0 0 0.014505 0 0.240001 0.208223 0 0 0 
0 0 0.0947875 0 0 0 0 0 0 0 0.112074 0.00793385 0 0 0 0 0.058887 0.041402 0.0497232 0 0 0 0 0 0.293125 0 0 0 0 0 0 0 0 0 0.12896 0 0 0 0.0235566 0 0 0.0114318 0.147807 0 0 0 0.0169423 0.0182354 0.293125 0.0503296 0.0117147 0 0 0 0 0 0.293125 0 0 0 0 0 0 0 0 0 0 0 0 0 0.293125 0 0 0 0 0 0 0 0.293125 0.0494352 0.150799 0 0 0 0 0 0 0.293125 0.293125 0 0 0 0 0 0 0 0 0 0 0 0 0.0227516 0.293125 0 0 0 0 0 0 0.106911 0.281399 0 0.0123819 0 0 0 0 0 0.0286423 0.293125 0.194152 0 0 0 0 0 0 0 
0 0 0 0.0847731 0.0249656 0.00673144 0.0715936 0 0 0 0 0 0.312086 0 0 0 0 0 0 0.156483 0.124273 0 0 0 0 0 0 0.123262 0.0882101 0 0 0 0 0 0 0 0 0.0105068 0.312086 0 0 0 0 0 0.144461 0.107245 0.159711 0 0.0214775 0 0 0.100578 0.136027 0 0.00642367 0.00284427 0.0487307 0 0 0.0477159 0.0979656 0 0 0 0 0 0 0 0 0 0.312086 0 0 0 0 0 0 0 0.312086 0.0723191 0.312086 0 0 0 0 0 0 0.0399423 0.312086 0 0 0 0 0 0 0 0 0 0 0 0 0.214131 0.125735 0 0.0399309 0.0350183 0 0 0 0.0840083 0.116808 0.0147454 0.191608 0.230221 0 0 0 0 0 0 0.237451 0.00609882 0 0 0 0 0 0 
0.00763906 0.00578969 0.00471157 0.112256 0.00375149 0 0 0.0478573 0.0109936 0.0114673 0 0.0338438 0.0996654 0 0 0 0 0 0 0 0.152065 0.0087631 0.0149247 0.0359019 0 0 0 0 0 0.0912402 0.0994534 0.0463911 0.0201753 0.00653462 0 0 0 0 0 0.340015 0.00888246 0.0440022 0.0404997 0.0446968 0 0 0 0.00582365 0.00968876 0 0 0.0202596 0.0628124 0.00397266 0 0.048718 0 0 0 0 0.0582014 0.0199107 0.0205855 0.0622552 0 0 0 0 0 0 0.340015 0.0725053 0 0 0 0.0337886 0.0435963 0 0.255061 0.0129836 0 0 0 0 0.235963 0 0 0.0233218 0 0 0 0 0.214449 0 0 0.0179929 0 0 0 0 0 0 0.340015 0 0 0 0 0 0 0 0.340015 0.263267 0.331407 0 0 0 0 0 0 0.0435555 0.296602 0 0 0 0 0 0 0 
0 0 0 0 0.275716 0 0 0 0.237513 0 0 0.00186562 0.0184599 0 0 0 0.280978 0 0 0 0 0 0 0 0.00206516 0 0 0 0.00580679 0.00449387 0.00171252 0.0113521 0 0 0 0.034335 0.226096 0 0 0 0.304017 0.0144767 0 0 0 0 0 0 0.189926 0.0629732 0.0254638 0 0 0 0 0 0 0.00168938 0.0428705 0.052474 0 0 0 0 0.00270286 0 0.0049055 0.0433769 0.0648477 0.0129318 0.0119397 0.0390168 0.20893 0 0 0 0 0 0 0.304017 0.0336243 0.0383389 0.0248659 0 0 0 0.127846 0.0798333 0 0 0.00909056 0.02432 0.00984129 0 0.217765 0 0 0 0 0 0 0 0.0546505 0.304017 0 0 0 0 0 0 0.0837968 0.304017 0 0 0 0 0 0 0.304017 0 0 0 0 0 0 0 0.304017 0 
0 0.0011701 0 0.00198335 0.00305601 0.00340446 0.119096 0.195172 0 0 0 0 0.0503847 0.0458089 0.0317016 0.0280419 0.00861007 0 0.0234382 0 0 0.011065 0.0760548 0.108546 0.00964504 0.0449675 0.0992285 0.0633188 0 0 0 0 0 0 0 0 0 0 0.293086 0.149202 0.293086 0 0 0 0 0 0 0.0446999 0.0332505 0 0 0 0 0 0.0664194 0.293086 0.124101 0.293086 0 0 0 0 0 0 0 0 0 0 0.0291627 0.212295 0.0947138 0.0203735 0.0298187 0 0 0 0.0682101 0.047302 0.0136868 0.0494947 0 0 0 0.0080629 0.0089068 0.293086 0.162049 0 0 0.190138 0.174114 0 0 0 0 0 0.0689896 0 0 0 0.122764 0.0462839 0.0264227 0.035689 0.150396 0 0 0 0.148766 0.0212938 0 0.040545 0.293086 0.0120681 0 0 0 0.129785 0.0206828 0.0431602 0.293086 0.108836 0 0 0 0 0 0 
0 0 0 0 0 0 0.303283 0 0 0 0 0 0 0.0294901 0.303283 0 0 0 0 0 0 0.0288155 0.114654 0.0694796 0.0204429 0.0214027 0 0 0 0 0.0118459 0.0739132 0 0 0 0 0 0.15783 0.303283 0 0 0 0 0 0 0 0.303283 0.112931 0 0 0 0 0 0 0 0.303283 0.0718551 0 0 0 0 0 0 0.263313 0 0 0 0 0 0.303283 0 0 0 0 0 0 0 0.278063 0.109934 0 0 0 0 0 0 0.114069 0.105816 0.0345962 0.0443329 0.015503 0 0 0 0.0103727 0.0815903 0.0206419 0 0 0 0 0 0.152048 0.174223 0 0 0 0 0 0 0.0954672 0.0574544 0.0845153 0.0389951 0 0 0 0 0.0211449 0.0362413 0.127976 0.303283 0 0 0 0 0 0 0.0304282 
0 0 0 0 0 0.288922 0.114642 0 0 0 0 0 0 0.0226405 0.237002 0.112519 0 0 0 0 0 0 0.120181 0.208039 0.0682983 0.0343649 0 0 0 0 0.024912 0.0747189 0 0 0 0 0 0.288922 0 0 0 0 0 0 0 0.226973 0.0316609 0 0 0 0 0 0 0.125863 0.0508552 0.0665583 0.288922 0.025103 0 0 0 0 0.0109523 0.0198252 0 0 0 0 0 0 0.288922 0.0438703 0 0 0 0 0 0 0.0146119 0.288922 0.288922 0.0295387 0 0 0 0 0 0.0838557 0.288922 0.0717246 0 0 0 0 0 0 0 0 0 0 0.0595738 0.1269 0.0431428 0.00682274 0.0064796 0 0 0 0.132568 0 0 0.0231328 0.0122435 0.0846963 0.10494 0.190777 0 0 0 0 0 0.107991 0.1225 0.223932 0.0210889 0 0 0 
