0.257626 0 0 0 0 0 0 0.0726036 0.296611 0 0 0 0 0 0 0 0.222572 0.0350879 0.00881942 0.139117 0.0371762 0 0 0 0 0 0 0.296611 0.296611 0 0 0 0 0 0 0 0 0 0 0.14336 0.296611 0 0 0 0 0 0 0.0713582 0.296611 0 0 0 0 0 0 0 0.202929 0.0422853 0.00880454 0.208627 0 0 0 0 0.00872621 0 0 0 0 0 0 0.016575 0.0221074 0 0 0 0 0 0 0.102535 0.0384529 0 0 0 0 0 0 0.296611 0.296611 0 0 0 0 0 0 0.0661881 0.00244293 0 0 0 0 0 0 0.00868537 0.00514393 0 0 0 0 0 0 0.0123546 0.0009464 0 0 0 0 0 0 0.150579 0.0242751 0 0 0 0 0 0 0.296611 
0 0 0.0114397 0.000340219 0.000499885 0.002037 0 0 0 0 0.00675758 0.0301903 0.0152332 0.00089885 0 0 0 0 0 0.0116399 0.288604 0 0 0 0.0662697 0 0 0 0.257254 0 0 0 0 0 0.0938656 0 0 0 0 0 0 0 0.136521 0.0420791 0 0 0 0 0 0 0 0.288604 0.169221 0 0 0 0.0518622 0 0 0.0482778 0.185463 0 0 0.106872 0 0 0.288604 0 0 0 0 0 0 0 0.288604 0 0 0 0 0 0 0 0.15315 0.288604 0 0 0 0 0.232724 0.012998 0.0339423 0.118629 0 0 0 0.0807212 0 0 0.288604 0 0 0 0 0 0 0 0.288604 0.00641707 0 0 0 0 0 0.0035295 0.122651 0.156616 0 0 0 0 0.288604 0.013817 0 0 0 0 0 0.116592 
0 0 0 0 0 0 0.119515 0 0 0 0 0 0 0 0.291029 0 0 0.0187868 0 0 0 0 0.291029 0.0168806 0.00433364 0.010856 0.291029 0 0 0 0 0 0 0 0 0.00205963 0.0203526 0.0182928 0.0112494 0 0 0 0 0 0 0.11566 0.212651 0 0 0 0 0 0 0.0285204 0.291029 0 0 0.00654208 0.104865 0.00631473 0 0.00371068 0.104693 0.00779833 0 0 0 0.0897194 0.0660922 0 0 0 0 0 0 0 0.291029 0.0691212 0 0 0 0 0 0 0.110207 0.291029 0 0 0 0 0 0.00549471 0.00818306 0.291029 0 0 0 0 0 0.047049 0.205862 0 0 0 0 0 0 0 0.291029 0 0 0 0 0 0 0 0.291029 0 0 0 0 0 0 0 0.0252414 0.256102 0 0 
0 0 0 0.239712 0.0529082 0 0 0 0 0 0.12101 0.0914293 0.10625 0.0144724 0 0 0 0 0.249619 0 0.0332801 0.0876015 0 0 0 0.00477488 0.183555 0.00350426 0 0.0128455 0.0231313 0 0 0 0 0.283233 0 0 0 0 0 0 0.283233 0.241869 0 0 0 0 0 0 0.283233 0 0 0 0 0 0 0 0.283233 0 0 0 0 0 0 0 0 0.280233 0.124715 0 0 0 0 0 0 0.283233 0.179307 0 0 0 0 0 0.0689785 0.158614 0.016681 0 0 0 0 0 0.0862265 0.00309447 0 0 0 0 0 0 0.00197017 0.0214771 0.240784 0 0 0 0 0 0 0 0.283233 0 0 0 0 0 0 0.00444955 0.192406 0 0 0 0 0 0.00734837 0.0218133 0.00283198 0 0 0 
0.177361 0 0 0 0.0936507 0.00722519 0.00493395 0.00614561 0.252016 0 0 0 0.0493402 0 0 0.051861 0.0586836 0 0 0 0.00549268 0.017214 0 0.262702 0 0 0 0 0.00933565 0.0102831 0 0.261798 0.295 0 0 0 0 0 0 0 0.295 0 0 0 0 0 0 0.0801912 0 0 0 0 0 0 0.0264924 0.295 0 0 0 0 0 0 0.205634 0.273157 0.125505 0 0 0 0 0 0 0 0.0436919 0 0 0 0 0 0.00735173 0.111368 0 0 0 0 0 0 0.295 0.0642377 0 0 0 0 0 0 0.295 0 0.00717578 0.0027495 0 0 0 0 0 0 0.00163305 0.000193095 7.33871e-05 0 0 0.000414845 0.0282563 0.00156817 0 0 0 0 0 0 0.261187 0 0 0 0 0 0 0 0.295 0 
0 0 0.000940943 0.0013742 0.00258525 0.0045981 0 0 0 0 0 0.00526186 0.0302521 0.00596682 0 0 0 0 0 0 0.28726 0 0 0 0 0 0 0 0.28898 0 0 0 0 0 0.0630846 0 0 0 0 0 0 0 0.0736301 0.0396228 0 0 0 0 0 0 0 0.277361 0.0875159 0 0 0 0 0 0 0.0610137 0.28898 0 0 0 0 0 0.28898 0 0 0 0 0 0 0 0.28898 0 0 0 0 0 0 0 0.165037 0.28898 0 0 0 0 0.0243124 0.00340293 0.0157878 0.28898 0 0 0 0 0 0 0.28898 0 0 0 0 0 0 0 0.28898 0 0 0 0 0 0 0 0.28898 0.0257758 0 0 0 0 0.144568 0.0397415 0.117695 0.0228591 0 0 0 0 
0 0 0 0 0 0 0 0.228286 0.0874413 0 0 0 0 0 0 0.26898 0.26898 0 0 0 0 0 0 0 0.128613 0 0 0 0 0 0 0 0 0 0 0 0 0 0.0127262 0.106476 0.0521503 0 0 0 0 0 0 0.26898 0.26898 0 0 0 0 0 0 0.135399 0.26898 0 0 0 0 0 0 0 0 0 0 0 0 0.26898 0.00583949 0 0 0 0 0 0 0.26898 0.0694733 0.0157902 0 0 0 0 0 0.149523 0.146626 0.144516 0 0 0 0 0 0 0.162709 0.168276 0 0 0 0 0 0.26898 0 0 0 0 0 0 0 0.26898 0 0 0 0 0 0 0 0.26898 0 0 0.00334181 0 0 0 0 0.205989 0.0233378 0.00386151 
0 0 0 0 0.31071 0 0 0 0 0 0 0 0.31071 0 0 0 0 0 0 0 0.31071 0.0303885 0 0 0 0 0 0 0.301147 0.143967 0 0 0.173371 0 0 0 0.00652879 0.00381965 0 0.101429 0.0426406 0 0 0 0 0 0 0.31071 0 0 0 0 0 0 0.263353 0.31071 0 0 0 0 0 0 0.16221 0.0187676 0.0573641 0 0 0 0 0 0 0.00216397 0.0107009 0 0 0 0 0.00495438 0.0337849 0.0313547 0 0 0 0 0 0.0924337 0.31071 0 0 0 0 0 0 0.0457066 0.159427 0 0 0 0 0 0 0.00014547 0.000890299 0.00177233 0 0 0 0 0 0.0218577 0.000623783 0.000200374 0 0 0 0 0 0.31071 0 0 0 0 0 0 0 0.177589 0.00299946 0 
0 0 0 0.000763213 0.0015728 0.000284121 0 0 0 0 0 0 0.0387904 0 0 0 0 0 0 0 0.307161 0 0 0 0.0609622 0 0 0 0.174198 0 0.0147799 0.00157903 0 0 0.0848534 0.000750312 0 0 0 0 0 0 0.0832758 0.0253611 0.00430529 0 0 0 0 0 0 0.146808 0.163481 0 0 0 0.099247 0 0 0.030339 0.124436 0 0.00390895 0.0129291 0 0 0.307161 0 0 0 0 0 0 0 0.307161 0 0 0 0 0 0 0 0.307161 0.140615 0 0 0 0 0.289128 0.050109 0.0968524 0.0264042 0 0 0 0 0 0 0.307161 0 0 0 0 0 0 0 0.307161 0 0 0 0 0 0.0137417 0.0373409 0.307161 0 0 0 0 0 0.307161 0.0487353 0 0 0 0 0 0 
0 0 0 0 0 0 0.0780698 0 0 0 0 0 0 0 0.311928 0 0 0 0 0 0 0 0.311928 0 0 0 0 0 0 0 0.123778 0.00383606 0 0 0 0.00359275 0.0213098 0.0113277 0.0160059 0 0 0 0 0 0 0.0391726 0.311928 0 0 0 0 0 0 0 0.311928 0 0 0 0 0 0 0 0.290324 0.0485983 0 0 0 0.100381 0.135572 0 0 0 0 0 0 0 0.311928 0.0580954 0 0 0 0 0 0 0.10184 0.268771 0.163601 0 0 0 0 0 0 0.0782191 0.311928 0 0.0937858 0 0 0.0457248 0.0390908 0 0 0.0293418 0.106358 0 0 0 0.147075 0 0 0.0577645 0.141306 0 0 0 0.0576904 0.0538282 0.0222327 0.0851806 0.143548 0 0 0 0 0.015825 0.0403933 0.228971 
0 0.28503 0 0 0 0 0 0 0 0.28503 0.174349 0 0 0 0 0 0 0 0.0288874 0.122483 0.28503 0 0 0 0 0 0 0.0167308 0.28503 0 0 0 0.0109227 0.153662 0 0 0 0.0289024 0.0150053 0.00305736 0 0.28503 0.0380208 0 0 0 0 0 0 0 0.274099 0.257203 0.160684 0 0 0 0 0 0.00288422 0.00161912 0.28503 0 0 0 0 0 0 0 0 0.152836 0.00620307 0 0.0220156 0.202992 0 0 0 0.0394327 0.0151768 0 0 0.0978148 0.257512 0.136622 0 0 0 0 0 0.0228378 0.0369768 0.167246 0 0 0 0 0 0 0.0266777 0.0313686 0.016398 0.0107679 0 0 0 0 0 0.0632397 0.0824668 0.0323413 0 0 0 0 0.0963632 0.135698 0.00980266 0 0 0 0 0.0974101 0.173734 0 0 0 0 0 
0 0.179635 0.0344537 0 0 0 0 0 0.112328 0 0.00387157 0.00242158 0.00159484 0.00101196 0 0 0.121743 0 0 0 0 0 0 0.00109485 0.0804317 0.0079298 0 0 0 0 0 0 0 0 0.141285 0.235184 0 0 0 0 0.0123581 0.0104749 0.0100942 0.0914841 0 0 0 0 0.0280453 0 0.000245659 0.00680019 0.000588871 0 0 0 0.0178813 0 0 0 0.0012601 0 0 0 0 0 0 0.38385 0 0 0 0 0 0 0 0.38385 0 0 0 0 0 0 0 0.187528 0.0153137 0 0 0 0 0 0 0 0.0575712 0 0 0 0 0 0 0.38385 0 0 0 0 0 0 0 0.38385 0 0 0 0 0 0 0 0.38385 0 0 0 0 0 0 0 0.256864 0.0773879 0 0 0 
0 0 0 0.112898 0.174651 0 0 0 0 0 0 0.0529402 0.307172 0 0 0 0 0 0 0 0.0535773 0 0 0 0 0 0 0.000132016 0.00100265 6.84159e-05 0 0 0 0 0 0 0.322292 0.00359428 0.00493642 0 0 0 0 0 0.322292 0 0 0 0 0 0 0 0.159566 0.0180867 0 0 0 0 0 0 0.000426064 0.0152358 0 0 0 0 0 0 0.241037 0.00761608 0.00460301 0.0164883 0 0 0 0 0.322292 0 0 0 0 0 0 0 0.208454 0.242041 0 0 0 0 0 0 0 0.177009 0 0 0 0 0 0 0.0416137 0.00206595 0.00597552 0.0193105 0 0 0 0 0.322292 0 0 0 0 0 0 0 0.116058 0.322292 0 0 0 0 0 0 0 0.322292 0 0 
0.145903 0 0 0 0 0 0 0.251667 0 0 0 0 0 0 0 0.297524 0.145268 0.206377 0 0 0 0 0 0.0279473 0 0.277921 0.128535 0 0 0 0 0 0.052174 0 0 0 0 0 0 0.18599 0 0 0 0 0 0 0.10137 0.297524 0.0863679 0.080052 0.00388482 0 0 0 0 0.235998 0 0.0388639 0.154076 0.0377585 0 0 0 0 0.00092344 0 0 0 0.00263251 0.0176381 0.0402207 0.0023118 0 0 0 0 0 0.0125847 0.297524 0 0 0 0 0 0.0641832 0.192366 0.190636 0 0 0 0 0.223645 0.0373655 0 0 0 0 0 0 0 0.0771383 0.122324 0 0 0 0 0 0 0 0.297524 0 0 0 0 0 0 0.0163153 0.297524 0 0 0 0 0.00119793 0.128373 0.045284 0.001076 0 0 
