0 0 0 0 0 0 0 2.26158e-05 0.000416507 0 0 0 0 0 0 0.000326905 0.0185747 0 0 0 0 0 0 0.00141671 0.00938591 0 0 0 0 0 0 0.127442 0.000845876 0 0 0 0 0 0 0.00221861 0 0 0 0 0 0 0 0.0620989 0.30893 0 0 0 0 0 0 0.030856 0.326461 0 0 0 0 0 0 0.0972909 0.0954747 0 0 0 0 0 0 0 0.290305 0 0 0 0 0 0 0.211867 0.326461 0 0 0 0 0 0 0.326461 0.326461 0 0 0 0 0 0 0 0.326461 0 0 0 0 0 0 0 0.326461 0 0 0 0 0 0 0 0.257683 0 0 0 0 0 0 0.138649 0.101163 0 0 0 0 0 0 0.00226561 
0.336516 0 0 0 0 0 0 0 0.149662 0 0 0 0 0 0 0 0.00673697 0 0 0 0 0 0 0 3.65492e-05 0 0 0 0 0 0 0 0.336516 0 0 0 0 0 0 0 0.336516 0 0 0 0 0 0 0 0.090614 0 0 0 0 0 0 0 0.00156961 0 0 0 0 0 0 0 0.042329 0 0 0 0 0 0 0.332526 0.336516 0 0 0 0 0 0 0.140623 0.336516 0 0 0 0 0 0 0 0.0271937 0 0 0 0 0 0 0 0 0 0 0 0 0 0 0.0959095 0.271639 0 0 0 0 0 0 0.243443 0.336516 0 0 0 0 0 0 0.077381 0.0936345 0 0 0 0 0 0 0 
0.242778 0 0 0 0 0 0 0 0.0814161 0 0 0 0 0 0 0 0.00867989 0 0 0 0 0 0 0 0.000255347 0 0 0 0 0 0 0 0.320616 0 0 0 0 0 0 0 0.320616 0 0 0 0 0 0 0 0.222927 0 0 0 0 0 0 0 0.0315247 0 0 0 0 0 0 0 0.213688 0 0 0 0 0 0 0.087024 0.320616 0 0 0 0 0 0 0.30132 0.320616 0 0 0 0 0 0 0 0.285236 0 0 0 0 0 0 0 0 0 0 0 0 0 0 0.0317635 0.046422 0 0 0 0 0 0 0.129744 0.190174 0 0 0 0 0 0 0.283976 0.165553 0 0 0 0 0 0 0.287895 
0 0 0 0 0 0 0 2.24908e-05 0 0 0 0 0 0 0 0.000751162 0.00183744 0 0 0 0 0 0 0.0135215 0 0 0 0 0 0 0 0.0934217 0.0018141 0 0 0 0 0 0 0.0015342 0 0 0 0 0 0 0 0.0603782 0.278045 0 0 0 0 0 0 0.0302547 0.196501 0 0 0 0 0 0 0.336722 0.0639841 0 0 0 0 0 0 0.0472165 0.336722 0 0 0 0 0 0 0.129717 0.336722 0 0 0 0 0 0 0.142337 0.336722 0 0 0 0 0 0 0 0.149353 0 0 0 0 0 0 0.331993 0.336722 0 0 0 0 0 0 0 0.336722 0 0 0 0 0 0 0 0.119876 0 0 0 0 0 0 0 
0.0142524 0 0 0 0 0 0 0.00453673 0.0320989 0 0 0 0 0 0 0.132652 0.343027 0 0 0 0 0 0 0.0771561 0.343027 0 0 0 0 0 0 0.109002 0.124889 0 0 0 0 0 0 0.194192 0.343027 0 0 0 0 0 0 0 0.343027 0 0 0 0 0 0 0.0520206 0.343027 0 0 0 0 0 0 0 0.10145 0 0 0 0 0 0 0.343027 0.343027 0 0 0 0 0 0 0 0.221503 0 0 0 0 0 0 0 0.0276555 0 0 0 0 0 0 0 0.140439 0 0 0 0 0 0 0.0334785 0.0488515 0 0 0 0 0 0 0.0142094 0.00871493 0 0 0 0 0 0 0 0.000154403 0 0 0 0 0 0 8.03582e-05 
0.337104 0 0 0 0 0 0 0 0.148052 0 0 0 0 0 0 0 0.0066645 0 0 0 0 0 0 0 3.6156e-05 0 0 0 0 0 0 0 0.337104 0 0 0 0 0 0 0 0.337104 0 0 0 0 0 0 0 0.0896394 0 0 0 0 0 0 0 0.0015536 0 0 0 0 0 0 0 0.0418737 0 0 0 0 0 0 0.32984 0.337104 0 0 0 0 0 0 0.13911 0.337104 0 0 0 0 0 0 0 0.0274592 0 0 0 0 0 0 0 0 0 0 0 0 0 0 0.0948698 0.268738 0 0 0 0 0 0 0.24037 0.337104 0 0 0 0 0 0 0.0380589 0.130631 0 0 0 0 0 0 0 
0 0 0 0 0 0 0 2.29115e-05 0.000421944 0 0 0 0 0 0 0.000331172 0.0188171 0 0 0 0 0 0 0.0014352 0.00950842 0 0 0 0 0 0 0.129108 0.000858564 0 0 0 0 0 0 0.0022491 0 0 0 0 0 0 0 0.0629107 0.312963 0 0 0 0 0 0 0.0312587 0.322436 0 0 0 0 0 0 0.0985611 0.0934042 0 0 0 0 0 0 0 0.294417 0 0 0 0 0 0 0.214648 0.322436 0 0 0 0 0 0 0.322436 0.322436 0 0 0 0 0 0 0 0.322436 0 0 0 0 0 0 0.081459 0.322436 0 0 0 0 0 0 0 0.26104 0 0 0 0 0 0 0.140459 0.102483 0 0 0 0 0 0 0.00229518 
0.125929 0 0 0 0 0 0 0.0811845 0.308381 0 0 0 0 0 0 0.147216 0.308381 0 0 0 0 0 0 0 0.0399897 0 0 0 0 0 0 0 0 0 0 0 0 0 0 0.0760574 0.182319 0 0 0 0 0 0 0.308381 0.308381 0 0 0 0 0 0 0 0.24883 0 0 0 0 0 0 0 0 0 0 0 0 0 0 0.00834418 0 0 0 0 0 0 0 0.186626 0.291369 0 0 0 0 0 0 0.308381 0.308381 0 0 0 0 0 0 0 0 0 0 0 0 0 0 0.000329596 0 0 0 0 0 0 0 0.0301913 0.0619094 0 0 0 0 0 0 0.199017 0.308381 0 0 0 0 0 0 0.153295 
0.324942 0 0 0 0 0 0 0.0336441 0.185171 0 0 0 0 0 0 0 0.00801216 0 0 0 0 0 0 0 3.92681e-05 0 0 0 0 0 0 0 0.324942 0 0 0 0 0 0 0.111463 0.324942 0 0 0 0 0 0 0 0.0971703 0 0 0 0 0 0 0 0.00165684 0 0 0 0 0 0 0 0.0450368 0 0 0 0 0 0 0.324942 0.324942 0 0 0 0 0 0 0.147652 0.324942 0 0 0 0 0 0 0 0.0289313 0 0 0 0 0 0 0 0 0 0 0 0 0 0 0.101726 0.292515 0 0 0 0 0 0 0.257482 0.324942 0 0 0 0 0 0 0.0807274 0.100712 0 0 0 0 0 0 0 
0 0 0 0 0 0 0 2.28232e-05 0.000420317 0 0 0 0 0 0 0.000329895 0.0187488 0 0 0 0 0 0 0.00143178 0.00986703 0 0 0 0 0 0 0.124087 0.000855253 0 0 0 0 0 0 0.00224043 0 0 0 0 0 0 0 0.0626681 0.31176 0 0 0 0 0 0 0.0311382 0.325678 0 0 0 0 0 0 0.0325999 0.0930439 0 0 0 0 0 0 0 0.293282 0 0 0 0 0 0 0.21382 0.325678 0 0 0 0 0 0 0.325678 0.325678 0 0 0 0 0 0 0 0.325678 0 0 0 0 0 0 0.0811447 0.325678 0 0 0 0 0 0 0 0.260033 0 0 0 0 0 0 0.139918 0.102088 0 0 0 0 0 0 0.00228633 
0.0140331 0 0 0 0 0 0 0.00116381 0.00918837 0 0 0 0 0 0 0.150841 0.311268 0 0 0 0 0 0 0.124614 0.311268 0 0 0 0 0 0 0 0.233845 0 0 0 0 0 0 0.0175872 0.311268 0 0 0 0 0 0 0.0441701 0.311268 0 0 0 0 0 0 0.311268 0.311268 0 0 0 0 0 0 0 0.311268 0 0 0 0 0 0 0.232644 0.311268 0 0 0 0 0 0 0 0.158027 0 0 0 0 0 0 0.0351576 0.0173334 0 0 0 0 0 0 0.00545309 0.16518 0 0 0 0 0 0 0.0986111 0.107707 0 0 0 0 0 0 0.00212907 0.010586 0 0 0 0 0 0 0 3.16072e-05 0 0 0 0 0 0 0.000189989 
0 0 0 0 0 3.15024e-05 1.46024e-06 2.10244e-05 0.000415478 0 0 0 0 0 0 0.000326096 0.018533 0 0 0 0 0 0 0.00141529 0.00975344 0 0 0 0 0 0 0.122659 0.000799995 0 0 0 0 9.67887e-06 6.12941e-06 0.00223707 0 0 0 0 0 0 0 0.0619454 0.308732 0 0 0 0 0 0 0.0307797 0.329239 0 0 0 0 0 0 0.0322246 0.0951818 0 0 0 0 0 0 0 0.289591 0 0 0 0 0 0 0.211343 0.329239 0 0 0 0 0 0 0.329239 0.329239 0 0 0 0 0 0 0 0.329239 0 0 0 0 0 0 0 0.329239 0 0 0 0 0 0 0 0.257046 0 0 0 0 0 0 0.138307 0.100913 0 0 0 0 0 0 0.00226001 
0.0140301 0 0 0 0 0 0 0.00116356 0.00918637 0 0 0 0 0 0 0.150808 0.311288 0 0 0 0 0 0 0.124586 0.311288 0 0 0 0 0 0 0 0.233794 0 0 0 0 0 0 0.0175834 0.311288 0 0 0 0 0 0 0.0441604 0.311288 0 0 0 0 0 0 0.311288 0.311288 0 0 0 0 0 0 0 0.311288 0 0 0 0 0 0 0.232592 0.311288 0 0 0 0 0 0 0 0.157993 0 0 0 0 0 0 0.03515 0.0173296 0 0 0 0 0 0 0.0054519 0.165148 0 0 0 0 0 0 0.0985895 0.107683 0 0 0 0 0 0 0.00212861 0.0105837 0 0 0 0 0 0 0 3.16003e-05 0 0 0 0 0 0 0.000189947 
0.328152 0 0 0 0 0 0 0 0.242499 0 0 0 0 0 0 0 0.0107262 0 0 0 0 0 0 0 4.46603e-05 0 0 0 0 0 0 0 0.322922 0 0 0 0 0 0 0.226419 0.328152 0 0 0 0 0 0 0 0.0906545 0 0 0 0 0 0 0 0.00137131 0 0 0 0 0 0 0 0 0 0 0 0 0 0 0.328152 0.328152 0 0 0 0 0 0 0 0.328152 0 0 0 0 0 0 0 0.0260332 0 0 0 0 0 0 0 0 0 0 0 0 0 0 0.0808693 0.328152 0 0 0 0 0 0 0.08516 0.328152 0 0 0 0 0 0 0 0.0951826 0 0 0 0 0 0 0 
0 0 0 0 0 0 0 0.0660011 0 0 0 0 0 0 0 0.323317 0.141609 0 0 0 0 0 0 0.140072 0.00467498 0.004229 0.08439 0 0 0 0 0 0.0335351 0 0 0 0 0 0 0.0489033 0.323317 0 0 0 0 0 0 0.131989 0.323317 0.0649683 0.128565 0 0 0 0 0 0 0 0.323317 0 0 0 0 0 0.071429 0 0 0 0 0 0 0 0.323317 0.0345955 0 0 0 0 0 0 0.0505832 0.301922 0.323317 0 0 0 0 0 0 0 0.323317 0 0 0 0 0 0.0165213 0 0 0 0 0 0 0 0.0769157 0.0838346 0 0 0 0 0 0 0 0.0700926 0.21532 0 0 0 0 0 0 0 0.104283 0 0 0 0 0 
0 0 0 0 0 0 0 2.11787e-05 0 0 0 0 0 0 0 0.000710726 0.000567542 0 0 0 0 0 0 0.0140254 0 0 0 0 0 0 0 0.0893124 0.00230946 0 0 0 0 0 0 0.000746554 0 0 0 0 0 0 0 0.0569817 0.260179 0 0 0 0 0 0 0.0286197 0.185895 0 0 0 0 0 0 0.343835 0.105649 0 0 0 0 0 0 0 0.343835 0 0 0 0 0 0 0.122266 0.343835 0 0 0 0 0 0 0.137915 0.343835 0 0 0 0 0 0 0 0.343835 0 0 0 0 0 0 0 0.343835 0 0 0 0 0 0 0 0.343835 0 0 0 0 0 0 0 0.113212 0 0 0 0 0 0 0 
0 0 0 0 0.0203527 0 0 0 0 0 0 0 0.343739 0 0 0 0 0 0 0 0.343739 0 0 0 0 0 0 0 0.218716 0 0 0 0 0 0 0 0.192057 0 0 0 0 0 0 0 0.343739 0 0 0 0 0 0 0 0.343739 0 0 0 0 0 0 0 0.0724017 0 0 0 0 0 0 0.125517 0.336099 0 0 0 0 0 0 0 0.343739 0 0 0 0 0 0 0 0.181064 0 0 0 0 0 0 0 0.00661957 0 0 0 0 0 0 0.343739 0 0 0 0 0 0 0 0.17432 0.0901935 0 0 0 0 0 0 0.000848664 0.0247571 0 0 0 0 0 0 0 0.000269938 0 0 0 
2.53343e-05 0 0 0 0 0 0 0 0.0035508 0 0 0 0 0 0 5.73633e-05 0.0102214 0 0 0 0 0 0 0.0690767 0 0 0 0 0 0 0 0.3481 0.000946504 0 0 0 0 0 0 0 0.0756024 0 0 0 0 0 0 0 0.3481 0 0 0 0 0 0 0.0293058 0.153372 0 0 0 0 0 0 0.3481 0.0190591 0 0 0 0 0 0 0 0.310361 0 0 0 0 0 0 0 0.3481 0 0 0 0 0 0 0 0.3481 0 0 0 0 0 0 0.0158996 0.100929 0 0 0 0 0 0 0 0.3481 0 0 0 0 0 0 0 0.3481 0 0 0 0 0 0 0 0.0983532 0 0 0 0 0 0 0 
2.45263e-05 0 0 0 0 0 0 0 0.00415054 0 0 0 0 0 0 0 0.12011 0 0 0 0 0 0 0 0.353137 0 0 0 0 0 0 0 0.000905007 0 0 0 0 0 0 0 0.0724727 0 0 0 0 0 0 0 0.353137 0 0 0 0 0 0 0 0.353137 0 0 0 0 0 0 0 0.0183571 0 0 0 0 0 0 0 0.293849 0 0 0 0 0 0 0 0.353137 0 0 0 0 0 0 0 0.353137 0 0 0 0 0 0 0 0.108945 0 0 0 0 0 0 0 0.353137 0 0 0 0 0 0 0 0.353137 0 0 0 0 0 0 0 0.0938561 0 0 0 0 0 0 0 
0.0202965 0 0 0 0 0 0 0 0.340883 0 0 0 0 0 0 0 0.340883 0 0 0 0 0 0 0.0342769 0.0562478 0 0 0 0 0 0 0.179433 0.195446 0 0 0 0 0 0 0 0.340883 0 0 0 0 0 0 0 0.340883 0 0 0 0 0 0 0 0.0705014 0 0 0 0 0 0 0 0.340883 0 0 0 0 0 0 0 0.340883 0 0 0 0 0 0 0 0.184897 0 0 0 0 0 0 0 0.00676182 0 0 0 0 0 0 0 0.340883 0 0 0 0 0 0 0 0.267476 0 0 0 0 0 0 0 0.0264134 0 0 0 0 0 0 0 0.000276069 0 0 0 0 0 0 0 
0 0 0 2.28052e-05 0 0 0 0 0 0 0 0.000329774 0.000420197 0 0 0 0 0 0 0.00143142 0.0187441 0 0 0 0 0 0 0.124058 0.00986455 0 0 0 0 0 0 0.0022397 0.000855045 0 0 0 0 0 0 0.0626523 0 0 0 0 0 0 0 0.0311303 0.311681 0 0 0 0 0 0 0.0325917 0.325541 0 0 0 0 0 0 0 0.0930398 0 0 0 0 0 0 0.213766 0.293208 0 0 0 0 0 0 0.325541 0.325541 0 0 0 0 0 0 0 0.325541 0 0 0 0 0 0 0.0854 0.325541 0 0 0 0 0 0 0 0.325541 0 0 0 0 0 0 0.139882 0.259968 0 0 0 0 0 0 0.00228575 0.102062 0 0 0 
0 0 0 0.00114693 0.0138295 0 0 0 0 0 0 0.148654 0.00905503 0 0 0 0 0 0 0.122818 0.312529 0 0 0 0 0 0 0 0.312529 0 0 0 0 0 0 0.017332 0.230858 0 0 0 0 0 0 0.0435291 0.312529 0 0 0 0 0 0 0.312529 0.312529 0 0 0 0 0 0 0 0.312529 0 0 0 0 0 0 0.229268 0.312529 0 0 0 0 0 0 0 0.312529 0 0 0 0 0 0 0.0346474 0.155734 0 0 0 0 0 0 0.00537395 0.0170808 0 0 0 0 0 0 0.0971801 0.162783 0 0 0 0 0 0 0.00209818 0.106144 0 0 0 0 0 0 0 0.0104324 0 0 0 0 0 0 0.000187249 3.1146e-05 0 0 0 
0 0 0 0.00112879 0.0136113 0 0 0 0 0 0 0.146301 0.00891182 0 0 0 0 0 0 0.120863 0.303439 0 0 0 0 0 0 0 0.303439 0 0 0 0 0 0 0.0171882 0.2269 0 0 0 0 0 0 0.0428406 0.303439 0 0 0 0 0 0 0.303439 0.303439 0 0 0 0 0 0 0 0.303439 0 0 0 0 0 0 0.281082 0.303439 0 0 0 0 0 0 0 0.303439 0 0 0 0 0 0 0.0340995 0.153271 0 0 0 0 0 0 0.00528896 0.0168117 0 0 0 0 0 0 0.24067 0.0248659 0 0 0 0 0 0 0.00212096 0.104321 0 0 0 0 0 0 0 0.0102673 0 0 0 0 0 0 0.000184288 3.06534e-05 0 0 0 
0 0 0 0.00124318 0.0178665 0 0 0 0 0 0 0.0569145 0.0928314 0 0 0 0 0 0 0.163362 0.225067 0 0 0 0 0 0 0 0.357591 0 0 0 0 0 0 0.0928042 0.207868 0 0 0 0 0 0 0 0.357591 0 0 0 0 0 0 0 0.357591 0 0 0 0 0 0 0 0.357591 0 0 0 0 0 0 0 0.357591 0 0 0 0 0 0 0 0.357591 0 0 0 0 0 0 0 0.233126 0 0 0 0 0 0 0 0.0283537 0 0 0 0 0 0 0 0.17793 0 0 0 0 0 0 0 0.0673355 0 0 0 0 0 0 0 0.00922198 0 0 0 0 0 0 1.31914e-05 0.000236274 0 0 0 
0 0 0 0.000872503 0.0462876 0 0 0 0 0 0 0.161744 0.0429321 0 0 0 0 0 0 0.0825891 0.268681 0 0 0 0 0 0 0 0.284302 0 0 0 0 0 0 0 0.090199 0.206237 0 0 0 0 0 0.0378561 0.284302 0.209839 0 0 0 0 0 0.0408637 0.284302 0.0556636 0 0 0 0 0 0 0.284302 0.0289751 0 0 0 0 0 0 0 0.114014 0.152694 0 0 0 0 0 0 0 0.284302 0 0 0 0 0 0 0 0.14005 0.284302 0 0 0 0 0 0 0.0231627 0.284302 0 0 0 0 0 0 0.0432983 0 0 0 0 0 0 0 0.157064 0.00881773 0 0 0 0 0 0 0.0652571 0.228107 0 0 0 0 0 0 0.284302 0.0556736 
0.306104 0 0 0 0 0 0 0 0.121064 0 0 0 0 0 0 0 0.00959174 0 0 0 0 0 0 0 0.000225696 0 0 0 0 0 0 0 0.306104 0 0 0 0 0 0 0 0.306104 0 0 0 0 0 0 0 0.21601 0 0 0 0 0 0 0 0.0273015 0 0 0 0 0 0 0 0.0106023 0 0 0 0 0 0 0.262451 0.306104 0 0 0 0 0 0 0.306104 0.306104 0 0 0 0 0 0 0 0.294097 0 0 0 0 0 0 0 0 0 0 0 0 0 0 0.0304263 0.0772883 0 0 0 0 0 0 0.0834079 0.256447 0 0 0 0 0 0 0.185127 0.306104 0 0 0 0 0 0 0.112113 
0.23922 0 0 0 0 0 0 0.169911 0.310846 0 0 0 0 0 0 0.184053 0.310846 0 0 0 0 0 0 0 0.12357 0 0 0 0 0 0 0 0 0 0 0 0 0 0 0.147625 0.299527 0 0 0 0 0 0 0.244882 0.310846 0 0 0 0 0 0 0.0506893 0.310846 0 0 0 0 0 0 0 0 0 0 0 0 0 0 0.0075978 0.0137425 0 0 0 0 0 0 0.0505081 0 0 0 0 0 0 0 0.310846 0.309052 0 0 0 0 0 0 0.310846 0 0 0 0 0 0 0 3.41775e-05 0 0 0 0 0 0 0 0.00178453 0 0 0 0 0 0 0 0.0428731 0.0621947 0 0 0 0 0 0 0.0833091 
0.303867 0 0 0 0 0 0 0 0.122999 0 0 0 0 0 0 0 0.00972705 0 0 0 0 0 0 0 0.000228878 0 0 0 0 0 0 0 0.303867 0 0 0 0 0 0 0.0400821 0.303867 0 0 0 0 0 0 0 0.219056 0 0 0 0 0 0 0 0.027684 0 0 0 0 0 0 0 0 0 0 0 0 0 0 0.277468 0.303867 0 0 0 0 0 0 0.303867 0.303867 0 0 0 0 0 0 0 0.294986 0 0 0 0 0 0 0 0 0 0 0 0 0 0 0.0308552 0.0772241 0 0 0 0 0 0 0.0845846 0.260077 0 0 0 0 0 0 0.188923 0.279896 0 0 0 0 0 0 0.143732 
0.318204 0 0 0 0 0 0 0 0.150937 0 0 0 0 0 0 0 0.00686151 0 0 0 0 0 0 0 3.6269e-05 0 0 0 0 0 0 0 0.318204 0 0 0 0 0 0 0.0166717 0.318204 0 0 0 0 0 0 0 0.0798396 0 0 0 0 0 0 0 0.00161558 0 0 0 0 0 0 0 0 0 0 0 0 0 0 0.318204 0.318204 0 0 0 0 0 0 0.318204 0.318204 0 0 0 0 0 0 0 0.039108 0 0 0 0 0 0 0 0 0 0 0 0 0 0 0.0947364 0.318204 0 0 0 0 0 0 0.142435 0.318204 0 0 0 0 0 0 0 0.168637 0 0 0 0 0 0 0 
0.334039 0 0 0 0 0 0 0 0.160408 0 0 0 0 0 0 0 0.0068466 0 0 0 0 0 0 0 3.70933e-05 0 0 0 0 0 0 0 0.334039 0 0 0 0 0 0 0 0.334039 0 0 0 0 0 0 0 0.0919632 0 0 0 0 0 0 0 0.00159297 0 0 0 0 0 0 0 0.0429589 0 0 0 0 0 0 0.334039 0.334039 0 0 0 0 0 0 0.142715 0.334039 0 0 0 0 0 0 0 0.0275984 0 0 0 0 0 0 0 0 0 0 0 0 0 0 0.0973367 0.275681 0 0 0 0 0 0 0.247066 0.334039 0 0 0 0 0 0 0.0785325 0.0950226 0 0 0 0 0 0 0 
0 0 0 0.212552 0 0 0 0 0 0 0 0.322093 0.101133 0 0 0 0 0 0 0 0.322093 0 0 0 0 0 0 0 0.0392758 0 0 0 0 0 0 0.078384 0 0 0 0 0 0 0 0.322093 0.173316 0 0 0 0 0 0 0 0.322093 0 0 0 0 0 0 0 0.242715 0 0 0 0 0 0 0.00824386 0 0 0 0 0 0 0 0.18405 0 0 0 0 0 0 0 0.322093 0.238276 0 0 0 0 0 0 0 0.322093 0 0 0 0 0 0 0.000323744 0 0 0 0 0 0 0 0.0294355 0 0 0 0 0 0 0 0.148151 0.0906536 0 0 0 0 0 0 0 0.322093 0 0 0 
0 0 0 0.30599 0 0 0 0 0 0 0 0.255536 0.30599 0 0 0 0 0 0 0 0.30599 0 0 0 0 0 0 0 0.11854 0 0 0 0 0 0 0.147331 0 0 0 0 0 0 0 0.23575 0.2869 0 0 0 0 0 0 0.0488106 0.30599 0 0 0 0 0 0 0 0.30599 0 0 0 0 0 0 0.00730619 0 0 0 0 0 0 0 0.0486357 0.0132331 0 0 0 0 0 0 0.30599 0 0 0 0 0 0 0 0.30599 0.29853 0 0 0 0 0 0 3.29029e-05 0 0 0 0 0 0 0 0.00171844 0 0 0 0 0 0 0 0.0412174 0 0 0 0 0 0 0 0.0592158 0.0796137 0 0 0 
0 0.00656018 0.249979 0 0 0 0 0 0.131785 0.0514207 0.252382 0 0 0 0 0 0.309575 0.176178 0.027723 0 0 0 0 0 0.202591 0.0390837 0 0 0 0 0 0 0.19238 0.00360407 0.00289931 0 0 0 0 0 0.309575 0 0 0 0 0 0 0.196498 0.146925 0 0 0 0 0 0 0.309575 0.0840091 0 0 0 0 0 0 0.0181528 0.309575 0 0 0 0 0 0 0 0.309575 0 0 0 0 0 0 0 0.161951 0 0 0 0 0 0 0.0223756 0.000987329 0 0 0 0 0 0 0.00720302 0.309575 0 0 0 0 0 0 0 0.268794 0 0 0 0 0 0 0 0.0266777 0 0 0 0 0 0 0 0.000273177 0 0 0 0 0 0 0 
3.38541e-05 1.83452e-07 2.03508e-05 0 0 0 0 0 0.0100187 5.03613e-06 0 0 0 0 0 0 0.199977 0 0 0 0 0 0 0 0.253091 0 0 0 0 0 0 0.243842 0.000885066 0 0 0 0 0 0 0 0.0802886 0 0 0 0 0 0 0 0.333173 0 0 0 0 0 0 0 0.333173 0 0 0 0 0 0 0 0.0175501 0 0 0 0 0 0 0 0.199671 0 0 0 0 0 0 0.0786109 0.333173 0 0 0 0 0 0 0.227964 0.333173 0 0 0 0 0 0 0 0.10499 0 0 0 0 0 0 0 0.333173 0 0 0 0 0 0 0 0.220846 0 0 0 0 0 0 0.333173 0.0263338 0 0 0 0 0 0 0.0714742 
0 0 0 0 0.00116987 0 0 0 0 0 0 0 0.127251 0 0 0 0 0 0 0 0.346613 0 0 0 0 0.114655 0.0246314 0.0819914 0.131228 0 0 0 0 0 0 0 0.00158051 0 0 0 0 0 0 0 0.158341 0 0 0 0 0 0 0 0.346613 0 0 0 0 0.0032119 0 0.00810953 0.346613 0 0 0 0 0 0 0 0.00547853 0 0 0 0 0 0 0.164499 0.0509727 0 0 0 0 0 0 0.346613 0.109114 0 0 0 0 0 0 0.241273 0.0928933 0 0 0 0 0 0 0 0.0134733 0 0 0 0 0 0 0 0.346613 0 0 0 0 0 0 0.279985 0.346613 0 0 0 0 0 0 0.10954 0.0332879 0 0 0 
0 0 0 0 0.0205896 0 0 0 0 0 0 0 0.342074 0 0 0 0 0 0 0 0.342074 0 0 0 0 0 0 0 0.220636 0 0 0 0 0 0 0 0.19429 0 0 0 0 0 0 0 0.342074 0 0 0 0 0 0 0 0.342074 0 0 0 0 0 0 0 0.0732443 0 0 0 0 0 0 0.103072 0.342074 0 0 0 0 0 0 0 0.342074 0 0 0 0 0 0 0 0.183171 0 0 0 0 0 0 0 0.0066966 0 0 0 0 0 0 0.342074 0.0714126 0 0 0 0 0 0 0.174374 0.0912396 0 0 0 0 0 0 0.000858989 0.0250456 0 0 0 0 0 0 0 0.00027308 0 0 0 
0 0 0 0 0.014642 0 0 0 0 0 0 0 0.210681 0 0 0 0 0 0 0 0.32947 0 0 0 0 0 0 0 0.32947 0 0 0 0 0 0 0 0.205607 0 0 0 0 0 0 0.04581 0.32947 0 0 0 0 0 0 0.267367 0.305158 0 0 0 0 0 0 0.00558177 0.100458 0 0 0 0 0 0 0.0182075 0.32947 0 0 0 0 0 0 0 0.32947 0 0 0 0 0 0 0.00620628 0.190185 0 0 0 0 0 0 0.00464775 0.0030355 0 0 0 0 0 0 0.32947 0.0391473 0 0 0 0 0 0 0.0585225 0.206551 0 0 0 0 0 0 0 0.0283012 0 0 0 0 0 0 0 0.000292089 0 0 0 
0 0 0 0.314247 0.0611963 0 0 0 0 0 0 0 0.314247 0 0 0 0 0 0 0 0.314247 0 0 0 0 0 0 0 0.115652 0 0 0 0 0 0 0.208857 0 0 0 0 0 0 0 0.11407 0.314247 0 0 0 0 0 0 0.252303 0.314247 0 0 0 0 0 0 0.0548882 0.314247 0 0 0 0 0 0 0.00911074 0 0 0 0 0 0 0 0.0762141 0 0 0 0 0 0 0 0.314247 0 0 0 0 0 0 0 0.237072 0.314247 0 0 0 0 0 0 3.88231e-05 0 0 0 0 0 0 0 0.00175104 0 0 0 0 0 0 0 0.0264035 0 0 0 0 0 0 0 0.0823056 0 0 0 0 
0 0 0 0.00508246 0.0123058 0 0 0 0 0 0 0.123806 0.0289517 0 0 0 0 0 0 0.0595775 0.349569 0 0 0 0 0 0 0 0.349569 0 0 0 0 0 0 0.182795 0.116605 0 0 0 0 0 0 0 0.349569 0 0 0 0 0 0 0.048592 0.349569 0 0 0 0 0 0 0 0.349569 0 0 0 0 0 0 0.349569 0.047784 0 0 0 0 0 0 0 0.349569 0 0 0 0 0 0 0 0.206128 0 0 0 0 0 0 0 0.0258747 0 0 0 0 0 0 0.167488 0 0 0 0 0 0 0 0.0313113 0.0283962 0 0 0 0 0 0 0 0.00812163 0 0 0 0 0 0 7.50492e-05 0.00014311 0 0 0 
0 0 0 0.308059 0 0 0 0 0 0 0 0.2997 0.294947 0 0 0 0 0 0 0 0.309769 0 0 0 0 0 0 0 0.031421 0 0 0 0 0 0 0.10533 0 0 0 0 0 0 0 0.171552 0.309769 0 0 0 0 0 0 0 0.309769 0 0 0 0 0 0 0 0.208367 0 0 0 0 0 0 0.00838072 0 0 0 0 0 0 0 0.181513 0 0 0 0 0 0 0 0.309769 0 0 0 0 0 0 0 0 0.309769 0 0 0 0 0 0 0.000296218 0 0 0 0 0 0 0 0.0294268 0 0 0 0 0 0 0 0.176082 0.052239 0 0 0 0 0 0 0 0.309769 0 0 0 
0 0 0 0.308105 0 0 0 0 0 0 0 0.226273 0.308105 0 0 0 0 0 0 0 0.308105 0 0 0 0 0 0 0 0.119681 0 0 0 0 0 0 0.148806 0 0 0 0 0 0 0 0.238027 0.289663 0 0 0 0 0 0 0.0492805 0.308105 0 0 0 0 0 0 0 0.308105 0 0 0 0 0 0 0.00737658 0 0 0 0 0 0 0 0.0491038 0.0133605 0 0 0 0 0 0 0.308105 0 0 0 0 0 0 0 0.308105 0.300459 0 0 0 0 0 0 3.32196e-05 0 0 0 0 0 0 0 0.00173498 0 0 0 0 0 0 0 0.0416814 0 0 0 0 0 0 0 0.0808255 0.0604326 0 0 0 
0 0 0 0 2.44592e-05 0 0 0 0 0 0 0 0.00414567 0 0 0 0 0 0 0 0.122911 0 0 0 0 0 0 0 0.354015 0 0 0 0 0 0 0 0.000902929 0 0 0 0 0 0 0 0.0723337 0 0 0 0 0 0 0 0.354015 0 0 0 0 0 0 0 0.354015 0 0 0 0 0 0 0 0.0180969 0 0 0 0 0 0 0 0.29266 0 0 0 0 0 0 0 0.354015 0 0 0 0 0 0 0 0.354015 0 0 0 0 0 0 0.00563242 0.0870496 0 0 0 0 0 0 0 0.354015 0 0 0 0 0 0 0 0.354015 0 0 0 0 0 0 0 0.0936391 0 0 0 
0 0 0 0 0.019686 0 0 0 0 0 0 0 0.341879 0 0 0 0 0 0 0 0.341879 0 0 0 0 0 0 0 0.211013 0 0 0 0 0 0 0 0.187401 0 0 0 0 0 0 0 0.341879 0 0 0 0 0 0 0 0.341879 0 0 0 0 0 0 0 0.0702271 0 0 0 0 0 0 0 0.341879 0 0 0 0 0 0 0 0.341879 0 0 0 0 0 0 0 0.17693 0 0 0 0 0 0 0 0.00647732 0 0 0 0 0 0 0 0.341879 0 0 0 0 0 0 0 0.254709 0 0 0 0 0 0 0 0.0253258 0 0 0 0 0 0 0 0.000263787 0 0 0 
0 0 0 0 0.232126 0 0 0 0 0 0 0 0.0883467 0 0 0 0 0 0 0 0.00902709 0 0 0 0 0 0 0 0.000264787 0 0 0 0 0 0 0.0945901 0.315108 0 0 0 0 0 0 0 0.315108 0 0 0 0 0 0 0 0.230852 0 0 0 0 0 0 0 0.0329154 0 0 0 0 0 0 0.155662 0.14567 0 0 0 0 0 0 0.315108 0.315108 0 0 0 0 0 0 0 0.315108 0 0 0 0 0 0 0 0.315108 0 0 0 0 0 0 0.0330597 0 0 0 0 0 0 0 0.135213 0.046775 0 0 0 0 0 0 0.266028 0.198327 0 0 0 0 0 0 0.0523047 0.315108 0 0 0 
0 0 0 0.301181 0.133006 0 0 0 0 0 0 0.310796 0.310796 0 0 0 0 0 0 0 0.310796 0 0 0 0 0 0 0 0.127287 0 0 0 0 0 0 0.165329 0 0 0 0 0 0 0 0.310796 0.174319 0 0 0 0 0 0 0.10242 0.310796 0 0 0 0 0 0 0 0.310796 0 0 0 0 0 0 0.0081826 0 0 0 0 0 0 0 0.0733675 0 0 0 0 0 0 0 0.310796 0 0 0 0 0 0 0 0.129796 0.310796 0 0 0 0 0 0 3.78385e-05 0 0 0 0 0 0 0 0.00169521 0 0 0 0 0 0 0 0.0245208 0 0 0 0 0 0 0 0.107395 0 0 0 0 
0 0 0 0 0.0207862 0 0 0 0 0 0 0 0.342699 0 0 0 0 0 0 0 0.342699 0 0 0 0 0 0 0 0.212202 0 0 0 0 0 0 0 0.198213 0 0 0 0 0 0 0 0.342699 0 0 0 0 0 0 0 0.342699 0 0 0 0 0 0 0 0.072174 0 0 0 0 0 0 0.106533 0.342699 0 0 0 0 0 0 0 0.342699 0 0 0 0 0 0 0 0.186875 0 0 0 0 0 0 0 0.00683525 0 0 0 0 0 0 0.342699 0 0 0 0 0 0 0 0.179553 0.0934396 0 0 0 0 0 0 0.00087588 0.025551 0 0 0 0 0 0 0 0.000278596 0 0 0 
0 0 0 0.110911 0.327597 0 0 0 0 0 0 0.0922647 0.327597 0 0 0 0 0 0 0 0.327597 0 0 0 0 0 0 0 0.131204 0 0 0 0 0 0 0.147224 0 0 0 0 0 0 0 0.327597 0.177631 0 0 0 0 0 0 0.150301 0.327597 0 0 0 0 0 0 0 0.327597 0 0 0 0 0 0 0.00854534 0 0 0 0 0 0 0 0.0760963 0 0 0 0 0 0 0 0.327597 0 0 0 0 0 0 0 0.133028 0.327597 0 0 0 0 0 0 3.89011e-05 0 0 0 0 0 0 0 0.00175481 0 0 0 0 0 0 0 0.0248403 0 0 0 0 0 0 0 0.027804 0.051413 0 0 0 
0 0 0 0.00508044 0.0123009 0 0 0 0 0 0 0.123757 0.0289401 0 0 0 0 0 0 0.0595537 0.349546 0 0 0 0 0 0 0 0.349546 0 0 0 0 0 0 0.182724 0.116558 0 0 0 0 0 0 0 0.349546 0 0 0 0 0 0 0.0485726 0.349546 0 0 0 0 0 0 0 0.349546 0 0 0 0 0 0 0.349546 0.0477649 0 0 0 0 0 0 0 0.349546 0 0 0 0 0 0 0 0.206046 0 0 0 0 0 0 0 0.0258644 0 0 0 0 0 0 0.168091 0 0 0 0 0 0 0 0.0312983 0.0283849 0 0 0 0 0 0 0 0.0081184 0 0 0 0 0 0 7.50193e-05 0.000143053 0 0 0 
0.302117 0 0 0 0 0 0 0 0.302117 0 0 0 0 0 0 0 0.157398 0 0 0 0 0 0 0 0.00788465 0 0 0 0 0 0 0 0.0803846 0 0 0 0 0 0 0.258527 0.302117 0 0 0 0 0 0 0.274266 0.17357 0 0 0 0 0 0 0.022358 0.0116212 0 0 0 0 0 0 0 0.302117 0 0 0 0 0 0 0.00955753 0.302117 0 0 0 0 0 0 0 0.302117 0 0 0 0 0 0 0 0.0275764 0 0 0 0 0 0 0 0.251776 0 0 0 0 0 0 0 0.302117 0 0 0 0 0 0 0 0.302117 0 0 0 0 0 0 0 0.0379954 0 0 0 0 0 0 0 
0 0 0.250451 0 0 0 0 0 0 0 0.285013 0 0 0 0 0 0 0 0.285013 0 0 0 0 0 0 0.00538785 0.13883 0 0 0 0 0 0 0 0.285013 0 0 0 0 0 0 0 0.285013 0 0 0 0 0 0 0.18526 0.285013 0 0 0 0 0 0.0488221 0.236383 0.0198708 0 0 0 0 0 0.00810233 0.0148699 0.146371 0 0 0 0 0 0.194346 0.0626735 0.0751989 0 0 0 0 0 0.285013 0.0238037 0 0 0 0 0 0 0.285013 0 0 0 0 0 0 0 0.121565 0.00158602 0 0 0 0 0 0 0.285013 0 0 0 0 0 0 0 0.285013 0 0 0 0 0 0 0 0.0961364 0 0 0 0 0 0 0.0158206 
0 0 0 0.120159 0 0 0 0 0 0 0.266692 0.0573829 0 0 0 0 0 0.260063 0.0734332 0 0 0 0 0 0 0.177545 0 0 0 0 0 0 0 0 0 0.0838322 0.163635 0 0 0 0 0 0.130404 0.280429 0.0298475 0 0 0 0 0.280429 0.105969 0 0 0 0 0 0 0.280429 0 0 0 0 0 0 0 0 0 0 0.280429 0 0 0 0 0 0 0.108214 0.280429 0 0 0 0 0.277401 0.0415257 0.0524067 0 0 0 0 0 0.280429 0 0 0 0 0 0 0 0 0 0.0546258 0.193914 0 0 0 0 0 0 0.0819957 0.280429 0 0 0 0 0.035673 0.00589229 0.0837566 0.0124182 0 0 0 0 0.21039 0 0 0 0 0 0 
0 0 0 0 0.010626 0 0 0 0 0 0 0 0.189355 0 0 0 0 0 0 0.0294657 0.314011 0 0 0 0 0 0 0.136495 0.216448 0 0 0 0 0 0 0 0.016888 0 0 0 0 0 0 0 0.296506 0 0 0 0 0 0 0 0.314011 0 0 0 0 0 0 0 0.314011 0 0 0 0 0 0 0 0.0195374 0 0 0 0 0 0 0.0488595 0.22167 0 0 0 0 0 0 0.172097 0.314011 0 0 0 0 0 0 0.0721971 0.314011 0 0 0 0 0 0 0 0.034003 0 0 0 0 0 0 0.0803024 0.218037 0 0 0 0 0 0 0.314011 0.124423 0 0 0 0 0 0 0.245972 0 0 0 0 
0 0 0 0 0.209091 0 0 0 0 0 0 0 0.297472 0 0 0 0 0 0 0.227948 0.0703585 0 0 0 0 0 0 0.210202 0 0 0 0 0 0 0 0 0.297472 0 0 0 0 0 0 0.0770111 0.297472 0 0 0 0 0 0.113479 0.297472 0 0 0 0 0 0.0989076 0.208802 0.051363 0 0 0 0 0 0 0.00340803 0.0182326 0.116584 0 0 0 0 0.121299 0.0323833 0.0736933 0.017652 0 0 0 0 0.297472 0.0435307 0 0 0 0 0 0 0.297472 0 0 0 0 0 0 0 0.0605776 0.00237964 0.00186844 0 0 0 0 0 0.297472 0 0 0 0 0 0 0 0.297472 0 0 0 0 0 0 0 0.177279 0 0 0 0 0 0 
0 0 0 0 0 0.00729741 0.160136 0 0 0 0 0 0.0995808 0.21404 0.0230752 0 0 0 0 0 0.280502 0 0 0 0 0 0 0 0.117064 0 0 0 0 0 0 0 0 0 0.280502 0 0 0 0 0 0.0557058 0.12668 0.280502 0 0 0 0 0 0.280502 0 0 0 0 0 0 0 0.280502 0 0 0 0 0 0 0 0 0 0.280502 0 0 0 0 0 0 0.0183135 0.280502 0 0 0 0 0.0503862 0.236176 0.014981 0 0 0 0 0 0.0685068 0.280502 0 0 0 0 0 0 0 0 0 0.280502 0 0 0 0 0 0 0 0.280502 0 0 0 0 0.0335035 0.012337 0.00240248 0.0286082 0 0 0 0 0.179785 0.0194949 0 0 0 
