0 0 0 0.0541635 0.132787 0 0 0 0 0 0 0 0.234771 0 0 0 0 0 0 0 0.268206 0 0 0 0 0 0 0 0.19044 0 0 0 0 0 0 0.294995 0.0675537 0 0 0 0 0 0 0 0.294995 0 0 0 0 0 0 0.294995 0.294995 0 0 0 0 0 0 0.223965 0.201586 0 0 0 0 0 0 0.200382 0.0835335 0 0 0 0 0 0 0 0.294995 0.075593 0.00951287 0 0 0 0.101796 0.294995 0.0635042 0 0.00333929 0 0 0 0.0233011 0.294995 0 0 0 0 7.92764e-05 0.000349988 0.00178606 0.0100637 0.00264691 0 0.000520002 0.00032962 0 0 0.000503012 0.00067936 0.00432788 0.00717355 0.0652427 0 0.00399679 0.0026661 0.0527019 0 0 0 0.0366403 0.0204653 0 0 0.157833 0.0989975 0 0 0 0 
0 0 0 0 0 0.276575 0 0 0 0 0 0 0 0.276575 0 0 0 0 0 0 0.0416641 0.276575 0 0 0 0 0 0 0.0818892 0.276575 0 0 0 0 0.0400628 0.0838455 0.119583 0 0 0 0 0.164531 0.169935 0 0.0600398 0 0 0 0 0.276575 0 0.00904103 0.00411282 0 0 0 0 0.252557 0 0 0.0374582 0 0 0 0 0.00699489 0.0201998 0.276575 0 0 0 0 0 0 0.0869457 0.276575 0.0306908 0 0 0 0 0.134856 0.0276587 0.0440342 0.0785673 0 0 0 0 0.165292 0.00213554 0.0028373 0 0 0 0 0.276575 0.0138112 0.00330832 0.0428789 0 0 0 0 0 0 0.00556505 0.248746 0.115492 0 0 0 0 0 0 0 0.276575 0 0 0 0 0.00130876 0 0.00380241 0.121165 0 0 0 
0 0 0 0 0.271605 0 0 0 0 0 0 0 0.100294 0.271605 0 0 0 0 0 0 0.0113165 0.271605 0 0 0 0 0 0 0.00542929 0.238426 0 0 0.0205142 0 0.0541623 0.041883 0.0413485 0 0 0 0 0.0834045 0.271605 0.0679354 0 0 0 0 0 0.271605 0.0255024 0 0 0 0 0 0.233628 0.123512 0 0 0 0 0 0 0.160308 0.0340454 0.0353486 0.0448221 0 0 0 0 0 0 0 0.271605 0.0328463 0 0 0 0 0.0166421 0.0217545 0.111345 0.271605 0 0 0 0.090539 0.019611 0 0.0018578 0.0520426 0 0 0 0.271605 0 0 0 0 0 0 0 0.166087 0.033687 0 0.103183 0 0 0 0 0 0 0.00684017 0.106383 0.271605 0 0 0 0 0 0 0 0.271605 0 0 0 
0.0493593 0.000985173 0 0 0 0 0 0.0782665 0.262142 0 0 0 0 0 0 0.0342843 0.262142 0 0.0313859 0.0665362 0 0 0 0 0 0 0 0.129249 0.193333 0 0 0 0.000586465 0 0.000645948 0 0.0177458 0.0765937 0.00343147 0.00939571 0.0494725 0 0 0 0 0.0817669 0.0387776 0.121758 0.15987 0 0 0 0 0 0.0283368 0.262142 0.0372193 0 0 0.0785435 0.0169335 0 0 0.115791 0 0 0 0 0.0193845 0.262142 0 0 0 0 0 0 0 0.262142 0 0 0 0 0 0 0 0.262142 0.262142 0 0.0279119 0 0 0 0 0 0.197077 0.0751709 0 0.262142 0 0 0 0 0 0 0 0.262142 0 0 0 0 0 0 0.139214 0.262142 0 0 0 0 0 0 0.242375 0.201142 0 0 0 0 0 0 
0 0 0 0 0.186924 0.0346219 0 0 0 0 0.0245445 0.00758087 0.135456 0.0992086 0 0 0 0.0950137 0 0 0.0959031 0.089539 0 0 0 0.0616771 0 0 0.0045198 0.139287 0 0 0.00262436 0.000892208 0.0668511 0.042856 0 0 0.00198609 0.00158713 0 0.198247 0.325138 0 0 0 0 0 0 0.325138 0.0344477 0 0 0 0 0 0 0.325138 0 0 0 0 0 0 0 0 0 0.20924 0.0113023 0.00679314 0 0 0 0 0 0.325138 0.0432577 0 0 0 0 0.0364148 0.0585589 0.0925605 0.272554 0 0 0 0 0.0762303 0.00473813 0.00167296 0.0456391 0 0 0 0.00444323 0 0.000763637 0.0324381 0.0114568 0.00113573 0 0 0 0 0 0.325138 0.0401795 0 0 0 0 0 0 0.0952646 0.325138 0 0 0 0 0 0 0 0.226271 0 0 0 
0.114576 0 0 0 0 0.0876969 0.0275945 0.0782441 0.277858 0.00564694 0 0 0 0 0.0192581 0.0547473 0.20548 0.0225888 0.0816994 0.0232634 0 0 0 0 0 0.0198812 0.0317203 0.326418 0 0 0 0 0.326418 0 0 0 0 0 0 0 0.326418 0 0 0 0 0 0 0.0904919 0.11415 0 0 0 0 0 0 0.326418 0.156593 0 0 0 0 0 0 0.325934 0.0178978 0 0 0 0 0.0108226 0.00408573 0.0446592 0 0 0 0 0 0.00428898 0.00273749 0.125557 0 0 0 0 0 0 0.0161964 0.326418 0 0 0 0 0 0 0 0.326418 0 0 0 0 0 0.00635788 0.00499793 0.0130286 0.0134019 0.0012453 0.000860745 0.000172061 0 0.0022405 0.000925836 0.0062163 0.010079 0.0014925 0 0 0 0 0.0247227 0.00433665 0 0 0 0 0 0 0.0376893 0.167217 
0 0 0 0 0.0199917 0.221167 0 0 0 0.0103178 0 0.00214197 0.00427038 0.237774 0 0 0 0.0335069 0 0 0.00988078 0.207793 0 0 0 0.0195807 0 0 0 0.196573 0 0 0 0 0.0872261 0.0510345 0.00234648 0 0 0 0 0.297391 0.135147 0 0 0 0 0 0 0.297391 0 0 0 0 0 0 0 0.297391 0 0 0 0 0 0 0.0171663 0.0222868 0.0343002 0.216791 0 0 0 0 0 0 0.108088 0.297391 0.0354526 0 0 0 0 0.174871 0.0395074 0.0574184 0.113647 0 0 0 0.0126585 0.149915 0 0 0.00642563 0.000772791 0 0 0.297391 0.0174067 0 0.0124108 0 0 0 0 0.0159403 0.0133623 0 0.246952 0.101233 0 0 0 0 0 0 0 0.297391 0 0 0 0 0 0.000819917 0 0.215423 0 0 0 
0 0 0.00287608 0.0203793 0 0.0137448 0.0400747 0.0164171 0 0 0.159725 0.283188 0 0 0 0 0 0.155272 0.208287 0.27913 0 0 0 0 0 0.283188 0.00315003 0.0187869 0 0 0 0 0 0 0 0.00604728 0.0295788 0.0286982 0.00331375 0.00591358 0 0 0 0.283188 0.00447346 0 0 0 0 0 0 0.283188 0.283188 0 0 0 0 0 0 0 0.283188 0 0 0 0.129268 0 0 0.000629731 0 0 0 0 0.00526763 0.0042867 0.00526672 0.108205 0 0 0 0 0 0 0 0.283188 0.0499864 0 0 0 0 0 0 0.117814 0.283188 0 0 0 0.169157 0 0 0 0 0 0 0.0221984 0.113447 0.00237313 0.00135009 0.00378841 0 0 0 0 0 0.000982411 0 0.120999 0 0 0 0 0 0 0 0.283188 0.0340265 0 0 0 
0 0 0 0 0 0 0 0.285912 0.066721 0 0 0 0 0 0 0.143082 0.105477 0 0 0 0 0 0 0.186543 0.0314794 0.00257458 0.00346401 0.0909975 0 0 0 0.00844429 0.00737592 0 0 0 0 0 0 0.285912 0.0333485 0.285912 0.0536292 0 0 0 0 0.0144434 0.285912 0 0 0 0 0 0 0 0.285912 0.00352365 0 0.00551911 0 0 0 0 0 0 0.0714682 0 0 0 0 0.237 0 0.0880642 0.285912 0 0 0 0 0 0.285912 0 0 0 0 0 0 0.212518 0.285912 0 0 0 0 0 0 0.0640841 0.00143096 0 0.107846 0 0 0 0 0.0871856 0.00286158 0 0.159052 0.00495975 0 0 0.00915899 0.00326221 0 0 0 0 0 0 0.0194959 0.211108 0.195698 0 0 0 0 0 0 0.123787 
0 0 0 0.00508423 0.275098 0.128883 0 0 0 0 0 0 0.143523 0.275098 0.0185276 0 0 0 0 0.186285 0.0910358 0 0 0 0 0 0 0.03644 0.000610578 0 7.41995e-05 0.000505273 0.0632785 0.0318201 0.0134194 0.027083 0.128241 0 0 0 0 0 0 0.235007 0.275098 0 0 0 0 0 0 0.275098 0 0 0 0 0 0 0 0.00424092 0.0250479 0.000222149 0 0.000147776 0.275098 0.0855293 0.0187571 0.0374877 0 0 0 0 0 0 0 0.246211 0.275098 0 0 0 0 0 0 0 0.275098 0 0 0 0 0 0 0.00910438 0.0177048 0.000452351 0 0 0.275098 0.0427348 0 0 0 0 0 0 0 0.0254173 0.0295604 0.0929429 0.275098 0 0 0 0 0 0 0 0.275098 0 0 0 0 0 0 0 0.0307326 0.00646728 0.00181314 0 
0.11342 0 0 0 0 0 0 0.110546 0.280556 0 0 0 0 0 0 0.0843442 0.280556 0 0.0137888 0.0476269 0 0 0 0 0 0 0.00542507 0.148438 0.151613 0 0 0 0 0 0 0 0 0.0812093 0.010709 0.0382979 0.0394452 0 0 0 0 0.0349842 0.0556871 0.280556 0.280556 0 0 0 0 0 0 0.280556 0.0501106 0 0.00643978 0.0624729 0.00155402 0 0 0.12243 0 0 0 0 0 0.280556 0 0 0 0 0 0 0 0.280556 0.0228679 0 0 0 0 0 0 0.280556 0.280556 0.029677 0 0 0 0 0 0 0.22664 0.0556831 0 0.00909398 0 0 0.0106643 0.147604 0 0 0 0.00824568 0 0 0 0.229583 0 0 0.0135301 0.0022576 0 0 0 0.207348 0.0111398 0.00308536 0.025794 0 0 0 0 0 0.0417188 0.0059288 
0.215902 0 0 0 0 0 0 0.0103083 0.326534 0 0 0 0 0 0 0 0.326534 0 0 0 0 0 0 0 0.256988 0 0 0 0 0 0 0 0.326534 0 0 0 0 0 0 0 0.326534 0 0 0 0 0 0 0 0.326534 0 0 0 0 0 0 0.222657 0.317616 0 0 0 0 0 0 0.263998 0.0765262 0 0 0 0 0 0.00269743 0.108114 0.283131 0 0 0 0 0 0 0 0.0372621 0 0 0 0 0 0.00369609 0.104767 0.00957585 0 0 0 0 0 0 0.14413 0.00976074 0 0 0 0 0 0.00356901 0.00983733 0.0133032 0 0 0 0 0 0 0.0116331 0.0410896 0 0 0 0 0 0 0 0.0281826 0 0 0 0 0 0 0.00221181 
0.291382 0 0 0 0 0 0 0 0.291382 0 0 0 0 0 0 0 0.0298197 0 0 0 0 0 0 0.188768 0.0107495 0.0995435 0.193205 0 0 0 0 0 0.291382 0 0 0 0 0 0 0 0.234509 0 0 0 0 0 0 0.255335 0 0 0 0 0 0 0.0623607 0.291382 0.0792185 0.291382 0 0 0 0 0 0 0.0575789 0 0 0 0 0 0 0.0114768 0 0 0 0 0 0 0.0980642 0.107479 0 0 0 0 0 0.0696982 0.291382 0 0.0160308 0.291382 0 0 0 0 0 0 0.0146263 0 0 0 0 0 0.00421146 0.00708614 0 0 0 0 0 0.142752 0.0541072 0.00269711 0 0.0538874 0.00958323 0.00210637 0 0.224088 0 0 0 0.291382 0 0 0 0 0 0 
0 0 0 0.0243716 0.289468 0 0 0 0 0 0 0 0.135315 0 0.0103728 0.00234762 0 0 0 0 0 0 0.0105885 0.212565 0.00116348 0 0.0221588 0.0184177 0 0 0.00407308 0.077971 0 0 0.0104186 0.289468 0.195406 0 0 0 0 0 0 0 0.289468 0.00471507 0.00252808 0.00270841 0 0 0 0 0 0 0.0105381 0.289468 0 0 0.0368471 0.0661543 0 0.00141441 0 0.0495777 0.0994494 0.0142752 0.00877626 0.193839 0.0401781 0 0 0 0 0 0 0.0343102 0.289468 0 0 0 0 0 0 0 0 0.191392 0.156913 0.094434 0 0 0.0660174 0.0547855 0.00975514 0.00692163 0 0.0125185 0.272852 0.00679322 0.0076404 0 0 0 0 0 0.0146393 0.00585569 0.000898733 0.0421469 0.289468 0 0 0 0 0 0 0.0198467 0.289468 0.220889 0 0 0 0 0 0.200771 0.0338113 0 0 0 
0 0 0 0 0 0 0 0.124243 0 0 0 0 0 0.0451506 0.0993708 0.0596645 0 0 0 0 0.115782 0.135381 0 0 0.00290855 0.00438495 0.000380259 0 0.0443492 0 0 0 0 0 0 0 0 0 0 0.248297 0 0 0 0 0 0 0.202302 0.293652 0 0 0 0 0.293652 0.155374 0.0143142 0 0 0 0 0 0.293652 0 0.000446463 0 0 0 0 0 0 0 0 0.293652 0 0 0 0 0 0 0 0.293652 0.0669515 0.00525549 0 0.154543 0.134413 0 0 0.0238504 0 0 0 0 0.293652 0 0 0 0 0 0 0 0 0 0 0.192965 0 0 0 0 0 0 0 0.293652 0.179596 0.00495395 0.0153308 0.0394919 0 0 0 0.0423534 0 0 0 0.0908116 0.276477 0 0 0 
0 0 0 0 0 0 0 0.251733 0.230312 0 0 0 0 0 0 0.23657 0.261415 0.014031 0.0218823 0.0909262 0 0 0 0 0 0 0 0.194103 0.174582 0 0 0 0.00876445 0.00401559 0 0 0 0 0 0.235198 0.238703 0.135413 0.0397681 0 0 0 0 0 0.261415 0 0 0 0 0 0 0 0.069301 0.0268661 0.0243113 0.261415 0 0 0 0 0 0 0.0115984 0.0151823 0 0 0.00102523 0.0881662 0.0312131 0.0148911 0.196923 0.0140496 0 0 0 0 0.254094 0 0 0 0 0 0 0.261415 0.261415 0.00894163 0.0246562 0.049234 0 0 0 0.0389223 0 0 0 0.0588195 0 0 0 0.0508356 0 0 0.102445 0.0784971 0 0 0 0 0.0371345 0.00731224 0 0 0 0 0 0.203979 0.137222 0 0 0 0 0 0 0.261415 
0.252694 0.00199798 0 0.0141725 0 0 0 0 0.195881 0.152266 0.0684563 0 0 0 0 0.00985859 0 0 0 0.0681502 0.109561 0.0284172 0 0 0 0 0.00770236 0.00218631 0.0209632 0.00461146 0.00049891 0 0.0290262 0 0.00310499 0.154634 0 0 0 0 0.0758161 0 0 0 0 0 0 0.275997 0 0 0 0 0.275997 0.0973926 0.089199 0.0314713 0 0 0.00205924 0.00785725 0.203539 0 0 0 0.00985521 0.00900858 0.00714242 0.156997 0 0 0 0 0.275997 0 0 0 0 0 0 0.275997 0.265175 0.0185487 0 0.0973739 0.0988331 0.00573513 0 0.0446205 0 0 0 0.0274676 0.275997 0 0 0 0 0 0.0211236 0.202244 0 0 0 0 0.256701 0.0123671 0.00273995 0 0 0 0 0.146121 0.275997 0.0107147 0 0.0112375 0 0 0 0.0389235 0 0.0042649 0 0.0946054 0.217003 0 0 0 
0 0.0723538 0 0.000171315 0 0 0 0 0 0.299519 0 0 0 0 0 0 0 0.283325 0.0136278 0 0 0 0 0 0 0 0.000797059 0.00308609 0.0040608 0.00412853 0 0 0 0.00248594 0.17637 0 0 0 0 0 0 0.22047 0.299519 0 0 0 0 0 0.0238613 0.183578 0.0513768 0 0 0 0 0.0102952 0.0135147 0 0 0 0 0.000860976 0.000513533 0.0235021 0 0 0.21282 0 0 0 0 0 0 0 0.299519 0.149683 0 0 0 0 0 0 0.0385568 0.299519 0.133662 0 0 0 0 0 0 0.00486309 0.299519 0.00366859 0 0 0.00316186 0.00469031 0.0360128 0 0 0 0 0.0281647 0 0 0.0496177 0.251104 0 0 0 0 0 0 0 0.299519 0.118694 0 0 0 0 0 0 0 0.299519 0 0 0 
0 0 0 0.155648 0 0 0 0 0.0128109 0 0 0.0347971 0 0 0 0.235165 0.0375658 0 0 0 0 0.0276481 0.0174892 0.285193 0 0 0 0.0162195 0.285193 0 0 0 0 0 0 0.226943 0 0 0 0 0.191337 0.0166858 0.0318659 0.0605171 0 0 0 0 0.285193 0 0 0 0 0 0 0 0.0633551 0.0254909 0 0.106064 0.138521 0 0 0 0 0 0 0.273168 0 0 0 0 0.0168588 0.0075633 0.0109619 0.161889 0 0 0 0.0455122 0.18135 0 0 0 0 0 0 0.285193 0.285193 0 0.0132618 0.0632626 0 0 0 0 0 0 0 0.248192 0 0 0 0 0.00319206 0.000546137 0.00158696 0.116136 0 0 0 0.0541194 0 0 0 0 0 0 0 0.285193 0.285193 0.00765095 0 0 0 0 0 0.0178967 
0 0 0 0 0.201755 0.181921 0 0 0 0 0 0 0.143268 0.0969166 0 0 0 0 0 0 0 0 0.0165864 0.278252 0 0 0 0.129186 0.0175897 0 0.0196304 0.025884 0.0456809 0.00712893 0 0.0431022 0.25953 0 0 0.00107763 0 0 0 0 0.278252 0 0 0 0 0 0 0 0 0 0.00944376 0.278252 0 0 0 0.0327894 0.229418 0.0246323 0.00815668 0 0.278252 0.0166085 0.00722437 0.0686061 0 0 0 0 0 0 0 0.0505078 0.278252 0.0685234 0 0 0 0 0 0 0 0.083198 0.278252 0.23107 0 0 0 0 0.13795 0.106643 0.0909761 0 0.278252 0 0 0 0 0 0 0 0.0825914 0.0116465 0.00736015 0.00907463 0.111078 0.0550546 0 0 0.00653376 0 0.00427493 0 0 0.132604 0.204277 0.00726606 0 0 0 0 0 0.0655221 0.110779 0.0207465 
0 0 0 0.00572837 0 0 0.0833433 0 0.00140067 0 0 0.00125235 0.000562699 0 0.0678514 0.0149426 0.267874 0 0 0 0 0 0 0.0165816 0.267874 0 0 0 0 0 0 0.0114117 0 0 0 0 0 0 0.267874 0 0 0 0 0 0 0 0.234265 0.028865 0.267874 0 0 0 0 0 0 0.0435267 0.267874 0 0 0 0 0 0 0 0 0 0 0 0 0.101019 0.267874 0 0 0 0 0 0 0.267874 0.167354 0 0.267874 0 0 0 0 0 0 0.267874 0.238284 0 0 0 0 0 0 0 0 0 0 0 0.20915 0.0305254 0.00579269 0 0.00779448 0 0 0 0.267874 0 0.0145667 0.00618787 0.235565 0 0 0 0 0 0 0.062093 0.115126 0 0 0 0 0 0 0 
0.1372 0 0 0 0 0 0 0 0.137302 0 0 0 0 0 0 0.0155091 0.00608054 0 0 0 0 0 0 0.153069 0.0161046 0.126435 0 0 0 0 0 0.0199149 0.322757 0 0 0 0 0 0 0 0.322757 0 0 0 0 0 0 0.193904 0 0 0 0 0 0 0 0.322757 0.0782814 0.213391 0 0 0 0 0 0.152259 0.241253 0 0 0 0 0 0 0.0152959 0.12221 0 0 0 0 0 0.0378574 0.191656 0 0 0 0 0 0.129032 0.322757 0.136165 0.0420918 0.174146 0 0 0 0 0.0795169 0.083512 0 0 0 0 0 0 0.00618124 0.00694101 0 0 0 0 0 0.142375 0.0172843 0.00229079 0 0 0 0 0 0.322757 0 0 0 0.274664 0.00124832 0 0 0.02106 0 0 
0.283453 0 0 0 0 0 0 0 0.164412 0.0118816 0.00820633 0.0973841 0.0293651 0 0 0 0 0 0 0.283453 0.114954 0 0 0 0 0 0 0 0 0.0139829 0.0445065 0.184097 0.280756 0 0 0 0 0 0 0.0783583 0.283453 0.00914118 0 0.0117685 0 0 0 0 0.0125392 0 0 0.0581088 0.283453 0 0 0 0 0 0 0 0 0.201606 0.274862 0 0.0801352 0 0 0 0 0 0 0.0968255 0.283453 0 0 0 0 0 0 0 0.283453 0.116084 0.0071747 0 0.018941 0 0 0 0.0496037 0.0643763 0.00575486 0 0 0.0230088 0.0264854 0.0139415 0.00871749 0 0 0 0 0 0 0.0424055 0.283453 0 0 0 0 0 0 0.0449024 0.283453 0.0523767 0 0 0 0 0 0.0191074 0.0293471 0.0160371 0 0 0 0 0.0278251 0.137167 
0 0 0 0 0.159794 0.00244775 0 0 0 0 0 0 0.315093 0.129757 0 0 0 0 0 0 0 0.315093 0.0424108 0 0 0 0 0.0151502 0.0834003 0.0918721 0.0435039 0 0 0 0 0 0.0609112 0.00075509 0 0 0 0 0 0 0.241443 0.103502 0 0 0 0 0 0 0.315093 0.301816 0 0 0 0 0 0.268097 0.192251 0 0 0 0 0 0 0 0.0215325 0.00212882 0 0 0 0 0 0 0.178759 0.00800927 0 0 0 0 0 0 0.315093 0 0 0 0 0 0 0.17078 0.133569 0.00146523 0 0.0158907 0 0 0 0 0.000794135 0.00348625 0.00935308 0.00682564 0 0 0 0 0.211183 0.0175499 0 0 0 0 0 0.181995 0.315093 0 0 0 0 0 0 0.076772 0.0549781 0 0 0.0489826 
0.25051 0 0 0 0 0 0 0.0422118 0.0983925 0.00676213 0 0.0577136 0.137974 0 0 0 0 0 0 0 0.290952 0.0249718 0 0 0 0 0 0.0538599 0.12661 0.00753103 0 0 0.143297 0 0 0 0 0 0 0.112447 0.290952 0 0 0 0.0149659 0 0 0.00387602 0 0.0130439 0 0.238008 0.290952 0 0 0 0 0 0 0.290952 0.0284855 0 0 0 0.00771581 0 0 0 0 0 0.00149308 0.102978 0.290952 0 0 0 0 0 0 0 0 0.209047 0.220007 0.192311 0 0 0 0 0 0 0 0.290952 0 0 0 0 0.00751365 0.00230102 0.00537944 0.0150832 0.000377523 0 0 0 0.200702 0.0272566 0.0138321 0 0 0 0 0 0.129554 0.114797 0.0363399 0 0 0 0.0172762 0.047873 0 0 0 0.0692159 0.254271 0.013638 0 0 
0.0088429 0.00193868 0 0.0398033 0.115287 0 0 0 0.311528 0 0 0 0 0 0 0 0.0558123 0 0 0.0122089 0.00242567 0 0 0.161599 0 0 0.00110325 0.0641655 0.00484842 0 0 0 0.107875 0.00408846 0.00231982 0.0385983 0.0735641 0 0 0 0.311528 0 0 0 0 0 0 0 0.0968741 0.023993 0.0135151 0.0894617 0 0 0 0 0 0.00913268 0.0264512 0.0585913 0 0 0 0 0.109316 0 0 0.0061059 0.0669291 0.0114092 0 0.00379346 0.311528 0.311528 0 0 0 0 0 0 0 0.175698 0.311528 0.0162798 0 0 0 0 0 0 0.311528 0 0 0 0 0 0 0 0.00196459 0.0585165 0.0607131 0 0 0 0 0.268688 0.0101704 0.0118088 0 0 0 0 0 0.0830571 0.311528 0 0 0 0 0 0 0 0.311528 0 0 0 0 0 
0.00243053 0.00522704 0.0539727 0.0060632 0.00340148 0 0 0.00120755 0.00487191 0 0.00267371 0.00946021 0.00185901 0 0.00893691 0.134711 0 0 0 0 0 0 0.316573 0.0962064 0 0 0 0 0 0 0.316573 0 0.110271 0.010901 0.0171688 0 0 0 0 0.0213715 0 0 0 0 0 0 0 0.316573 0 0 0 0 0 0 0.11372 0.316573 0 0 0 0 0 0 0.316573 0.00771734 0.316573 0 0 0 0 0 0 0 0.316573 0 0 0 0 0 0 0.218633 0.0463832 0 0 0 0 0 0 0.11088 0.00265782 0 0 0.00108224 0 0 0.000880959 0.0137862 0.316573 0 0 0 0 0 0 0 0.278595 0 0 0 0 0 0 0.0209797 0.0314525 0 0 0 0 0 0 0.0106668 0.000232363 0.00300624 0.00284857 0.00306909 0 0 0 0 
0.0204606 0 0 0 0.034061 0 0.000281696 0 0.293588 0 0 0 0 0 0 0.0736444 0.131744 0 0 0 0 0 0 0.212979 0.031621 0.00356059 0 0 0 0 0 0 0.149958 0.00117766 0 0.00888408 0.00299583 0 0 0 0.293588 0 0 0 0 0 0 0 0.193756 0.015999 0.00737708 0 0 0 0 0.0665923 0.00359075 0.00551843 0.0674754 0 0 0 0 0 0.180919 0 0 0.0012199 0 0 0.0285111 0.0527354 0.293588 0.071417 0 0 0 0 0 0 0 0.23246 0.160377 0 0 0 0 0 0 0 0.234496 0.00214215 0.00172602 0 0 0 0 0 0 0 0 0 0.293588 0.0281325 0 0 0 0 0 0 0.293588 0.27062 0.015167 0 0 0 0 0 0.293588 0.0775555 0 0 0 0 0 0 0.293588 0 
0 0 0 0 0.011994 0.0642712 0.011466 0 0 0 0 0 0 0.0670054 0.0353993 0.135591 0 0 0 0 0 0 0.0352587 0.328868 0.160548 0.0413188 0 0 0 0 0 0.102993 0.262391 0 0 0 0 0 0 0.200045 0.328868 0 0 0 0 0 0 0.0386362 0 0 0 0 0 0 0 0.328868 0.322753 0 0 0 0 0 0 0.326251 0.328868 0 0 0 0 0 0 0 0.328868 0 0 0 0 0 0 0 0.120867 0 0 0 0 0 0 0.142737 0.134789 0 0 0 0 0 0 0.0515475 0.0195657 0 0 0 0 0 0 0.0421583 0.0424344 0 0 0 0 0 0 0.0339145 0.0855944 0 0 0 0 0 0 0 0.0463521 0 0 0 0 0 0 0 
0 0 0 0 0 0.282073 0 0 0.0102791 0 0.0009662 0 0 0.0558602 0.108192 0 0 0.188096 0 0 0 0 0 0 0 0.0123871 0 0 0 0.0098016 0.00932779 0.00249325 0 0 0 0 0 0.141666 0.237101 0 0 0 0 0 0 0.0162631 0.282073 0 0 0.0413613 0.18112 0 0 0 0 0 0 0.00736174 0 0.0133504 0.0152792 0.00915042 0.00175752 0.0212778 0 0 0 0 0 0 0.133244 0.253228 0 0 0 0 0 0 0.216847 0.282073 0.282073 0 0 0 0 0 0 0.137585 0.282073 0 0 0 0 0 0 0.110963 0.0809854 0 0 0 0 0 0 0.165419 0 0 0 0 0 0 0 0.282073 0.282073 0 0 0 0 0 0 0.0817674 0.282073 0 0 0 0 0 0 0 
0.0246959 0.0559631 0 0 0 0 0 0 0 0 0.00262205 0.0362586 0.0521285 0 0 0 0 0 0 0 0.35057 0 0 0 0.00144033 0 0 0.0186365 0.35057 0 0 0 0.0517284 0.0732986 0 0 0 0 0 0 0 0 0.024109 0.058414 0.107003 0 0 0 0 0 0 0 0.35057 0 0 0 0.0543259 0 0 0.00918881 0.35057 0 0 0 0.00591383 0.0298291 0.00483688 0.00412015 0.0027565 0.0190935 0 0.00172666 0 0 0.0620231 0.226644 0 0 0 0 0 0 0 0.0374986 0.35057 0 0 0 0.185697 0.00399723 0 0.0758898 0.137257 0 0 0 0 0 0 0 0.006627 0.0886446 0 0 0 0 0 0.0217549 0.260089 0.0171337 0 0 0 0 0 0 0.35057 0 0 0 0.168487 0 0.00775032 0.0221931 0.0416667 0.0279451 0.0275918 0.0485334 
0.00719828 0.00528981 0.00486076 0 0 0 0 0.0525972 0 0.00156014 0.0067219 0.165899 0 0 0 0.00351163 0 0 0 0.298727 0 0 0 0 0 0 0 0.227491 0 0 0 0 0.0225879 0 0 0 0 0 0 0.118948 0.0133171 0 0 0.0218943 0 0 0.00344853 0.115186 0.0101604 0.0093096 0.0451879 0.243334 0 0 0 0 0 0 0 0.298727 0 0 0 0 0.298727 0 0 0 0 0 0 0.0173155 0.298727 0 0 0 0 0 0 0.064088 0.298727 0.0194175 0 0 0 0 0 0 0.0324729 0 0.0137659 0.0436738 0.00648653 0.00172207 0 0.0567745 0.298727 0 0 0 0 0 0 0 0.298727 0 0 0 0 0 0 0.0210988 0.113882 0 0 0 0 0 0 0.298727 0 0 0 0 0 0 0 0.298727 
0 0 0.0483116 0.0921461 0 0 0 0 0 0.182659 0.0367774 0 0 0 0 0 0 0.277726 0 0 0 0 0 0 0 0.213059 0 0 0 0 0 0 0 0 0.1384 0.206158 0 0 0 0 0 0.224048 0.280938 0.0238136 0 0 0 0 0 0.290509 0 0 0 0 0 0 0 0.290509 0 0 0 0 0 0 0 0 0 0.290509 0 0 0 0 0 0 0.0502399 0.290509 0.0560548 0 0 0 0 0.125194 0.0633544 0.0735492 0.0192687 0 0 0 0 0.222099 0.00505824 0 0 0 0 0 0 0.00166265 0 0.208216 0 0 0 0 0 0 0 0.0704126 0.290509 0 0 0 0 0 0 0 0.290509 0 0 0 0 0.00273799 0 0.0065386 0.073214 0 0 0 
0 0 0 0 0.277117 0 0 0 0 0 0 0 0.279041 0 0 0 0 0 0 0 0.279041 0 0 0 0 0 0 0 0.279041 0 0 0 0 0 0 0 0.145909 0.0195312 0 0 0 0 0 0.0167168 0.279041 0.00367234 0 0 0 0 0 0.279041 0.279041 0 0 0 0 0 0 0.270063 0.269147 0 0 0 0.212521 0 0 0 0 0 0 0 0.193594 0.0588858 0.0109504 0 0 0 0 0 0 0.146243 0.102769 0.129282 0 0 0 0 0 0 0.0580505 0.279041 0 0 0 0 0.132999 0 0 0 0 0 0 0 0.187339 0 0 0 0 0 0 0 0.0846451 0.0843908 0 0 0 0 0 0 0 0.0471104 0.0519945 0.0237639 0 0 0 0 
0.0536761 0 0 0 0 0 0 0.0312746 0.270705 0 0 0 0 0 0 0 0.270705 0 0 0 0 0 0 0 0.181796 0.00163449 0.000988113 0.00263874 0 0 0 0 0 0 0 0 0 0.0740428 0.00418514 0.0156646 0.0220379 0 0 0 0 0.0121518 0.0459561 0.149941 0.219784 0 0 0 0 0 0 0.270705 0.22544 0 0 0 0 0 0 0.128519 0 0 0 0 0 0.270705 0 0 0 0 0 0 0 0.270705 0.0168199 0 0 0 0 0 0 0.209415 0.218495 0.0587462 0 0 0 0 0 0 0.192099 0.248489 0 0 0 0 0 0.270705 0 0 0 0 0 0 0 0.270705 0 0 0 0 0 0 0 0.270705 0 0 0 0 0 0 0 0.0396769 0.18618 0 
0 0 0 0.00422499 0.161768 0.0221924 0 0 0 0 0 0 0.296485 0 0 0 0 0 0 0 0.296485 0 0 0 0 0 0 0 0.296485 0 0 0 0 0 0 0 0.00615841 0.237932 0 0 0 0 0 0 0.296485 0.103343 0 0 0 0 0 0.106434 0.296485 0 0 0 0 0 0 0.104717 0.296485 0 0 0 0.0890462 0.0582346 0 0 0 0 0.00118357 0.00266473 0.0739675 0.136796 0.00279685 0.00731409 0 0 0 0.00444217 0 0.145339 0.131358 0.167347 0 0 0 0 0 0 0.0751251 0.296485 0 0 0 0 0.16323 0.0124789 0 0 0 0 0 0 0.0731795 0.15523 0 0 0 0 0 0 0 0.296485 0 0 0 0 0 0 0 0.06454 0.11087 0.0118736 0 0 0 0 
0 0 0 0 0 0 0.0590352 0.0766245 0 0 0 0 0 0.152411 0.139193 0 0 0 0 0 0.280566 0 0 0 0 0 0 0 0.195326 0 0 0 0 0 0 0 0 0 0.0183989 0.280566 0 0 0 0 0 0.101782 0.23529 0.0946348 0 0 0 0 0.280566 0 0 0 0 0 0 0 0.280566 0 0 0 0 0 0 0 0 0 0 0.280566 0.0855596 0 0 0 0 0 0.00989502 0.280566 0.0199816 0 0 0.049386 0.243605 0 0 0 0 0 0 0 0.280566 0 0 0 0 0 0 0 0 0 0 0.198618 0.280566 0 0 0 0 0 0 0.0216239 0.157639 0.00982076 0.00903762 0.0528863 0 0 0 0 0 0 0 0.0517209 0.255179 0 0 0 
0 0 0.0585134 0.0144635 0.0691812 0.00913855 0 0 0 0.223117 0.00835013 0.00594564 0.0367241 0 0 0 0 0.245786 0 0 0.0127188 0.0120413 0 0 0.00255368 0.157873 0 0 0 0.0233853 0 0 0 0 0.26985 0.0803839 0 0 0 0 0 0.26985 0.233323 0.0568711 0 0 0 0 0 0.26985 0.0164701 0 0 0 0 0 0 0.26985 0 0 0 0 0 0 0.0184515 0.0275648 0.0530482 0.26985 0 0 0 0 0 0 0 0.26985 0.109943 0 0 0 0 0.0270894 0.0156991 0.0833233 0.223406 0 0 0 0 0.0874351 0.00664387 0.016975 0.0215908 0 0 0 0.26985 0.0242535 0 0.0100814 0 0 0 0 0.0191204 0.0188949 0 0.198062 0.0961991 0 0 0 0 0 0 0.0459953 0.26985 0 0 0 0 0 0 0 0.26985 0 0 0 
0.24407 0 0 0 0 0 0 0 0.259288 0 0 0 0 0 0 0 0.225605 0.0062341 0.00286638 0.0337296 0 0 0 0 0 0.00304723 0 0.0771482 0.139419 0 0 0 0 0 0 0 0 0.0212689 0.0146665 0.0846233 0.0862351 0 0 0 0 0 0.0104971 0.259288 0.259288 0 0 0 0 0 0 0.250224 0.089145 0 0.00674853 0.0388225 0 0 0 0.0630597 0 0 0 0 0 0.259288 0 0 0 0 0 0 0 0.259288 0.0552932 0.0149922 0 0 0 0 0 0.106847 0.233058 0.21715 0 0 0 0 0 0 0.193977 0.191342 0 0 0 0 0 0.259288 0 0 0 0 0 0 0 0.259288 0 0 0 0 0 0 0 0.259288 0 0 0 0 0 0 0 0.0239012 0.206558 0 
0.148234 0 0 0 0 0 0 0.160282 0.0294395 0.00617605 0.00443376 0.0841642 0.0681131 0 0 0.0262929 0 0 0 0.0210416 0.284527 0 0 0 0 0 0 0 0.180556 0 0 0 0 0 0 0 0 0 0 0.284527 0 0 0 0 0.0418573 0.0132274 0.00718868 0.284527 0 0 0 0 0.284527 0 0 0 0 0 0 0 0.284527 0 0 0 0 0 0 0 0 0 0 0.284527 0.284527 0 0 0 0 0 0 0.0967036 0.0423278 0.0179168 0.00703912 0.161656 0.0949014 0 0 0 0 0 0 0 0.284527 0 0 0 0 0 0 0 0 0 0 0.187438 0.2408 0 0 0 0 0 0 0.10217 0.198744 0.0126358 0.00586675 0.0377898 0 0 0 0 0 0 0 0.0726514 0.244385 0 0 0 
0.309981 0 0 0 0 0 0 0 0.309981 0 0 0 0 0 0 0 0.309981 0 0 0 0 0 0 0.0330563 0.114075 0.0185449 0 0 0 0 0 0.117944 0.309981 0 0 0 0 0 0 0 0.309981 0 0 0 0 0 0 0 0.174536 0 0 0 0 0 0 0.309981 0.0742435 0 0 0 0 0 0 0.309981 0.153164 0 0 0 0 0 0 0.00782565 0.133231 0 0 0 0 0 0 0.0905787 0 0 0 0 0 0 0.226108 0.203661 0.0349242 0.0105978 0 0 0 0 0.248502 0.0358117 0.00346789 0 0 0 0 0 0 0.0380817 0 0 0 0 0 0 0.0577196 0.0356308 0 0 0 0 0 0.139408 0.126225 0 0 0.105627 0 0 0 0.055887 0.0297584 0.002319 
0.0247657 0 0 0 0 0.066991 0.0373372 0.0105133 0.294485 0 0 0 0 0 0.0139971 0.0994132 0.305408 0 0 0 0 0 0 0.0700163 0.305408 0 0 0 0 0 0 0 0.211335 0.0793495 0 0 0 0 0.00850372 0.0135439 0.305408 0.0341571 0 0 0 0 0 0 0.305408 0 0 0 0 0 0 0 0.305408 0 0 0 0 0 0 0.0867974 0.0122803 0.305408 0 0 0 0 0 0 0.086504 0.305408 0 0 0 0 0 0 0.163496 0 0 0 0 0 0 0.0363297 0.0140598 0 0 0 0 0 0 0.0941104 0 0.305408 0 0 0 0 0 0 0 0.199498 0 0 0 0 0 0 0.0133282 0 0 0 0 0 0 0.0144661 0 0 0 0 0 0 0 0.0257079 
0 0.0436006 0.0445448 0.0166796 0 0 0 0 0.305358 0.122553 0 0 0 0 0 0 0.172177 0.305358 0.027462 0 0 0 0 0 0 0.0214925 0.0601675 0.249334 0.0996313 0 0 0 0 0 0.00918823 0.197058 0 0 0 0 0.13415 0.113021 0.042109 0.0314804 0 0 0 0 0.305358 0.0289639 0 0 0 0 0 0 0.148443 0.0236387 0.00983566 0 0.0873323 0.0405164 0.00834626 0.0364748 0 0 0 0.163602 0.0127563 0 0 0 0.0471852 0 0 0.0438746 0.0416571 0 0.00465776 0.028071 0.305358 0 0 0 0 0 0 0.125604 0.305358 0 0 0 0 0 0.0211537 0.140296 0 0 0 0.167178 0 0 0 0 0.0127201 0 0 0.0618795 0.00705728 0 0.0024665 0.0343702 0.269895 0 0 0 0 0 0 0.179182 0.305358 0.0217665 0 0 0 0 0 0 
0 0.0196155 0 0 0.00120608 0.161616 0 0 0 0.312059 0 0 0 0 0 0 0 0.312059 0 0 0 0 0 0 0 0.129205 0 0 0 0 0 0 0 0.0936301 0.0244609 0.00302108 0.00345723 0.0554947 0 0 0 0.312059 0 0 0 0 0 0 0 0.312059 0.0223807 0 0 0 0 0 0 0.0407797 0.0150856 0.0175573 0 0 0 0 0 0.0214952 0.182524 0.00362256 0.00840378 0 0 0 0 0.0614366 0.312059 0 0 0 0 0 0 0 0.167 0.287928 0 0 0 0 0 0 0 0.107371 0.134374 0 0 0 0.00678701 0.00870078 0.0987507 0 0 0 0 0.00475767 0 0 0.202306 0.175893 0 0 0 0 0 0 0 0.312059 0.0139986 0 0 0 0 0 0 0 0.312059 0 0 0 
0.287608 0 0 0 0 0 0 0 0.0319625 0.00874118 0 0.035741 0.140645 0 0 0 0 0 0 0 0.287608 0 0 0 0 0 0 0 0.075385 0.0254398 0.00935205 0 0.287608 0 0 0 0 0 0 0 0.287608 0 0 0 0.0268648 0 0 0.00792859 0 0 0 0 0.287608 0 0 0.00432791 0 0 0 0 0.287608 0.0269272 0 0 0.280772 0 0 0 0 0 0 0 0.287608 0 0 0 0 0 0 0 0.18139 0.00745841 0.00824258 0.0636783 0.0436927 0 0 0 0 0 0 0.0354795 0.287608 0 0 0 0.111047 0 0 0 0 0 0 0 0.287608 0 0 0 0 0 0 0 0.287608 0 0.00639717 0 0 0 0 0 0.0128388 0 0 0.0156273 0.0938888 0.0450702 0 0.00133264 
0 0.0672725 0.00862716 0.00280147 0.00140667 0.0506726 0 0 0 0.255007 0 0 0 0 0 0 0 0.0595054 0.00606806 0 0 0 0 0 0 0.00335431 0.00871529 0.00355258 0 0 0 0 0 0 0.191674 0.041086 0.0346854 0.008506 0 0 0 0.0354748 0.271311 0.0193661 0 0 0 0 0 0 0.0206489 0.0915793 0.0105394 0 0 0 0 0 0 0.0481876 0.0381894 0 0 0 0 0 0.0287564 0.303647 0.0895948 0 0 0 0 0 0.0285529 0.303647 0 0 0 0 0 0 0 0.231815 0.284185 0 0 0 0 0 0 0 0.303647 0 0 0 0 0 0 0.156126 0.230708 0 0 0 0 0 0 0.303647 0 0 0 0 0 0 0 0.146586 0.303647 0 0 0 0 0 0 0 0.303647 0 0 0 
0 0 0 0 0 0 0.307957 0 0 0 0 0 0 0 0.307957 0 0 0 0 0 0 0.113058 0.23231 0 0 0 0 0 0 0.150947 0.0138002 0 0 0 0 0 0 0 0.307957 0 0 0 0 0 0 0.0491568 0.307957 0 0 0 0 0 0.0335578 0.307957 0.0319143 0 0 0 0 0 0.167805 0.200318 0 0 0 0 0 0 0 0.00356267 0.11341 0 0 0 0 0 0.0740497 0.0681966 0.0340601 0 0 0 0 0 0.307957 0.019859 0 0 0 0 0 0 0.307957 0 0 0 0 0 0 0.00456522 0.00712963 0.000304641 0 0 0 0 0 0 0.138977 0 0 0 0 0 0 0 0.307957 0 0 0 0 0 0 0.0258279 0.184695 0 0 0 
0.296707 0 0 0 0 0 0 0 0.296707 0 0 0 0 0 0 0.0389115 0.229033 0 0 0 0 0 0 0.201994 0.0185194 0 0.000286945 0.00183939 0.00193502 0.00271999 0.0298994 0.0753342 0.296707 0 0 0 0 0 0 0.0197146 0.121029 0 0 0 0 0 0 0.296707 0 0 0 0 0 0 0.128444 0.296707 0 0 0 0 0 0 0.296707 0.0552696 0.0190758 0 0 0 0 0.00546005 0 0.055325 0 0 0 0 0 0.0212011 0.0530071 0.115176 0 0 0 0 0 0.104634 0.296707 0 0 0 0 0 0 0.059229 0.296707 0.00795094 0 0 0 0 0.00153536 0.0096459 0.00475576 0 0 0 0 0 0 0.04907 0.0407899 0 0 0 0 0 0 0.296707 0.0134961 0 0.00552248 0.0418162 0 0 0 0.173934 0.0221739 0 
0.0776681 0.00242555 0.00136266 0.00537472 0 0 0 0.00630626 0.122489 0 0 0 0 0 0 0.221584 0 0 0 0 0 0 0 0.285735 0.0252551 0 0 0 0 0 0 0.0406317 0.258794 0 0 0 0 0 0 0 0.285735 0 0 0 0 0 0 0 0.285735 0.0105638 0 0 0 0 0 0 0.0255326 0.0239999 0.0376351 0 0 0 0 0 0.285735 0 0 0 0 0 0 0 0.285735 0.148349 0 0 0 0 0 0 0.0511844 0.260914 0.146902 0 0 0 0 0 0 0 0.285735 0 0 0 0 0 0.0804969 0.0346661 0 0 0 0 0 0 0 0.285735 0 0 0 0 0 0 0 0.0316859 0.285735 0 0 0 0 0 0 0 0.285735 0 0 0 0 0 
0 0 0 0 0.27534 0 0 0 0 0 0 0 0.277073 0 0 0 0 0 0 0 0.277073 0 0 0 0 0.00746816 0.0176564 0.0277013 0.160245 0 0 0 0 0 0 0 0.277073 0 0 0 0 0 0 0 0.277073 0 0 0 0 0 0.0602076 0.13891 0.203033 0 0 0 0 0.251511 0.0782219 0.0225229 0 0 0 0 0.132122 0 0 0.00349143 0.000488798 0 0.00120567 0.0481921 0.0316601 0 0 0 0 0 0.00937949 0.211285 0.183222 0.238478 0 0 0 0 0 0 0 0.277073 0 0 0 0 0 0 0.114962 0 0 0 0 0 0 0.0772536 0 0 0 0 0 0 0 0.275744 0.211501 0.0825478 0 0 0 0 0 0 0 0.277073 0 0 0 0 0 0 
0 0.133273 0 0 0 0.150466 0 0 0 0.301888 0 0 0 0 0 0 0 0.0738273 0.0070791 0 0 0 0 0 0.00111535 0 0.00014893 0.000381896 0.000276016 0.0031178 0.00272306 0.00117815 0 0.0270967 0.243948 0.0365902 0.0122182 0.0646097 0 0 0 0.104136 0.301888 0.0192872 0 0 0 0 0 0.00808777 0.0462079 0.103741 0 0 0 0 0 0.000106717 0 0.00127251 0.0731554 0.00026476 0.000899831 0 0 0 0.179999 0.137241 0.0395524 0.0139411 0 0 0 0 0.135647 0.301888 0 0 0 0 0 0 0 0.301888 0.103269 0 0 0 0 0 0 0 0.301888 0 0 0 0 0 0 0.0928788 0.0271193 0.0775308 0 0 0 0 0 0.301888 0 0 0 0 0 0 0 0.299038 0.183919 0 0 0 0 0 0 0 0.301888 0 0 0 
0.27492 0 0 0 0 0 0 0 0.27492 0 0 0 0 0 0 0.0648209 0.0121248 0 0 0 0 0 0 0.27492 0.0460376 0 0 0 0 0 0 0.159391 0.27492 0 0 0 0 0 0 0 0.267127 0 0 0 0 0 0 0.27492 0 0 0 0 0 0 0.109123 0.27492 0 0 0 0 0 0 0.192334 0.191362 0.117122 0 0 0 0 0 0 0.00239043 0.0142457 0 0 0 0 0 0.0553681 0.112463 0 0 0 0 0 0.098902 0.27492 0.0175383 0 0 0 0 0 0.122373 0.254842 0 0.000797275 0 0 0 0 0.00312049 0.00256413 0.00422916 0 0 0 0 0 0.106344 0.005397 0 0 0 0 0 0 0.27492 0 0 0 0 0 0 0 0.27492 0 0 
0 0 0 0 0.155417 0 0 0 0 0 0 0 0.316654 0 0 0 0 0 0 0 0 0.316654 0 0 0 0 0 0.0375073 0.137608 0.0447063 0 0 0 0 0 0 0.0705801 0 0 0 0 0 0 0 0.316654 0 0 0 0 0 0 0 0.316654 0.131739 0 0 0 0 0 0 0.316654 0 0 0 0 0 0 0 0.0273768 0 0 0 0 0 0 0 0.21263 0 0 0 0 0 0 0 0.316654 0 0 0 0 0 0 0 0.316654 0 0 0 0 0 0 0 0.022212 0 0 0 0 0 0 0 0.144542 0 0 0 0 0 0 0.0536289 0.316654 0 0 0 0 0 0 0.0367982 0.239619 0.00359948 0 0.00185505 
0.063089 0.0240163 0 0 0 0 0 0 0 0.0433243 0.00642785 0.0324543 0 0 0 0 0 0 0 0 0.335519 0 0 0 0 0 0 0 0.335519 0 0 0 0.0515183 0.0279494 0 0 0 0 0.00130042 0.00106607 0 0.0650579 0.0210098 0.0547948 0 0 0 0 0 0 0 0.0192472 0.335519 0 0 0 0 0 0 0 0.335519 0 0 0 0.00712064 0.0128651 0 0.000844152 0 0.0291617 0.00206672 0.00141053 0 0.0226974 0.0472698 0.116913 0 0 0 0 0 0 0 0.174581 0.335519 0 0 0 0 0 0 0.0309668 0.335519 0 0 0 0 0 0 0 0.00711742 0.0702895 0 0 0 0 0 0.0738769 0.128942 0 0 0 0 0 0 0.0596918 0.335519 0 0 0 0 0 0 0.0285701 0.335519 0.00459173 0 0 
0 0 0.0046346 0.134991 0.0106863 0 0 0 0 0 0 0.0233961 0.272338 0 0 0 0.0461726 0.00484155 0.00272793 0.0602732 0.0930248 0 0 0 0.243056 0 0 0 0 0 0 0 0 0 0 0.0811591 0.159128 0 0 0 0 0 0 0.0255259 0.272338 0 0 0 0.121104 0.00533023 0 0.076617 0.0490938 0.00615669 0 0.0113606 0.272338 0 0 0 0 0 0 0 0 0 0 0 0.272338 0 0 0 0 0 0 0 0.272338 0.266545 0 0 0 0 0 0 0 0.084718 0.263427 0.139512 0.0472249 0 0 0 0 0 0 0.272338 0 0 0 0 0 0.163697 0 0 0 0 0 0 0 0.272338 0.0340719 0 0 0 0 0 0 0 0.272338 0 0 0 0 0 0 0 0.24296 0.0471771 
0 0 0.15629 0 0 0 0 0 0 0 0.160123 0.0219007 0 0 0 0 0 0.0250721 0.108128 0.0366166 0 0 0 0 0.24584 0.0031625 0 0 0 0 0 0 0 0 0.242214 0.0019045 0 0 0 0 0.00660406 0.00352393 0.269237 0.00359639 0 0 0 0 0.253429 0.0921518 0.0711776 0 0 0 0 0 0.269237 0 0 0 0 0 0 0 0 0 0 0 0 0 0.269237 0 0 0 0 0 0 0 0.269237 0.0412433 0.197777 0 0 0 0 0 0 0.269237 0.269237 0 0 0 0 0 0 0 0 0 0 0 0 0.0216575 0.269237 0 0 0 0 0 0 0.10166 0.269237 0 0.0114823 0 0 0 0 0 0.0501124 0.269237 0.179335 0 0 0 0 0 0 0 
0 0 0 0.0599115 0.00521489 0.00402089 0.114649 0 0 0 0 0.221465 0.0458026 0 0 0 0 0 0 0.302643 0 0 0 0 0 0 0 0.200644 0.0951291 0 0 0 0 0 0 0 0 0 0.302643 0 0 0 0 0 0.145256 0.101199 0.143982 0 0 0 0.00323903 0.264699 0.0734363 0.00992175 0 0 0 0.0013279 0.00346233 0.0698738 0.175197 0 0 0.00553853 0 0 0 0 0 0 0.302643 0 0 0 0 0 0 0 0.302643 0.0127974 0.302643 0 0 0 0 0 0.0112153 0.0447923 0.302643 0 0 0 0 0 0 0 0 0 0 0 0 0.26158 0.112065 0 0.00418094 0 0 0 0 0.132283 0.15412 0.0259869 0.138553 0.0900205 0 0 0 0 0 0 0.131963 0.0039497 0 0 0 0 0 0 
0 0 0.004516 0.0137761 0.0847036 0.0402028 0.0209448 0 0 0 0 0 0.0196621 0.292684 0 0 0 0 0.0176258 0.161076 0.0539179 0.00692461 0 0 0 0 0.00649116 0.129482 0.0339079 0 0 0 0 0 0 0 0 0.10308 0.292684 0 0 0 0 0 0.0195099 0.292684 0.0264947 0 0.00227284 0.00269071 0 0.1596 0.0662673 0.0070701 0.00311498 0 0.0062725 0 0 0.0924884 0.0725992 0 0 0.00719807 0 0 0 0 0 0 0.292684 0 0 0 0 0 0 0 0.292684 0.106991 0.292684 0 0 0 0 0 0 0.0772167 0.292684 0 0 0 0 0 0 0 0 0 0 0 0 0.244818 0.131724 0 0.143866 0 0 0 0 0 0.111363 0.0488663 0.292684 0 0 0 0 0 0 0 0.268234 0 0 0 0 0 0 0 
0 0 0 0 0 0.0216748 0.271806 0 0.0419772 0 0 0 0 0.00650919 0.166836 0.101442 0.0680575 0 0.00367859 0.00418711 0.10767 0.0133385 0.00642562 0.0158349 0 0 0 0 0.0206104 0.205184 0.0351677 0.00737808 0 0 0 0 0 0.271806 0.114156 0 0 0 0 0 0 0.0449542 0.271806 0 0 0 0 0 0.271806 0.117088 0.0964499 0 0 0 0 0 0.208569 0.113931 0 0 0 0 0 0 0 0.271806 0 0 0 0 0 0 0 0.0330386 0.271806 0 0 0 0 0 0 0 0.271806 0.271806 0.114235 0 0 0 0 0 0.00959823 0.202887 0 0 0 0 0 0.195747 0.0113304 0 0 0 0 0 0 0.0415333 0.0836666 0.0141475 0.0344071 0 0 0 0 0 0.0346899 0.213457 0.246038 0 0 0 0 0 0 0.0472381 
