0.243256 0 0 0 0 0 0 0 0.0814301 0 0 0 0 0 0 0 0.00868138 0 0 0 0 0 0 0 0.000255391 0 0 0 0 0 0 0 0.320651 0 0 0 0 0 0 0 0.320651 0 0 0 0 0 0 0 0.222965 0 0 0 0 0 0 0 0.0315301 0 0 0 0 0 0 0 0.213724 0 0 0 0 0 0 0.087039 0.320651 0 0 0 0 0 0 0.301372 0.320651 0 0 0 0 0 0 0 0.285292 0 0 0 0 0 0 0 0 0 0 0 0 0 0 0.0317689 0.04643 0 0 0 0 0 0 0.129766 0.190206 0 0 0 0 0 0 0.284019 0.165647 0 0 0 0 0 0 0.287028 
0 0 0 0 0 0 0 2.15509e-05 0 0 0 0 0 0 0 0.000723197 0.000577501 0 0 0 0 0 0 0.0142715 0 0 0 0 0 0 0 0.0908761 0.00235305 0 0 0 0 0 0 0.000759859 0 0 0 0 0 0 0 0.0579827 0.264745 0 0 0 0 0 0 0.0291219 0.189157 0 0 0 0 0 0 0.34242 0.104899 0 0 0 0 0 0 0 0.34242 0 0 0 0 0 0 0.124416 0.34242 0 0 0 0 0 0 0.140336 0.34242 0 0 0 0 0 0 0 0.34242 0 0 0 0 0 0 0.0352282 0.34242 0 0 0 0 0 0 0 0.34242 0 0 0 0 0 0 0 0.115199 0 0 0 0 0 0 0 
0 0 0 0 0 0 0 2.99355e-05 0.000372029 0 0 0 0 0 0 0.00029201 0.00472789 0 0 0 0 0 0 0.00807041 0 0 0 0 0 0 0 0.0780873 0 0 0 0 0 0 0 0.00738826 0.00323698 0 0 0 0 0 0 0.0532983 0.319299 0 0 0 0 0 0 0 0.344645 0 0 0 0 0 0 0.136536 0.0849962 0 0 0 0 0 0 0.0659843 0.273057 0 0 0 0 0 0 0.237041 0.344645 0 0 0 0 0 0 0 0.344645 0 0 0 0 0 0 0 0.344645 0 0 0 0 0 0 0 0.344645 0 0 0 0 0 0 0 0.344645 0 0 0 0 0 0 0 0.123724 0 0 0 0 0 0 0 
0 0 0 0 0 0 0 2.25259e-05 0.000414852 0 0 0 0 0 0 0.000325606 0.018505 0 0 0 0 0 0 0.00141313 0.00973867 0 0 0 0 0 0 0.122495 0.000842514 0 0 0 0 0 0 0.00220979 0 0 0 0 0 0 0 0.0618521 0.308267 0 0 0 0 0 0 0.0307334 0.329502 0 0 0 0 0 0 0.032171 0.0950952 0 0 0 0 0 0 0 0.289152 0 0 0 0 0 0 0.211025 0.329502 0 0 0 0 0 0 0.329502 0.329502 0 0 0 0 0 0 0 0.329502 0 0 0 0 0 0 0 0.329502 0 0 0 0 0 0 0 0.256659 0 0 0 0 0 0 0.138098 0.100761 0 0 0 0 0 0 0.00225661 
0 0 0 0 0 0 0 2.27584e-05 0 0 0 0 0 0 0 0.000760106 0.00185932 0 0 0 0 0 0 0.0136826 0 0 0 0 0 0 0 0.0945082 0.00183502 0 0 0 0 0 0 0.00154914 0 0 0 0 0 0 0 0.061097 0.281356 0 0 0 0 0 0 0.030615 0.198842 0 0 0 0 0 0 0.339882 0.0646019 0 0 0 0 0 0 0.0449402 0.339882 0 0 0 0 0 0 0.131261 0.339882 0 0 0 0 0 0 0.144031 0.339882 0 0 0 0 0 0 0 0.300644 0 0 0 0 0 0 0.158474 0.339882 0 0 0 0 0 0 0 0.339882 0 0 0 0 0 0 0 0.121304 0 0 0 0 0 0 0 
0 0 0 0 0 0 0 2.12969e-05 0 0 0 0 0 0 0 0.000714434 0.000570701 0 0 0 0 0 0 0.013844 0.039777 0 0 0 0 0 0 0.0412554 0.00232158 0 0 0 0 0 0 0.000750615 0 0 0 0 0 0 0 0.0572806 0.26168 0 0 0 0 0 0 0.0288094 0.344542 0 0 0 0 0 0 0.185495 0.106203 0 0 0 0 0 0 0 0.344542 0 0 0 0 0 0 0.122907 0.344542 0 0 0 0 0 0 0.138639 0.344542 0 0 0 0 0 0 0 0.344542 0 0 0 0 0 0 0 0.344542 0 0 0 0 0 0 0 0.344542 0 0 0 0 0 0 0 0.113807 0 0 0 0 0 0 0 
0.243893 0 0 0 0 0 0 0 0.0817902 0 0 0 0 0 0 0 0.00871977 0 0 0 0 0 0 0 0.00025652 0 0 0 0 0 0 0 0.321596 0 0 0 0 0 0 0 0.321596 0 0 0 0 0 0 0 0.223951 0 0 0 0 0 0 0 0.0316723 0 0 0 0 0 0 0 0.214669 0 0 0 0 0 0 0.0874238 0.321596 0 0 0 0 0 0 0.302704 0.321596 0 0 0 0 0 0 0 0.289454 0 0 0 0 0 0 0 0 0 0 0 0 0 0 0.0319094 0.0466351 0 0 0 0 0 0 0.130339 0.191043 0 0 0 0 0 0 0.283978 0.225061 0 0 0 0 0 0 0.227559 
0.0132979 0 0 0 0 0 0 0.00403899 0.0299852 0 0 0 0 0 0 0.123926 0.332652 0 0 0 0 0 0 0.0720808 0.332652 0 0 0 0 0 0 0.101837 0.116242 0 0 0 0 0 0 0.161845 0.332652 0 0 0 0 0 0 0 0.332652 0 0 0 0 0 0 0.0485987 0.332652 0 0 0 0 0 0 0 0.332652 0 0 0 0 0 0 0.0421879 0.332652 0 0 0 0 0 0 0 0.206559 0 0 0 0 0 0 0 0.0258363 0 0 0 0 0 0 0 0.319017 0 0 0 0 0 0 0 0.0660617 0 0 0 0 0 0 0 0.0081485 0 0 0 0 0 0 0 0.0001432 0 0 0 0 0 0 7.50722e-05 
0.303973 0 0 0 0 0 0 0 0.123402 0 0 0 0 0 0 0 0.00972153 0 0 0 0 0 0 0 0.000228748 0 0 0 0 0 0 0 0.303973 0 0 0 0 0 0 0.0400594 0.303973 0 0 0 0 0 0 0 0.218932 0 0 0 0 0 0 0 0.0276683 0 0 0 0 0 0 0 0 0 0 0 0 0 0 0.277311 0.303973 0 0 0 0 0 0 0.303973 0.303973 0 0 0 0 0 0 0 0.294819 0 0 0 0 0 0 0 0 0 0 0 0 0 0 0.0308377 0.0771804 0 0 0 0 0 0 0.0845366 0.259929 0 0 0 0 0 0 0.188816 0.279737 0 0 0 0 0 0 0.143651 
0.318213 0 0 0 0 0 0 0 0.150369 0 0 0 0 0 0 0 0.0068496 0 0 0 0 0 0 0 3.62063e-05 0 0 0 0 0 0 0 0.318213 0 0 0 0 0 0 0.0166449 0.318213 0 0 0 0 0 0 0 0.0797016 0 0 0 0 0 0 0 0.00161279 0 0 0 0 0 0 0 0 0 0 0 0 0 0 0.318213 0.318213 0 0 0 0 0 0 0.318213 0.318213 0 0 0 0 0 0 0 0.0390405 0 0 0 0 0 0 0 0 0 0 0 0 0 0 0.0945728 0.318213 0 0 0 0 0 0 0.142189 0.318213 0 0 0 0 0 0 0 0.169379 0 0 0 0 0 0 0 
2.30281e-05 0 0 0 0 0 0 0 0.00379276 0 0 0 0 0 0 0 0.024911 0 0 0 0 0 0 0.0460468 0 0 0 0 0 0 0 0.324893 0.000901195 0 0 0 0 0 0 0 0.0781276 0 0 0 0 0 0 0 0.324893 0 0 0 0 0 0 0 0.312606 0 0 0 0 0 0 0.324893 0.0188788 0 0 0 0 0 0 0 0.289787 0 0 0 0 0 0 0 0.324893 0 0 0 0 0 0 0 0.324893 0 0 0 0 0 0 0 0.168595 0 0 0 0 0 0 0 0.324893 0 0 0 0 0 0 0.0482665 0.279959 0 0 0 0 0 0 0.239281 0.0966856 0 0 0 0 0 0 0.00404199 
0 0 0 0 0 0 0 0.282987 0.306004 0 0 0 0 0 0 0.288943 0.31047 0 0 0 0 0 0 0 0.0318668 0 0 0 0 0 0 0 0 0 0 0 0 0 0 0.10634 0.31047 0 0 0 0 0 0 0.174003 0.31047 0 0 0 0 0 0 0 0.210123 0 0 0 0 0 0 0 0 0 0 0 0 0 0 0.00849969 0 0 0 0 0 0 0 0.184089 0 0 0 0 0 0 0 0.31047 0.31047 0 0 0 0 0 0 0 0 0 0 0 0 0 0 0.000300433 0 0 0 0 0 0 0 0.0298467 0.0305549 0 0 0 0 0 0 0.204229 0.31047 0 0 0 0 0 0 0.013986 
0.31744 0 0 0 0 0 0 0 0.160764 0 0 0 0 0 0 0 0.00703726 0 0 0 0 0 0 0 3.71496e-05 0 0 0 0 0 0 0 0.31744 0 0 0 0 0 0 0.0177688 0.31744 0 0 0 0 0 0 0 0.0817782 0 0 0 0 0 0 0 0.0016548 0 0 0 0 0 0 0 0 0 0 0 0 0 0 0.31744 0.31744 0 0 0 0 0 0 0.31744 0.31744 0 0 0 0 0 0 0 0.0400983 0 0 0 0 0 0 0 0 0 0 0 0 0 0 0.0974799 0.31744 0 0 0 0 0 0 0.145894 0.31744 0 0 0 0 0 0 0 0.166705 0 0 0 0 0 0 0 
2.51047e-05 0 0 0 0 0 0 0 0.00351938 0 0 0 0 0 0 5.6858e-05 0.0101313 0 0 0 0 0 0 0.0684682 0 0 0 0 0 0 0 0.348064 0.000938169 0 0 0 0 0 0 0 0.0749363 0 0 0 0 0 0 0 0.348064 0 0 0 0 0 0 0.0290477 0.152021 0 0 0 0 0 0 0.348064 0.019091 0 0 0 0 0 0 0 0.307425 0 0 0 0 0 0 0 0.348064 0 0 0 0 0 0 0 0.348064 0 0 0 0 0 0 0.0157595 0.113834 0 0 0 0 0 0 0 0.348064 0 0 0 0 0 0 0 0.348064 0 0 0 0 0 0 0 0.0974863 0 0 0 0 0 0 0 
2.34742e-05 0 0 0 0 0 0 0 0.00387931 0 0 0 0 0 0 0 0.074942 0 0 0 0 0 0 0 0.336416 0 0 0 0 0 0 0 0.000918623 0 0 0 0 0 0 0 0.0796402 0 0 0 0 0 0 0 0.336416 0 0 0 0 0 0 0 0.336416 0 0 0 0 0 0 0.192196 0.0192367 0 0 0 0 0 0 0 0.295945 0 0 0 0 0 0 0 0.336416 0 0 0 0 0 0 0 0.336416 0 0 0 0 0 0 0 0.176094 0 0 0 0 0 0 0 0.336416 0 0 0 0 0 0 0.0491991 0.28536 0 0 0 0 0 0 0.243905 0.0985554 0 0 0 0 0 0 0.00412016 
0.014745 0 0 0 0 0 0 0 0.212566 0 0 0 0 0 0 0 0.327681 0 0 0 0 0 0 0 0.327681 0 0 0 0 0 0 0 0.20705 0 0 0 0 0 0 0 0.327681 0 0 0 0 0 0 0.0461322 0.307304 0 0 0 0 0 0 0.269247 0.101167 0 0 0 0 0 0 0.00562102 0.327681 0 0 0 0 0 0 0 0.327681 0 0 0 0 0 0 0 0.191522 0 0 0 0 0 0 0.00624993 0.00305683 0 0 0 0 0 0 0.00468044 0.290745 0 0 0 0 0 0 0.164001 0.207963 0 0 0 0 0 0 0.0573456 0.0285012 0 0 0 0 0 0 0 0.000294129 0 0 0 0 0 0 0 
0.328497 0 0 0 0 0 0 0 0.239114 0 0 0 0 0 0 0 0.0106045 0 0 0 0 0 0 0 4.41248e-05 0 0 0 0 0 0 0 0.324946 0 0 0 0 0 0 0.222882 0.328497 0 0 0 0 0 0 0 0.0895677 0 0 0 0 0 0 0 0.00135487 0 0 0 0 0 0 0 0 0 0 0 0 0 0 0.328497 0.328497 0 0 0 0 0 0 0 0.328497 0 0 0 0 0 0 0 0.025805 0 0 0 0 0 0 0 0 0 0 0 0 0 0 0.0798993 0.328497 0 0 0 0 0 0 0.0832638 0.328497 0 0 0 0 0 0 0 0.100326 0 0 0 0 0 0 0 
0.336516 0 0 0 0 0 0 0 0.149662 0 0 0 0 0 0 0 0.00673697 0 0 0 0 0 0 0 3.65492e-05 0 0 0 0 0 0 0 0.336516 0 0 0 0 0 0 0 0.336516 0 0 0 0 0 0 0 0.090614 0 0 0 0 0 0 0 0.00156961 0 0 0 0 0 0 0 0.042329 0 0 0 0 0 0 0.332526 0.336516 0 0 0 0 0 0 0.140623 0.336516 0 0 0 0 0 0 0 0.0271937 0 0 0 0 0 0 0 0 0 0 0 0 0 0 0.0959095 0.271639 0 0 0 0 0 0 0.243443 0.336516 0 0 0 0 0 0 0.077381 0.0936345 0 0 0 0 0 0 0 
0.275392 0 0 0 0 0 0 0.0143544 0.275392 0.0294637 0 0 0 0 0 0 0 0 0.0341474 0.259401 0 0 0 0 0 0 0.275392 0.0303633 0 0 0 0 0.190326 0 0 0 0 0 0 0.181449 0.275392 0.0576103 0 0 0 0 0 0.0417811 0 0 0.135959 0.275392 0 0 0 0 0 0 0.023278 0.275392 0 0 0 0 0.0165723 0 0 0 0 0 0 0.233403 0.275392 0.170536 0 0 0 0 0 0.0764133 0 0 0.275392 0.0349473 0 0 0 0 0 0 0.0871663 0.0811829 0 0 0 0 0.0357176 0 0 0 0 0 0 0.0178766 0.167866 0.147834 0 0 0 0 0 0 0 0.0454384 0.262573 0 0 0 0 0 0 0 0.043168 0 0 0 0 0 
0 0 0 0 0.017575 0 0 0 0 0 0 0 0.30178 0 0 0 0 0 0 0 0.30178 0 0 0 0 0 0 0 0.191394 0 0 0 0 0 0 0 0.175917 0 0 0 0 0 0 0.30178 0.30178 0 0 0 0 0 0 0.278869 0.280735 0 0 0 0 0 0 0 0.0624502 0 0 0 0 0 0 0 0.30178 0 0 0 0 0 0 0 0.30178 0 0 0 0 0 0 0.0989457 0.0762465 0 0 0 0 0 0 0.00493466 0.00152913 0 0 0 0 0 0 0.162828 0.30178 0 0 0 0 0 0 0 0.30178 0 0 0 0 0 0 0 0.0303321 0 0 0 0 0 0 0 0.000250461 0 0 0 
0 0 0 0.21291 0 0 0 0 0 0 0 0.30249 0.178346 0 0 0 0 0 0 0 0.30249 0 0 0 0 0 0 0 0.0394024 0 0 0 0 0 0 0.0780534 0 0 0 0 0 0 0 0.30249 0.17601 0 0 0 0 0 0 0 0.30249 0 0 0 0 0 0 0 0.24622 0 0 0 0 0 0 0.00823812 0 0 0 0 0 0 0 0.183899 0 0 0 0 0 0 0 0.30249 0.28799 0 0 0 0 0 0 0 0.30249 0 0 0 0 0 0 0.000325782 0 0 0 0 0 0 0 0.0298413 0 0 0 0 0 0 0 0.196709 0.0611915 0 0 0 0 0 0 0.151517 0.30249 0 0 0 
0 0 0 0.0997452 0.322195 0 0 0 0 0 0 0 0.183355 0 0 0 0 0 0 0 0.00809122 0 0 0 0 0 0 0 3.95577e-05 0 0 0 0 0 0 0.11374 0.322195 0 0 0 0 0 0 0 0.322195 0 0 0 0 0 0 0 0.0980289 0 0 0 0 0 0 0 0.00167144 0 0 0 0 0 0 0.322195 0.0454347 0 0 0 0 0 0 0.148957 0.322195 0 0 0 0 0 0 0 0.322195 0 0 0 0 0 0 0 0.0291869 0 0 0 0 0 0 0.102625 0 0 0 0 0 0 0 0.259757 0.2951 0 0 0 0 0 0 0.0814408 0.322195 0 0 0 0 0 0 0 0.101605 0 0 0 
0 0 0 0.307682 0 0 0 0 0 0 0 0.299941 0.295184 0 0 0 0 0 0 0 0.307682 0 0 0 0 0 0 0 0.0314463 0 0 0 0 0 0 0.105415 0 0 0 0 0 0 0 0.17169 0.307682 0 0 0 0 0 0 0 0.307682 0 0 0 0 0 0 0 0.20735 0 0 0 0 0 0 0.00838746 0 0 0 0 0 0 0 0.181659 0 0 0 0 0 0 0 0.307682 0 0 0 0 0 0 0 0 0.307682 0 0 0 0 0 0 0.000296456 0 0 0 0 0 0 0 0.0294529 0 0 0 0 0 0 0 0.201533 0.0301516 0 0 0 0 0 0 0.0138009 0.307682 0 0 0 
0 0 0 0 0.317097 0 0 0 0 0 0 0 0.160531 0 0 0 0 0 0 0 0.00703309 0 0 0 0 0 0 0 3.71423e-05 0 0 0 0 0 0 0.0177583 0.317097 0 0 0 0 0 0 0 0.317097 0 0 0 0 0 0 0 0.0817301 0 0 0 0 0 0 0 0.00165379 0 0 0 0 0 0 0.317097 0 0 0 0 0 0 0 0.317097 0.317097 0 0 0 0 0 0 0 0.317097 0 0 0 0 0 0 0 0.0400338 0 0 0 0 0 0 0.0974227 0 0 0 0 0 0 0 0.145807 0.317097 0 0 0 0 0 0 0 0.317097 0 0 0 0 0 0 0 0.172848 0 0 0 
0 0 0 0.283242 0 0 0 0 0 0 0 0.288914 0.305973 0 0 0 0 0 0 0 0.310449 0 0 0 0 0 0 0 0.0318635 0 0 0 0 0 0 0.106329 0 0 0 0 0 0 0 0.173986 0.310449 0 0 0 0 0 0 0 0.310449 0 0 0 0 0 0 0 0.210102 0 0 0 0 0 0 0.00849884 0 0 0 0 0 0 0 0.18407 0 0 0 0 0 0 0 0.310449 0 0 0 0 0 0 0 0 0.310449 0 0 0 0 0 0 0.000300391 0 0 0 0 0 0 0 0.0298438 0 0 0 0 0 0 0 0.204208 0.0305518 0 0 0 0 0 0 0.013984 0.310449 0 0 0 
0 0 0 0 0.31713 0 0 0 0 0 0 0 0.16047 0 0 0 0 0 0 0 0.00702433 0 0 0 0 0 0 0 3.70961e-05 0 0 0 0 0 0 0.0177362 0.31713 0 0 0 0 0 0 0 0.31713 0 0 0 0 0 0 0 0.0816284 0 0 0 0 0 0 0 0.00165173 0 0 0 0 0 0 0.31713 0 0 0 0 0 0 0 0.31713 0.31713 0 0 0 0 0 0 0 0.31713 0 0 0 0 0 0 0 0.039984 0 0 0 0 0 0 0.0973015 0 0 0 0 0 0 0 0.145626 0.31713 0 0 0 0 0 0 0 0.31713 0 0 0 0 0 0 0 0.172633 0 0 0 
0 0 0 0 0 0.308127 0.031004 0.0110494 0.0485135 0 0 0 0 0.0972554 0.014499 0.0200141 0.0707208 0 0 0 0 0.00397749 0.000413267 0.00445671 0.021129 0 0 0 0 0 0 0.000173593 0.308127 0 0 0 0 0 0.0212158 0.144337 0.308127 0 0 0 0 0 0 0 0.308127 0 0 0 0 0 0 0.308127 0.252666 0 0 0 0 0 0 0.103732 0.308127 0 0 0 0 0 0 0 0.308127 0 0 0 0 0 0 0.0245654 0 0 0 0 0 0 0 0.308127 0.308127 0 0 0 0 0 0 0.153543 0.0132135 0 0 0 0 0 0 0 0.0106826 0 0 0 0 0 0 0.00632866 0 0 0 0 0 0 0 0.0538163 0.0554005 0 0 0 0 0 0 0.0131043 
0 0 0 0.283157 0 0 0 0 0 0 0 0.288827 0.305881 0 0 0 0 0 0 0 0.312586 0 0 0 0 0 0 0 0.0318539 0 0 0 0 0 0 0.105805 0 0 0 0 0 0 0 0.173933 0.312586 0 0 0 0 0 0 0 0.312586 0 0 0 0 0 0 0 0.211239 0 0 0 0 0 0 0.00849628 0 0 0 0 0 0 0 0.184015 0 0 0 0 0 0 0 0.312586 0 0 0 0 0 0 0 0 0.312586 0 0 0 0 6.19048e-08 1.59425e-07 0.000299743 0 0 0 0 0 0 0 0.0298322 0 0 0 0 0 0 0 0.178513 0.0529592 0 0 0 0 0 0 0 0.312586 0 0 0 
0.241117 0 0 0 0 0 0 0 0.0814959 0 0 0 0 0 0 0 0.00865984 0 0 0 0 0 0 0 0.000253986 0 0 0 0 0 0 0 0.321697 0 0 0 0 0 0 0 0.321697 0 0 0 0 0 0 0 0.221039 0 0 0 0 0 0 0 0.0315707 0 0 0 0 0 0 0 0.211487 0 0 0 0 0 0 0.086501 0.321697 0 0 0 0 0 0 0.304149 0.321697 0 0 0 0 0 0 0 0.314525 0 0 0 0 0 0 0 0 0 0 0 0 0 0 0.0315901 0.0448647 0 0 0 0 0 0 0.129947 0.190228 0 0 0 0 0 0 0.255946 0.321697 0 0 0 0 0 0 0.0511039 
0 0 0.227115 0 0 0 0 0 0 0 0.304243 0 0 0 0 0 0 0 0.260575 0.0172345 0 0 0 0 0 0 0 0.020971 0 0 0 0 0.067719 0.0129265 0.028703 0 0 0 0 0 0.0182727 0.0602659 0.304243 0 0 0 0 0 0 0 0.304243 0.0154985 0 0 0 0 0 0 0.137875 0.0165699 0 0 0 0 0.0679871 0 0 0 0 0 0 0.304243 0.304243 0.0318988 0 0 0 0 0 0 0.304243 0.304243 0.0302857 0 0 0 0 0 0 0.179064 0.0462711 0 0 0 0 0 0 0 0 0 0 0 0 0.186152 0.188912 0 0 0 0 0 0 0.056207 0.295403 0 0 0 0 0 0 0 0.0221196 0.0274616 0 0 0 0 0 0 
0.25443 0 0 0 0 0 0 0 0.0870572 0 0 0 0 0 0 0 0.00888453 0 0 0 0 0 0 0 0.000261255 0 0 0 0 0 0 0 0.310615 0 0 0 0 0 0 0.0564535 0.310615 0 0 0 0 0 0 0 0.228921 0 0 0 0 0 0 0 0.0320142 0 0 0 0 0 0 0 0.17468 0 0 0 0 0 0 0.120963 0.310615 0 0 0 0 0 0 0.309977 0.310615 0 0 0 0 0 0 0 0.291836 0 0 0 0 0 0 0 0 0 0 0 0 0 0 0.032509 0.0474961 0 0 0 0 0 0 0.132746 0.194574 0 0 0 0 0 0 0.290546 0.169384 0 0 0 0 0 0 0.294557 
0.327612 0 0 0 0 0 0 0 0.327612 0 0 0 0 0 0 0.0903439 0.327612 0 0 0 0 0 0 0 0.128467 0 0 0 0 0 0 0 0 0 0 0 0 0 0 0.140423 0.176048 0 0 0 0 0 0 0.327612 0.327612 0 0 0 0 0 0 0.147183 0.327612 0 0 0 0 0 0 0 0 0 0 0 0 0 0 0.00835137 0 0 0 0 0 0 0 0.0740909 0 0 0 0 0 0 0 0.327612 0.327612 0 0 0 0 0 0 0.156417 0 0 0 0 0 0 0 3.80895e-05 0 0 0 0 0 0 0 0.00171844 0 0 0 0 0 0 0 0.0251356 0 0 0 0 0 0 0 0.116894 
0.336512 0 0 0 0 0 0 0 0.14966 0 0 0 0 0 0 0 0.00673688 0 0 0 0 0 0 0 3.65488e-05 0 0 0 0 0 0 0 0.336512 0 0 0 0 0 0 0 0.336512 0 0 0 0 0 0 0 0.0906129 0 0 0 0 0 0 0 0.0015696 0 0 0 0 0 0 0 0.0423285 0 0 0 0 0 0 0.332522 0.336512 0 0 0 0 0 0 0.140621 0.336512 0 0 0 0 0 0 0 0.0271937 0 0 0 0 0 0 0 0 0 0 0 0 0 0 0.0959083 0.271636 0 0 0 0 0 0 0.24344 0.336512 0 0 0 0 0 0 0.07738 0.0937462 0 0 0 0 0 0 0 
0 0 0 0 0 0 0 2.11787e-05 0 0 0 0 0 0 0 0.000710726 0.000567542 0 0 0 0 0 0 0.0140254 0 0 0 0 0 0 0 0.0893124 0.00230946 0 0 0 0 0 0 0.000746554 0 0 0 0 0 0 0 0.0569817 0.260179 0 0 0 0 0 0 0.0286197 0.185895 0 0 0 0 0 0 0.343835 0.105649 0 0 0 0 0 0 0 0.343835 0 0 0 0 0 0 0.122266 0.343835 0 0 0 0 0 0 0.137915 0.343835 0 0 0 0 0 0 0 0.343835 0 0 0 0 0 0 0 0.343835 0 0 0 0 0 0 0 0.343835 0 0 0 0 0 0 0 0.113212 0 0 0 0 0 0 0 
0 0 0 0 2.44485e-05 0 0 0 0 0 0 0 0.00414386 0 0 0 0 0 0 0 0.122857 0 0 0 0 0 0 0 0.353898 0 0 0 0 0 0 0 0.000902535 0 0 0 0 0 0 0 0.0723021 0 0 0 0 0 0 0 0.353898 0 0 0 0 0 0 0 0.353898 0 0 0 0 0 0 0 0.0180889 0 0 0 0 0 0 0 0.292532 0 0 0 0 0 0 0 0.353898 0 0 0 0 0 0 0 0.353898 0 0 0 0 0 0 0.00170171 0.0910392 0 0 0 0 0 0 0 0.353898 0 0 0 0 0 0 0 0.353898 0 0 0 0 0 0 0 0.0935982 0 0 0 
0 0 0 0 0.0196912 0 0 0 0 0 0 0 0.341946 0 0 0 0 0 0 0 0.341946 0 0 0 0 0 0 0 0.210086 0 0 0 0 0 0 0 0.187451 0 0 0 0 0 0 0 0.341946 0 0 0 0 0 0 0 0.341946 0 0 0 0 0 0 0 0.0702459 0 0 0 0 0 0 0 0.341946 0 0 0 0 0 0 0 0.341946 0 0 0 0 0 0 0 0.176977 0 0 0 0 0 0 0 0.00647905 0 0 0 0 0 0 0 0.341946 0 0 0 0 0 0 0 0.254777 0 0 0 0 0 0 0 0.0253325 0 0 0 0 0 0 0 0.000263857 0 0 0 
0 0 0 0 0.0210828 0 0 0 0 0 0 0 0.340664 0 0 0 0 0 0 0 0.340664 0 0 0 0 0 0 0 0.21523 0 0 0 0 0 0 0 0.201218 0 0 0 0 0 0 0 0.340664 0 0 0 0 0 0 0 0.340664 0 0 0 0 0 0 0 0.073204 0 0 0 0 0 0 0.106655 0.340664 0 0 0 0 0 0 0 0.340664 0 0 0 0 0 0 0 0.189541 0 0 0 0 0 0 0 0.00693279 0 0 0 0 0 0 0.340664 0.0738947 0 0 0 0 0 0 0.180435 0.0947694 0 0 0 0 0 0 0.000888845 0.0259161 0 0 0 0 0 0 0 0.000282572 0 0 0 
0 0 0 0.308059 0 0 0 0 0 0 0 0.2997 0.294947 0 0 0 0 0 0 0 0.309769 0 0 0 0 0 0 0 0.031421 0 0 0 0 0 0 0.10533 0 0 0 0 0 0 0 0.171552 0.309769 0 0 0 0 0 0 0 0.309769 0 0 0 0 0 0 0 0.208367 0 0 0 0 0 0 0.00838072 0 0 0 0 0 0 0 0.181513 0 0 0 0 0 0 0 0.309769 0 0 0 0 0 0 0 0 0.309769 0 0 0 0 0 0 0.000296218 0 0 0 0 0 0 0 0.0294268 0 0 0 0 0 0 0 0.176082 0.052239 0 0 0 0 0 0 0 0.309769 0 0 0 
0 0 0 0 0.014642 0 0 0 0 0 0 0 0.210681 0 0 0 0 0 0 0 0.32947 0 0 0 0 0 0 0 0.32947 0 0 0 0 0 0 0 0.205607 0 0 0 0 0 0 0.04581 0.32947 0 0 0 0 0 0 0.267367 0.305158 0 0 0 0 0 0 0.00558177 0.100458 0 0 0 0 0 0 0.0182075 0.32947 0 0 0 0 0 0 0 0.32947 0 0 0 0 0 0 0.00620628 0.190185 0 0 0 0 0 0 0.00464775 0.0030355 0 0 0 0 0 0 0.32947 0.0391473 0 0 0 0 0 0 0.0585225 0.206551 0 0 0 0 0 0 0 0.0283012 0 0 0 0 0 0 0 0.000292089 0 0 0 
0 0 0 0 0.19253 0.0148197 0 0 0 0 0 0 0.12667 0 0 0 0 0 0 0 0.0102225 0 0 0 0 0 0 0 0.000261803 0 0 0 0 0 0 0 0.311741 0.137258 0 0 0 0 0 0 0.311741 0 0 0 0 0 0 0 0.22576 0 0 0 0 0 0 0 0.0317864 0 0 0 0 0 0 0.0405808 0.0967915 0.0376634 0.206326 0 0 0 0 0.311741 0.257946 0 0 0 0 0 0 0 0.311741 0 0 0 0 0 0 0 0.311741 0 0 0 0 0 0 0 0.00388553 0 0.228241 0 0 0 0 0.104815 0.0554848 0 0.00171754 0 0 0 0 0.226303 0.230799 0 0 0 0 0 0 0.0212742 0.311741 0 0 0 
0 0 0 0.310998 0.132706 0 0 0 0 0 0 0 0.310998 0 0 0 0 0 0 0 0.310998 0 0 0 0 0 0 0 0.116671 0 0 0 0 0 0 0.207672 0 0 0 0 0 0 0 0.115076 0.310998 0 0 0 0 0 0 0.254525 0.310998 0 0 0 0 0 0 0.0553716 0.310998 0 0 0 0 0 0 0.00918829 0 0 0 0 0 0 0 0.0768854 0 0 0 0 0 0 0 0.310998 0 0 0 0 0 0 0 0.23916 0.310998 0 0 0 0 0 0 3.6347e-05 1.01827e-07 3.35628e-07 1.29646e-05 0 0 0 0 0.00176646 0 0 0 0 0 0 0 0.026636 0 0 0 0 0 0 0 0.0830305 0 0 0 0 
0 0 0 0.00111634 0.0134612 0 0 0 0 0 0 0.144689 0.00881354 0 0 0 0 0 0 0.119541 0.304628 0 0 0 0 0 0 0 0.304628 0 0 0 0 0 0 0.0169987 0.224398 0 0 0 0 0 0 0.0423682 0.304628 0 0 0 0 0 0 0.304628 0.304628 0 0 0 0 0 0 0 0.304628 0 0 0 0 0 0 0.277988 0.304628 0 0 0 0 0 0 0 0.304628 0 0 0 0 0 0 0.0337234 0.151581 0 0 0 0 0 0 0.00523063 0.0166253 0 0 0 0 0 0 0.237985 0.0245917 0 0 0 0 0 0 0.00209756 0.103171 0 0 0 0 0 0 0 0.010154 0 0 0 0 0 0 0.000182255 3.03154e-05 0 0 0 
0 0 0 0.212707 0 0 0 0 0 0 0 0.322004 0.101206 0 0 0 0 0 0 0 0.322004 0 0 0 0 0 0 0 0.0393041 0 0 0 0 0 0 0.0784404 0 0 0 0 0 0 0 0.322004 0.173441 0 0 0 0 0 0 0 0.322004 0 0 0 0 0 0 0 0.242889 0 0 0 0 0 0 0.00824979 0 0 0 0 0 0 0 0.184182 0 0 0 0 0 0 0 0.322004 0.238448 0 0 0 0 0 0 0 0.322004 0 0 0 0 0 0 0.000323977 0 0 0 0 0 0 0 0.0294567 0 0 0 0 0 0 0 0.148266 0.0907472 0 0 0 0 0 0 0 0.322004 0 0 0 
0 0 0 0 0.227628 0 0 0 0 0 0 0 0.0885022 0 0 0 0 0 0 0 0.00904274 0 0 0 0 0 0 0 0.000265246 0 0 0 0 0 0 0.124896 0.313876 0 0 0 0 0 0 0 0.313876 0 0 0 0 0 0 0 0.231252 0 0 0 0 0 0 0 0.0329725 0 0 0 0 0 0 0.155932 0.145922 0 0 0 0 0 0 0.313876 0.313876 0 0 0 0 0 0 0 0.313876 0 0 0 0 0 0 0 0.313876 0 0 0 0 0 0 0.033117 0 0 0 0 0 0 0 0.135447 0.0468561 0 0 0 0 0 0 0.266489 0.198671 0 0 0 0 0 0 0.0523954 0.313876 0 0 0 
0 0 0 0.319879 0 0 0 0 0 0 0 0.319879 0.252427 0 0 0 0 0 0 0 0.319879 0 0 0 0 0 0 0 0.126086 0 0 0 0 0 0 0.167042 0 0 0 0 0 0 0 0.319879 0.172674 0 0 0 0 0 0 0.101454 0.319879 0 0 0 0 0 0 0 0.319879 0 0 0 0 0 0 0.00809491 0 0 0 0 0 0 0 0.072675 0 0 0 0 0 0 0 0.319879 0 0 0 0 0 0 0 0.128572 0.319879 0 0 0 0 0 0 3.74814e-05 0 0 0 0 0 0 0 0.00167922 0 0 0 0 0 0 0 0.0242895 0 0 0 0 0 0 0 0.106382 0 0 0 0 
0 0 0 0 0.0145288 0 0 0 0 0 0 0 0.209719 0 0 0 0 0 0 0 0.330757 0 0 0 0 0 0 0 0.330757 0 0 0 0 0 0 0 0.204011 0 0 0 0 0 0 0.0454551 0.330757 0 0 0 0 0 0 0.265292 0.302779 0 0 0 0 0 0 0.00553831 0.0996142 0 0 0 0 0 0 0.0188981 0.330757 0 0 0 0 0 0 0 0.330757 0 0 0 0 0 0 0.0061581 0.188709 0 0 0 0 0 0 0.00461164 0.0030119 0 0 0 0 0 0 0.330757 0.0388472 0 0 0 0 0 0 0.0580553 0.204949 0 0 0 0 0 0 0 0.0280816 0 0 0 0 0 0 0 0.000289822 0 0 0 
0 0 0 0.110909 0.327597 0 0 0 0 0 0 0.0922647 0.327597 0 0 0 0 0 0 0 0.327597 0 0 0 0 0 0 0 0.131204 0 0 0 0 0 0 0.147224 0 0 0 0 0 0 0 0.327597 0.177631 0 0 0 0 0 0 0.150301 0.327597 0 0 0 0 0 0 0 0.327597 0 0 0 0 0 0 0.00854534 0 0 0 0 0 0 0 0.0760963 0 0 0 0 0 0 0 0.327597 0 0 0 0 0 0 0 0.133028 0.327597 0 0 0 0 0 0 3.89011e-05 0 0 0 0 0 0 0 0.00175481 0 0 0 0 0 0 0 0.0248403 0 0 0 0 0 0 0 0.027804 0.0514131 0 0 0 
0 0 0 0.00506812 0.0122711 0 0 0 0 0 0 0.123457 0.02887 0 0 0 0 0 0 0.0594096 0.349735 0 0 0 0 0 0 0 0.349735 0 0 0 0 0 0 0.18228 0.116276 0 0 0 0 0 0 0 0.349735 0 0 0 0 0 0 0.0484549 0.349735 0 0 0 0 0 0 0 0.349735 0 0 0 0 0 0 0.349735 0.0476492 0 0 0 0 0 0 0 0.349735 0 0 0 0 0 0 0 0.205547 0 0 0 0 0 0 0 0.0258017 0 0 0 0 0 0 0.167016 0 0 0 0 0 0 0 0.0312229 0.0283161 0 0 0 0 0 0 0 0.00809872 0 0 0 0 0 0 7.48375e-05 0.000142706 0 0 0 
0 0 0 0 0 0.131805 0 0 0 0 0 0 0 0.275181 0 0 0 0 0 0 0 0.275181 0 0 0 0 0 0 0 0.275181 0 0 0 0 0 0 0 0.239545 0.0673256 0 0 0 0 0 0 0.275181 0.113323 0 0 0 0 0 0 0.275181 0.0716176 0.0547079 0.0330727 0 0 0 0 0.0370067 0.017884 0.059668 0 0 0 0 0 0 0.275181 0.0211238 0 0 0 0 0 0 0.148869 0.275181 0.275181 0 0 0 0 0 0 0.177864 0.275181 0 0 0 0 0 0 0.021903 0 0 0 0 0 0 0.0190207 0.110245 0.0839324 0 0 0 0 0 0 0.176784 0.275181 0 0 0 0 0 0 0 0.142245 0 0 0 0 0 0 0.101921 
0.290572 0 0 0 0 0 0 0.0663691 0.315692 0 0 0 0 0 0 0 0.315692 0 0 0 0 0 0 0 0.169563 0 0 0 0 0 0 0.0462561 0.315692 0 0 0 0 0 0 0.108578 0.315692 0 0 0 0 0 0 0 0.315692 0 0 0 0 0 0 0.174951 0.117523 0 0 0 0 0 0 0.315692 0.145988 0 0 0 0 0 0 0.0268752 0.288993 0 0 0 0 0 0 0 0.0932291 0 0 0 0 0 0 0.201534 0.0710394 0 0 0 0 0 0 0.254374 0.00940549 0 0 0 0 0 0 0 0.0155266 0 0 0 0 0 0 0 0 0 0 0 0 0 0 0.0235601 0.0114576 0 0 0 0 0 0 0.0215578 
0.00272889 0 0 0 0 0 0 0.00452058 0.00311635 0 0 0 0 0 0 0.00846417 0.0201894 0 0 0 0 0 0 0 0.0294701 0 0 0 0 0 0 0 0.118908 0 0 0 0 0 0 0.0227043 0.0537635 0 0 0 0 0 0 0.148492 0.294859 0 0 0 0 0 0 0 0.306661 0 0 0 0 0 0 0 0.306661 0 0 0 0 0 0 0 0.23352 0 0 0 0 0 0 0.306661 0.306661 0 0 0 0 0 0 0 0.306661 0 0 0 0 0 0 0 0.306661 0 0 0 0 0 0 0 0.230715 0 0 0 0 0 0 0.113404 0.306661 0 0 0 0 0 0 0 0.305235 0 0 0 0 0 0 0 
0 0 0 0 0 0.0348784 0.0718078 0 0 0 0 0 0.0766674 0.216564 0 0 0 0 0 0 0.285879 0 0 0 0 0 0 0 0.145285 0 0 0 0 0 0 0 0 0 0.285879 0 0 0 0 0 0 0.207042 0.285879 0 0 0 0 0 0.285879 0 0 0 0 0 0 0 0.285879 0 0 0 0 0 0 0 0 0 0.285879 0 0 0 0 0 0 0 0.285879 0 0 0 0 0 0.210328 0.0578898 0.0435411 0 0 0 0 0 0.285879 0 0 0 0 0 0 0 0 0 0.25784 0 0 0 0 0 0 0 0.285879 0 0 0 0 0 0.015003 0.00937541 0.137385 0 0 0 0 0.0629212 0.0471237 0 0 0 
0 0 0 0 0.05909 0 0 0 0 0 0 0 0.27414 0 0 0 0 0 0 0 0.27414 0 0 0 0 0 0 0 0.213837 0 0 0 0 0 0 0 0.27414 0 0 0 0 0 0 0 0.27414 0 0 0 0 0 0 0 0.27414 0.0190757 0 0 0 0 0 0 0.0598187 0.00500792 0.0245701 0 0 0 0 0 0.0940359 0.240556 0.0179608 0 0 0 0 0 0.0564048 0.171035 0.27414 0 0 0 0 0 0 0.0232139 0.27414 0 0 0 0 0 0 0 0.27414 0 0 0 0 0 0 0.0344695 0.135409 0 0 0 0 0 0 0 0.27414 0 0 0 0 0 0 0 0.27414 0 0 0 0 0 0 0 0.27414 0 
0 0 0 0 0 0 0.0172522 0.148882 0 0 0 0 0 0.13574 0.18762 0.0217938 0 0 0 0 0 0.297878 0 0 0 0 0 0 0 0.205762 0 0 0.0419892 0 0 0 0 0 0 0.253089 0 0 0 0 0 0.0266179 0.110072 0.297878 0 0 0 0 0 0.297878 0.0129656 0 0 0 0 0 0 0.297878 0 0 0.297878 0 0 0 0 0 0 0 0.297878 0 0 0 0 0 0 0.0722217 0.0158556 0 0 0 0 0.152109 0.0271495 0.0440807 0 0 0 0 0 0.297878 0 0 0.214276 0 0 0 0 0 0 0 0.297878 0 0 0 0 0 0 0 0.110455 0 0 0 0 0.0021714 0 0.0147525 0 0 0 0 0 0.0530207 0.000958712 0.00100233 
