0 0 0 0 0 0 0 2.11229e-05 0 0 0 0 0 0 0 0.00070467 0.000567785 0 0 0 0 0 0 0.0136502 0 0 0 0 0 0 0 0.0856086 0.00231045 0 0 0 0 0 0 0.000746874 0 0 0 0 0 0 0 0.0570061 0.260291 0 0 0 0 0 0 0.028632 0.185975 0 0 0 0 0 0 0.343942 0.105694 0 0 0 0 0 0 0 0.343942 0 0 0 0 0 0 0.122318 0.343942 0 0 0 0 0 0 0.137975 0.343942 0 0 0 0 0 0 0 0.343942 0 0 0 0 0 0 0 0.343942 0 0 0 0 0 0 0 0.343942 0 0 0 0 0 0 0 0.113261 0 0 0 0 0 0 0 
0.241239 0 0 0 0 0 0 0 0.0815082 0 0 0 0 0 0 0 0.00866113 0 0 0 0 0 0 0 0.000254024 0 0 0 0 0 0 0 0.321639 0 0 0 0 0 0 0 0.321639 0 0 0 0 0 0 0 0.221072 0 0 0 0 0 0 0 0.0315754 0 0 0 0 0 0 0 0.211518 0 0 0 0 0 0 0.0865139 0.321639 0 0 0 0 0 0 0.304195 0.321639 0 0 0 0 0 0 0 0.314572 0 0 0 0 0 0 0 0 0 0 0 0 0 0 0.0315948 0.0448714 0 0 0 0 0 0 0.129967 0.190257 0 0 0 0 0 0 0.255985 0.321639 0 0 0 0 0 0 0.0511116 
2.53343e-05 0 0 0 0 0 0 0 0.00355081 0 0 0 0 0 0 5.73634e-05 0.0102214 0 0 0 0 0 0 0.0690768 0 0 0 0 0 0 0 0.348099 0.000946505 0 0 0 0 0 0 0 0.0756026 0 0 0 0 0 0 0 0.348099 0 0 0 0 0 0 0.0293059 0.153372 0 0 0 0 0 0 0.348099 0.0190591 0 0 0 0 0 0 0 0.310361 0 0 0 0 0 0 0 0.348099 0 0 0 0 0 0 0 0.348099 0 0 0 0 0 0 0.0158996 0.100929 0 0 0 0 0 0 0 0.348099 0 0 0 0 0 0 0 0.348099 0 0 0 0 0 0 0 0.0983534 0 0 0 0 0 0 0 
0.25556 0 0 0 0 0 0 0 0.0874436 0 0 0 0 0 0 0 0.00892396 0 0 0 0 0 0 0 0.000262415 0 0 0 0 0 0 0 0.311502 0 0 0 0 0 0 0.0567041 0.311502 0 0 0 0 0 0 0 0.229937 0 0 0 0 0 0 0 0.0321591 0 0 0 0 0 0 0 0.175455 0 0 0 0 0 0 0.1215 0.311502 0 0 0 0 0 0 0.311353 0.311502 0 0 0 0 0 0 0 0.296105 0 0 0 0 0 0 0 0 0 0 0 0 0 0 0.0326533 0.0477067 0 0 0 0 0 0 0.133151 0.195433 0 0 0 0 0 0 0.290503 0.231721 0 0 0 0 0 0 0.232788 
0.327624 0 0 0 0 0 0 0 0.327624 0 0 0 0 0 0 0.0903487 0.327624 0 0 0 0 0 0 0 0.128474 0 0 0 0 0 0 0 0 0 0 0 0 0 0 0.14043 0.176057 0 0 0 0 0 0 0.327624 0.327624 0 0 0 0 0 0 0.147191 0.327624 0 0 0 0 0 0 0 0 0 0 0 0 0 0 0.00835182 0 0 0 0 0 0 0 0.0740949 0 0 0 0 0 0 0 0.327624 0.327624 0 0 0 0 0 0 0.156423 0 0 0 0 0 0 0 3.80915e-05 0 0 0 0 0 0 0 0.00171853 0 0 0 0 0 0 0 0.0251369 0 0 0 0 0 0 0 0.116555 
2.45263e-05 0 0 0 0 0 0 0 0.00415055 0 0 0 0 0 0 0 0.12011 0 0 0 0 0 0 0 0.353137 0 0 0 0 0 0 0 0.000905008 0 0 0 0 0 0 0 0.0724728 0 0 0 0 0 0 0 0.353137 0 0 0 0 0 0 0 0.353137 0 0 0 0 0 0 0 0.0183571 0 0 0 0 0 0 0 0.293849 0 0 0 0 0 0 0 0.353137 0 0 0 0 0 0 0 0.353137 0 0 0 0 0 0 0 0.108941 0 0 0 0 0 0 0 0.353137 0 0 0 0 0 0 0 0.353137 0 0 0 0 0 0 0 0.0938562 0 0 0 0 0 0 0 
0.0202965 0 0 0 0 0 0 0 0.340883 0 0 0 0 0 0 0 0.340883 0 0 0 0 0 0 0.0342769 0.0562478 0 0 0 0 0 0 0.179433 0.195446 0 0 0 0 0 0 0 0.340883 0 0 0 0 0 0 0 0.340883 0 0 0 0 0 0 0 0.0705014 0 0 0 0 0 0 0 0.340883 0 0 0 0 0 0 0 0.340883 0 0 0 0 0 0 0 0.184897 0 0 0 0 0 0 0 0.00676182 0 0 0 0 0 0 0 0.340883 0 0 0 0 0 0 0 0.267476 0 0 0 0 0 0 0 0.0264134 0 0 0 0 0 0 0 0.000276069 0 0 0 0 0 0 0 
0.303973 0 0 0 0 0 0 0 0.123402 0 0 0 0 0 0 0 0.00972153 0 0 0 0 0 0 0 0.000228748 0 0 0 0 0 0 0 0.303973 0 0 0 0 0 0 0.0400594 0.303973 0 0 0 0 0 0 0 0.218932 0 0 0 0 0 0 0 0.0276683 0 0 0 0 0 0 0 0 0 0 0 0 0 0 0.277311 0.303973 0 0 0 0 0 0 0.303973 0.303973 0 0 0 0 0 0 0 0.294819 0 0 0 0 0 0 0 0 0 0 0 0 0 0 0.0308377 0.0771804 0 0 0 0 0 0 0.0845366 0.259929 0 0 0 0 0 0 0.188816 0.279737 0 0 0 0 0 0 0.143651 
0.31848 0 0 0 0 0 0 0 0.151186 0 0 0 0 0 0 0 0.00687282 0 0 0 0 0 0 0 3.63288e-05 0 0 0 0 0 0 0 0.31848 0 0 0 0 0 0 0.0166993 0.31848 0 0 0 0 0 0 0 0.0799713 0 0 0 0 0 0 0 0.00161825 0 0 0 0 0 0 0 0 0 0 0 0 0 0 0.31848 0.31848 0 0 0 0 0 0 0.31848 0.31848 0 0 0 0 0 0 0 0.0392127 0 0 0 0 0 0 0 0 0 0 0 0 0 0 0.0953269 0.31848 0 0 0 0 0 0 0.142671 0.31848 0 0 0 0 0 0 0 0.16302 0 0 0 0 0 0 0 
0 0 0 0 0 0 0 2.11787e-05 0 0 0 0 0 0 0 0.000710726 0.000567542 0 0 0 0 0 0 0.0140254 0 0 0 0 0 0 0 0.0893124 0.00230946 0 0 0 0 0 0 0.000746554 0 0 0 0 0 0 0 0.0569817 0.260179 0 0 0 0 0 0 0.0286197 0.185895 0 0 0 0 0 0 0.343835 0.105649 0 0 0 0 0 0 0 0.343835 0 0 0 0 0 0 0.122266 0.343835 0 0 0 0 0 0 0.137915 0.343835 0 0 0 0 0 0 0 0.343835 0 0 0 0 0 0 0 0.343835 0 0 0 0 0 0 0 0.343835 0 0 0 0 0 0 0 0.113212 0 0 0 0 0 0 0 
0.235403 0 0 0 0 0 0 0 0.0848446 0 0 0 0 0 0 0 0.00896831 0 0 0 0 0 0 0 0.000304719 0 0 0 0 0 0 0 0.320159 0 0 0 0 0 0 0 0.320159 0 0 0 0 0 0 0 0.211878 0 0 0 0 0 0 0 0.0393348 0 0 0 0 0 0 0 0.117426 0 0 0 0 0 0 0.190911 0.239342 0 0 0 0 0 0 0.320159 0.320159 0 0 0 0 0 0 0 0.320159 0 0 0 0 0 0 0 0 0 0 0 0 0 0 0.036271 0 0 0 0 0 0 0 0.196302 0.320159 0 0 0 0 0 0 0.0694667 0.320159 0 0 0 0 0 0 0.145463 
2.30282e-05 0 0 0 0 0 0 0 0.00379277 0 0 0 0 0 0 0 0.0249111 0 0 0 0 0 0 0.046047 0 0 0 0 0 0 0 0.324893 0.000901198 0 0 0 0 0 0 0 0.0781279 0 0 0 0 0 0 0 0.324893 0 0 0 0 0 0 0 0.312607 0 0 0 0 0 0 0.324893 0.0188787 0 0 0 0 0 0 0 0.289788 0 0 0 0 0 0 0 0.324893 0 0 0 0 0 0 0 0.324893 0 0 0 0 0 0 0 0.168589 0 0 0 0 0 0 0 0.324893 0 0 0 0 0 0 0.0482666 0.27996 0 0 0 0 0 0 0.239282 0.0966859 0 0 0 0 0 0 0.00404201 
2.57913e-05 0 0 0 0 0 0 0 0.00367785 0 0 0 0 0 0 0 0.0214106 0 0 0 0 0 0 0.0577873 0.281903 0 0 0 0 0 0 0.122964 0.0009638 0 0 0 0 0 0 0 0.0769851 0 0 0 0 0 0 0 0.352673 0 0 0 0 0 0 0.0299623 0.156226 0 0 0 0 0 0 0.352673 0.0196125 0 0 0 0 0 0 0 0.315824 0 0 0 0 0 0 0 0.352673 0 0 0 0 0 0 0 0.352673 0 0 0 0 0 0 0.0161827 0.116944 0 0 0 0 0 0 0 0.352673 0 0 0 0 0 0 0 0.352673 0 0 0 0 0 0 0 0.10015 0 0 0 0 0 0 0 
0.0115487 0 0 0 0 0 0 0.00421516 0.159172 0 0 0 0 0 0 0.195167 0.314441 0 0 0 0 0 0 0.161432 0.0651048 0 0 0 0 0 0 0.0103062 0.0593109 0 0 0 0 0 0.00299226 0.00504739 0.248531 0 0 0 0 0 0 0.314441 0 0 0 0 0 0 0 0.314441 0.000358143 0 0 0 0 0 0 0.0581787 0.0511794 0 0 0 0 0.0741845 0.0157135 0.0310601 0.314441 0 0 0 0 0 0 0 0.314441 0 0 0 0 0 0 0.00923944 0.0123386 0 0 0 0 0 0 0.00607289 0 0 0 0 0 0.314441 0.0666242 0.0188848 0.314441 0 0 0 0 0 0 0.178147 0.314441 0 0 0 0 0 0 0 0.0137433 0 0 0 0 0 0 0 
0 0 0 0 0.0176531 0 0 0 0 0 0 0 0.30477 0 0 0 0 0 0 0 0.30477 0 0 0 0 0 0 0 0.192244 0 0 0 0 0 0 0 0.176699 0 0 0 0 0 0 0.30477 0.30477 0 0 0 0 0 0 0.280108 0.281983 0 0 0 0 0 0 0 0.0627277 0 0 0 0 0 0 0 0.30477 0 0 0 0 0 0 0 0.30477 0 0 0 0 0 0 0.0993853 0.0765853 0 0 0 0 0 0 0.00495659 0.00153593 0 0 0 0 0 0 0.0990993 0.30477 0 0 0 0 0 0 0 0.30477 0 0 0 0 0 0 0 0.030467 0 0 0 0 0 0 0 0.000251613 0 4.43424e-08 0 
0 0 0 0 2.49188e-05 0 0 0 0 0 0 0 0.00441241 0 0 0 0 0 0 0 0.130863 0 0 0 0 0 0 0 0.346349 0 0 0 0 0 0 0 0.000868179 0 0 0 0 0 0 0 0.0764292 0 0 0 0 0 0 0 0.346349 0 0 0 0 0 0 0 0.346349 0 0 0 0 0 0 0.00147271 0.0165882 0 0 0 0 0 0 0.146494 0.147452 0 0 0 0 0 0 0.0540634 0.346349 0 0 0 0 0 0 0 0.346349 0 0 0 0 0 0 0 0.161747 0 0 0 0 0 0 0.139854 0.346349 0 0 0 0 0 0 0.202664 0.334073 0.02285 0 0 0 0 0 0 0.0902627 0.00703942 0.0612194 0 
0.307758 0 0 0 0 0 0 0 0.122473 0 0 0 0 0 0 0 0.00970335 0 0 0 0 0 0 0 0.000228322 0 0 0 0 0 0 0 0.307758 0 0 0 0 0 0 0 0.307758 0 0 0 0 0 0 0 0.218524 0 0 0 0 0 0 0 0.0276167 0 0 0 0 0 0 0 0.0107257 0 0 0 0 0 0 0.265505 0.307758 0 0 0 0 0 0 0.307758 0.307758 0 0 0 0 0 0 0 0.294221 0 0 0 0 0 0 0 0 0 0 0 0 0 0 0.0307803 0.0770365 0 0 0 0 0 0 0.0843791 0.259444 0 0 0 0 0 0 0.188513 0.258379 0 0 0 0 0 0 0.165281 
0.336449 0 0 0 0 0 0 0 0.149429 0 0 0 0 0 0 0 0.00674074 0 0 0 0 0 0 0 3.65699e-05 0 0 0 0 0 0 0 0.336449 0 0 0 0 0 0 0 0.336449 0 0 0 0 0 0 0 0.0906653 0 0 0 0 0 0 0 0.0015705 0 0 0 0 0 0 0 0.0423529 0 0 0 0 0 0 0.332714 0.336449 0 0 0 0 0 0 0.140702 0.336449 0 0 0 0 0 0 0 0.0272091 0 0 0 0 0 0 0 0 0 0 0 0 0 0 0.0959638 0.271793 0 0 0 0 0 0 0.243581 0.336449 0 0 0 0 0 0 0.0774249 0.0936876 0 0 0 0 0 0 0 
0 0 0 0.21406 0 0 0 0 0 0 0 0.321167 0.101622 0 0 0 0 0 0 0 0.321167 0 0 0 0 0 0 0 0.039466 0 0 0 0 0 0 0.0787635 0 0 0 0 0 0 0 0.321167 0.174155 0 0 0 0 0 0 0 0.321167 0 0 0 0 0 0 0 0.243888 0 0 0 0 0 0 0.00828378 0 0 0 0 0 0 0 0.184941 0 0 0 0 0 0 0 0.321167 0.239432 0 0 0 0 0 0 0 0.321167 0 0 0 0 0 0 0.000325312 0 0 0 0 0 0 0 0.0295805 0 0 0 0 0 0 0 0.159171 0.0801928 0 0 0 0 0 0 0 0.321167 0 0 0 
0 0 0 0.28669 0 0 0 0 0 0 0 0.289586 0.305237 0 0 0 0 0 0 0 0.312187 0 0 0 0 0 0 0 0.0317862 0 0 0 0 0 0 0.10607 0 0 0 0 0 0 0 0.173564 0.312187 0 0 0 0 0 0 0 0.312187 0 0 0 0 0 0 0 0.21079 0 0 0 0 0 0 0.00847822 0 0 0 0 0 0 0 0.183624 0 0 0 0 0 0 0 0.312187 0 0 0 0 0 0 0 0 0.312187 0 0 0 0 0 0 0.000299662 0 0 0 0 0 0 0 0.0297689 0 0 0 0 0 0 0 0.178129 0.0528464 0 0 0 0 0 0 0 0.312187 0 0 0 
0 0 0 0.308114 0 0 0 0 0 0 0 0.226283 0.308114 0 0 0 0 0 0 0 0.308114 0 0 0 0 0 0 0 0.119686 0 0 0 0 0 0 0.148812 0 0 0 0 0 0 0 0.238038 0.289676 0 0 0 0 0 0 0.0492827 0.308114 0 0 0 0 0 0 0 0.308114 0 0 0 0 0 0 0.0073769 0 0 0 0 0 0 0 0.049106 0.0133611 0 0 0 0 0 0 0.308114 0 0 0 0 0 0 0 0.308114 0.300476 0 0 0 0 0 0 3.32211e-05 0 0 0 0 0 0 0 0.00173506 0 0 0 0 0 0 0 0.0416833 0 0 0 0 0 0 0 0.0809966 0.0596076 0 0 0 
0 0 0 0 0.30319 0 0 0 0 0 0 0 0.12259 0 0 0 0 0 0 0 0.00965742 0 0 0 0 0 0 0 0.000227246 0 0 0 0 0 0 0.0397953 0.30319 0 0 0 0 0 0 0 0.30319 0 0 0 0 0 0 0 0.217488 0 0 0 0 0 0 0 0.0274883 0 0 0 0 0 0 0.275482 0 0 0 0 0 0 0 0.30319 0.30319 0 0 0 0 0 0 0 0.30319 0 0 0 0 0 0 0 0.29611 0 0 0 0 0 0 0.0306343 0 0 0 0 0 0 0 0.0839786 0.0778172 0 0 0 0 0 0 0.186394 0.258202 0 0 0 0 0 0 0.112877 0.30319 0 0 0 
0 0 0 0.215122 0.192214 0 0 0 0 0 0 0.184398 0.311161 0 0 0 0 0 0 0 0.311161 0 0 0 0 0 0 0 0.1238 0 0 0 0 0 0 0.148047 0 0 0 0 0 0 0 0.245339 0.300087 0 0 0 0 0 0 0.0507839 0.311161 0 0 0 0 0 0 0 0.311161 0 0 0 0 0 0 0.00761199 0 0 0 0 0 0 0 0.0506024 0.0137681 0 0 0 0 0 0 0.311161 0 0 0 0 0 0 0 0.311161 0.310599 0 0 0 0 0 0 3.42334e-05 0 0 0 0 0 0 0 0.00178792 0 0 0 0 0 0 0 0.0428837 0 0 0 0 0 0 0 0.0616098 0.0828323 0 0 0 
0 0 0.0773437 0.275163 0 0 0 0 0 0 0 0.275334 0 0 0 0 0 0 0 0.205158 0 0 0 0 0 0 0 0.0371978 0 0 0 0 0 0 0.275334 0.0323001 0 0 0 0 0 0 0.149773 0.275334 0 0 0 0 0 0 0.275334 0.166264 0 0 0 0 0 0.020107 0.194429 0.0222061 0 0 0 0 0.201715 0.0272471 0 0 0 0 0 0 0.275334 0.0539171 0 0 0 0 0 0.0389477 0.275334 0.176293 0 0 0 0 0 0 0.15766 0.187193 0 0 0 0 0 0 0.275334 0 0 0 0 0 0 0 0.275334 0 0 0 0 0 0 0.0328868 0.161438 0 0 0 0 0 0 0.0748472 0.0946592 0 0 0 0 0 0 0 
0 0 0 0 0 0 0 2.9787e-05 0.000370188 0 0 0 0 0 0 0.000290564 0.00470467 0 0 0 0 0 0 0.00803296 0 0 0 0 0 0 0 0.0742998 0 0 0 0 0 0 0 0.00733739 0.00322096 0 0 0 0 0 0 0.0530343 0.317725 0 0 0 0 0 0 0 0.348592 0 0 0 0 0 0 0.0718319 0.0861343 0 0 0 0 0 0 0.0655302 0.271682 0 0 0 0 0 0 0.235856 0.348592 0 0 0 0 0 0 0 0.348592 0 0 0 0 0 0 0 0.348592 0 0 0 0 0 0 0 0.348592 0 0 0 0 0 0 0 0.348592 0 0 0 0 0 0 0 0.123112 0 0 0 0 0 0 0 
0 0 0 0 0 0 0 2.29115e-05 0.000421944 0 0 0 0 0 0 0.000331172 0.0188171 0 0 0 0 0 0 0.0014352 0.00950842 0 0 0 0 0 0 0.129108 0.000858564 0 0 0 0 0 0 0.0022491 0 0 0 0 0 0 0 0.0629107 0.312963 0 0 0 0 0 0 0.0312587 0.322436 0 0 0 0 0 0 0.0985611 0.0934042 0 0 0 0 0 0 0 0.294417 0 0 0 0 0 0 0.214648 0.322436 0 0 0 0 0 0 0.322436 0.322436 0 0 0 0 0 0 0 0.322436 0 0 0 0 0 0 0.0814589 0.322436 0 0 0 0 0 0 0 0.26104 0 0 0 0 0 0 0.140459 0.102483 0 0 0 0 0 0 0.00229518 
0 0 0 0 0 0 0 2.24587e-05 0.000413616 0 0 0 0 0 0 0.000324635 0.0184499 0 0 0 0 0 0 0.00140895 0.00970972 0 0 0 0 0 0 0.122109 0.000839917 0 0 0 0 0 0 0.00220258 0 0 0 0 0 0 0 0.0616677 0.307348 0 0 0 0 0 0 0.0306417 0.330027 0 0 0 0 0 0 0.0320801 0.0949231 0 0 0 0 0 0 0 0.288263 0 0 0 0 0 0 0.210395 0.330027 0 0 0 0 0 0 0.330027 0.330027 0 0 0 0 0 0 0 0.330027 0 0 0 0 0 0 0 0.330027 0 0 0 0 0 0 0 0.255889 0 0 0 0 0 0 0.137687 0.10046 0 0 0 0 0 0 0.00224988 
0.0140331 0 0 0 0 0 0 0.00116381 0.00918837 0 0 0 0 0 0 0.150841 0.311268 0 0 0 0 0 0 0.124614 0.311268 0 0 0 0 0 0 0 0.233845 0 0 0 0 0 0 0.0175872 0.311268 0 0 0 0 0 0 0.0441701 0.311268 0 0 0 0 0 0 0.311268 0.311268 0 0 0 0 0 0 0 0.311268 0 0 0 0 0 0 0.232643 0.311268 0 0 0 0 0 0 0 0.158027 0 0 0 0 0 0 0.0351576 0.0173334 0 0 0 0 0 0 0.00545309 0.165181 0 0 0 0 0 0 0.0986109 0.107707 0 0 0 0 0 0 0.00212908 0.010586 0 0 0 0 0 0 0 3.16072e-05 0 0 0 0 0 0 0.000189989 
0 0 0 0 2.44592e-05 0 0 0 0 0 0 0 0.00414567 0 0 0 0 0 0 0 0.122911 0 0 0 0 0 0 0 0.354015 0 0 0 0 0 0 0 0.00090293 0 0 0 0 0 0 0 0.0723338 0 0 0 0 0 0 0 0.354015 0 0 0 0 0 0 0 0.354015 0 0 0 0 0 0 0 0.0180969 0 0 0 0 0 0 0 0.29266 0 0 0 0 0 0 0 0.354015 0 0 0 0 0 0 0 0.354015 0 0 0 0 0 0 0.00563243 0.0870497 0 0 0 0 0 0 0 0.354015 0 0 0 0 0 0 0 0.354015 0 0 0 0 0 0 0 0.0936392 0 0 0 
0 0 0 0 0.0196912 0 0 0 0 0 0 0 0.341946 0 0 0 0 0 0 0 0.341946 0 0 0 0 0 0 0 0.210086 0 0 0 0 0 0 0 0.187451 0 0 0 0 0 0 0 0.341946 0 0 0 0 0 0 0 0.341946 0 0 0 0 0 0 0 0.0702459 0 0 0 0 0 0 0 0.341946 0 0 0 0 0 0 0 0.341946 0 0 0 0 0 0 0 0.176977 0 0 0 0 0 0 0 0.00647905 0 0 0 0 0 0 0 0.341946 0 0 0 0 0 0 0 0.254777 0 0 0 0 0 0 0 0.0253325 0 0 0 0 0 0 0 0.000263857 0 0 0 
0 0 0 0 0.0207862 0 0 0 0 0 0 0 0.342699 0 0 0 0 0 0 0 0.342699 0 0 0 0 0 0 0 0.212202 0 0 0 0 0 0 0 0.198213 0 0 0 0 0 0 0 0.342699 0 0 0 0 0 0 0 0.342699 0 0 0 0 0 0 0 0.072174 0 0 0 0 0 0 0.106533 0.342699 0 0 0 0 0 0 0 0.342699 0 0 0 0 0 0 0 0.186875 0 0 0 0 0 0 0 0.00683525 0 0 0 0 0 0 0.342699 0 0 0 0 0 0 0 0.179553 0.0934396 0 0 0 0 0 0 0.000875881 0.025551 0 0 0 0 0 0 0 0.000278596 0 0 0 
2.51414e-05 0 0 0 0 0 0 0 0.00352454 0 0 0 0 0 0 5.69573e-05 0.0101464 0 0 0 0 0 0 0.0685535 0 0 0 0 0 0 0 0.347974 0.000939539 0 0 0 0 0 0 0 0.0750457 0 0 0 0 0 0 0 0.347974 0 0 0 0 0 0 0.0290915 0.152243 0 0 0 0 0 0 0.347974 0.0191189 0 0 0 0 0 0 0 0.307874 0 0 0 0 0 0 0 0.347974 0 0 0 0 0 0 0 0.347974 0 0 0 0 0 0 0.0157825 0.113996 0 0 0 0 0 0 0 0.347974 0 0 0 0 0 0 0 0.347974 0 0 0 0 0 0 0 0.0976286 0 0 0 0 0 0 0 
0 0 0 0.00508246 0.0123058 0 0 0 0 0 0 0.123806 0.0289517 0 0 0 0 0 0 0.0595775 0.349569 0 0 0 0 0 0 0 0.349569 0 0 0 0 0 0 0.182795 0.116605 0 0 0 0 0 0 0 0.349569 0 0 0 0 0 0 0.048592 0.349569 0 0 0 0 0 0 0 0.349569 0 0 0 0 0 0 0.349569 0.047784 0 0 0 0 0 0 0 0.349569 0 0 0 0 0 0 0 0.206128 0 0 0 0 0 0 0 0.0258747 0 0 0 0 0 0 0.167488 0 0 0 0 0 0 0 0.0313113 0.0283962 0 0 0 0 0 0 0 0.00812163 0 0 0 0 0 0 7.50492e-05 0.00014311 0 0 0 
0 0 0 0 0 0 0.0202219 0 0 0 0 0 0 0 0.152365 0 0 0 0 0 0 0.162699 0.0447562 0 0 0 0 0 0 0.0552378 0 0 0 0 0 0 0 0 0.31941 0 0 0 0 0 0 0 0.31941 0 0 0 0 0 0.196467 0.31941 0.0670803 0 0 0 0 0 0.228478 0.016915 0 0 0 0 0 0 0 0 0.31941 0 0 0 0 0 0.0129381 0.0224341 0.31941 0 0 0 0 0 0.31941 0.0405648 0 0 0 0 0 0.0588404 0.193434 0 0 0 0 0 0 0 0 0 0.199417 0 0 0 0 0 0.0647364 0.0106161 0.0457985 0 0 0 0 0.31941 0.0869093 0 0 0 0 0 0 0.195412 0 0 0 0 
0 0 0 0.18766 0 0 0 0 0 0 0 0.300734 0.225746 0 0 0 0 0 0 0 0.300734 0 0 0 0 0 0 0 0.0346849 0 0 0 0 0 0 0.0668935 0 0 0 0 0 0 0 0.170914 0.300734 0 0 0 0 0 0 0 0.300734 0 0 0 0 0 0 0 0.243129 0 0 0 0 0 0 0.00699366 0 0 0 0 0 0 0 0.130441 0.0262655 0 0 0 0 0 0 0.278416 0.300734 0 0 0 0 0 0 0 0.300734 0 0 0 0 0 0 0.000297347 0 0 0 0 0 0 0 0.0319818 0 0 0 0 0 0 0 0.300734 0 0 0 0 0 0 0 0 0.300734 0 0 0 
0 0 0 2.28109e-05 0 0 0 0 0 0 0 0.000329857 0.000420303 0 0 0 0 0 0 0.00143178 0.0187488 0 0 0 0 0 0 0.124088 0.00986703 0 0 0 0 0 0 0.00224026 0.000855247 0 0 0 0 0 0 0.062668 0 0 0 0 0 0 0 0.0311382 0.311759 0 0 0 0 0 0 0.0325999 0.325678 0 0 0 0 0 0 0 0.0930439 0 0 0 0 0 0 0.21382 0.293282 0 0 0 0 0 0 0.325678 0.325678 0 0 0 0 0 0 0 0.325678 0 0 0 0 0 0 0.0811448 0.325678 0 0 0 0 0 0 0 0.325678 0 0 0 0 0 0 0.139918 0.260033 0 0 0 0 0 0 0.00228633 0.102088 0 0 0 
0 0 0 0.00115147 0.0138842 0 0 0 0 0 0 0.149242 0.00909088 0 0 0 0 0 0 0.123302 0.312182 0 0 0 0 0 0 0 0.312182 0 0 0 0 0 0 0.0174006 0.231772 0 0 0 0 0 0 0.0437014 0.312182 0 0 0 0 0 0 0.312182 0.312182 0 0 0 0 0 0 0 0.312182 0 0 0 0 0 0 0.230176 0.312182 0 0 0 0 0 0 0 0.312182 0 0 0 0 0 0 0.0347846 0.15635 0 0 0 0 0 0 0.00539522 0.0171482 0 0 0 0 0 0 0.0975649 0.163427 0 0 0 0 0 0 0.00210648 0.106564 0 0 0 0 0 0 0 0.0104737 0 0 0 0 5.85451e-08 0 0.000188084 3.12691e-05 0 0 0 
0 0 0 2.28052e-05 0 0 0 0 0 0 0 0.000329774 0.000420198 0 0 0 0 0 0 0.00143142 0.0187441 0 0 0 0 0 0 0.124056 0.00986455 0 0 0 0 0 0 0.0022397 0.000855046 0 0 0 0 0 0 0.0626523 0 0 0 0 0 0 0 0.0311304 0.311681 0 0 0 0 0 0 0.0325917 0.325541 0 0 0 0 0 0 0 0.0930399 0 0 0 0 0 0 0.213766 0.293208 0 0 0 0 0 0 0.325541 0.325541 0 0 0 0 0 0 0 0.325541 0 0 0 0 0 0 0.0854 0.325541 0 0 0 0 0 0 0 0.325541 0 0 0 0 0 0 0.139882 0.259968 0 0 0 0 0 0 0.00228575 0.102062 0 0 0 
0 0 0 0.00116357 0.0140301 0 0 0 0 0 0 0.150808 0.00918637 0 0 0 0 0 0 0.124587 0.311288 0 0 0 0 0 0 0 0.311288 0 0 0 0 0 0 0.0175834 0.233795 0 0 0 0 0 0 0.0441605 0.311288 0 0 0 0 0 0 0.311288 0.311288 0 0 0 0 0 0 0 0.311288 0 0 0 0 0 0 0.232594 0.311288 0 0 0 0 0 0 0 0.311288 0 0 0 0 0 0 0.03515 0.157993 0 0 0 0 0 0 0.0054519 0.0173296 0 0 0 0 0 0 0.0985897 0.165144 0 0 0 0 0 0 0.00212861 0.107683 0 0 0 0 0 0 0 0.0105837 0 0 0 0 0 0 0.000189965 3.15978e-05 0 0 0 
0 0 0 0.207238 0 0 0 0 0 0 0 0.305536 0.17921 0 0 0 0 0 0 0 0.305536 0 0 0 0 0 0 0 0.0395978 0 0 0 0 0 0 0.0784437 0 0 0 0 0 0 0 0.305536 0.176883 0 0 0 0 0 0 0 0.305536 0 0 0 0 0 0 0 0.247441 0 0 0 0 0 0 0.00827898 0 0 0 0 0 0 0 0.184811 0 0 0 0 0 0 0 0.305536 0.289418 0 0 0 0 0 0 0 0.305536 0 0 0 0 0 0 0.000327398 0 0 0 0 0 0 0 0.0299889 0 0 0 0 0 0 0 0.197294 0.0614932 0 0 0 0 0 0 0.0981955 0.305536 0 0 0 
0 0 0 0.0981508 0.322477 0 0 0 0 0 0 0 0.180298 0 0 0 0 0 0 0 0.00797436 0 0 0 0 0 0 0 3.89968e-05 0 0 0 0 0 0 0.11314 0.322477 0 0 0 0 0 0 0 0.322477 0 0 0 0 0 0 0 0.0960401 0 0 0 0 0 0 0 0.00164489 0 0 0 0 0 0 0.322477 0.0447086 0 0 0 0 0 0 0.146576 0.322477 0 0 0 0 0 0 0 0.322477 0 0 0 0 0 0 0 0.0294696 0 0 0 0 0 0 0.100976 0 0 0 0 0 0 0 0.215911 0.322477 0 0 0 0 0 0 0.0390467 0.322477 0 0 0 0 0 0 0 0.145427 0 0 0 
0 0 0 0.00112879 0.0136113 0 0 0 0 0 0 0.146301 0.00891182 0 0 0 0 0 0 0.120863 0.303439 0 0 0 0 0 0 0 0.303439 0 0 0 0 0 0 0.0171882 0.2269 0 0 0 0 0 0 0.0428406 0.303439 0 0 0 0 0 0 0.303439 0.303439 0 0 0 0 0 0 0 0.303439 0 0 0 0 0 0 0.281082 0.303439 0 0 0 0 0 0 0 0.303439 0 0 0 0 0 0 0.0340995 0.153271 0 0 0 0 0 0 0.00528896 0.0168117 0 0 0 0 0 0 0.24067 0.0248659 0 0 0 0 0 0 0.00212096 0.104321 0 0 0 0 0 0 0 0.0102673 0 0 0 0 0 0 0.000184288 3.06534e-05 0 0 0 
0 0 0 0.154529 0.0460585 0 0 0 0 0 0 0.187518 0.320042 0 0 0 0 0 0 0 0.320042 0 0 0 0 0 0 0 0.0395156 0 0 0 0 0 0 0.0765513 0 0 0 0 0 0 0 0.320042 0.176507 0 0 0 0 0 0 0 0.320042 0 0 0 0 0 0 0 0.244196 0 0 0 0 0 0 0.00829801 0 0 0 0 0 0 0 0.18618 0 0 0 0 0 0 0 0.320042 0.239732 0 0 0 0 0 0 0 0.320042 0 0 0 0 0 0 0.000325722 0 0 0 0 0 0 0 0.0298935 0 0 0 0 0 0 0 0.149065 0.0912359 0 0 0 0 0 0 0 0.320042 0 0 0 
0 0 0 2.24881e-05 0 0 0 0 0 0 0 0.000750689 0 0 0 0 0 0 0 0.0135135 0.00183633 0 0 0 0 0 0 0.093343 0 0 0 0 0 0 0 0.00153323 0.001813 0 0 0 0 0 0 0.060342 0 0 0 0 0 0 0 0.0302366 0.277879 0 0 0 0 0 0 0.33658 0.196384 0 0 0 0 0 0 0.0471911 0.0639458 0 0 0 0 0 0 0.129639 0.33658 0 0 0 0 0 0 0.142251 0.33658 0 0 0 0 0 0 0 0.33658 0 0 0 0 0 0 0.333241 0.149264 0 0 0 0 0 0 0 0.33658 0 0 0 0 0 0 0 0.33658 0 0 0 0 0 0 0 0.119805 0 0 0 
0 0 0 0.00454401 0.014275 0 0 0 0 0 0 0.132863 0.0321499 0 0 0 0 0 0 0.0772786 0.343705 0 0 0 0 0 0 0.109181 0.343705 0 0 0 0 0 0 0.194535 0.125088 0 0 0 0 0 0 0 0.343705 0 0 0 0 0 0 0.0521032 0.343705 0 0 0 0 0 0 0 0.343705 0 0 0 0 0 0 0.343705 0.101612 0 0 0 0 0 0 0 0.343705 0 0 0 0 0 0 0 0.221854 0 0 0 0 0 0 0 0.0276993 0 0 0 0 0 0 0.116962 0.058259 0 0 0 0 0 0 0.0142282 0.0489281 0 0 0 0 0 0 0 0.00872878 0 0 0 0 0 0 8.05144e-05 0.000154667 0 0 0 
0 0 0 0.321442 0 0 0 0 0 0 0 0.321442 0.252992 0 0 0 0 0 0 0 0.321442 0 0 0 0 0 0 0 0.126379 0 0 0 0 0 0 0.167416 0 0 0 0 0 0 0 0.321442 0.171431 0 0 0 0 0 0 0.101677 0.321442 0 0 0 0 0 0 0 0.321442 0 0 0 0 0 0 0.00811303 0 0 0 0 0 0 0 0.0728376 0 0 0 0 0 0 0 0.321442 0 0 0 0 0 0 0 0.12847 0.321442 0 0 0 0 0 0 3.75654e-05 0 0 0 0 0 0 0 0.00168357 0 0 0 0 0 0 0 0.0238178 0 0 0 0 0 0 0 0.0267696 0.0500571 0 0 0 
0 0 0 0.212707 0 0 0 0 0 0 0 0.322004 0.101206 0 0 0 0 0 0 0 0.322004 0 0 0 0 0 0 0 0.0393041 0 0 0 0 0 0 0.0784404 0 0 0 0 0 0 0 0.322004 0.173441 0 0 0 0 0 0 0 0.322004 0 0 0 0 0 0 0 0.242889 0 0 0 0 0 0 0.00824979 0 0 0 0 0 0 0 0.184182 0 0 0 0 0 0 0 0.322004 0.238448 0 0 0 0 0 0 0 0.322004 0 0 0 0 0 0 0.000323977 0 0 0 0 0 0 0 0.0294567 0 0 0 0 0 0 0 0.148266 0.0907472 0 0 0 0 0 0 0 0.322004 0 0 0 
0 0 0 0.00111634 0.0134612 0 0 0 0 0 0 0.144689 0.00881354 0 0 0 0 0 0 0.119541 0.304628 0 0 0 0 0 0 0 0.304628 0 0 0 0 0 0 0.0169987 0.224398 0 0 0 0 0 0 0.0423682 0.304628 0 0 0 0 0 0 0.304628 0.304628 0 0 0 0 0 0 0 0.304628 0 0 0 0 0 0 0.277988 0.304628 0 0 0 0 0 0 0 0.304628 0 0 0 0 0 0 0.0337234 0.151581 0 0 0 0 0 0 0.00523063 0.0166253 0 0 0 0 0 0 0.237985 0.0245917 0 0 0 0 0 0 0.00209756 0.103171 0 0 0 0 0 0 0 0.010154 0 0 0 0 0 0 0.000182255 3.03154e-05 0 0 0 
0.128493 0 0 0 0 0 0 0.0370206 0.309464 0 0 0 0 0 0 0.156981 0.286794 0 0 0 0 0 0 0.0804016 0.0436445 0 0 0 0 0 0 0 0.230126 0 0 0 0 0 0 0.0729959 0.172416 0 0 0 0 0 0 0.309464 0 0 0 0 0 0 0 0.309464 0.000371698 0 0 0 0 0 0 0.0350122 0.309464 0 0 0 0 0 0 0 0.309464 0 0 0 0 0 0 0 0.248748 0 0 0 0 0 0 0.0180639 0.0109445 0 0 0 0 0 0 0.00589248 0.309464 0 0 0 0 0 0 0 0.309464 0 0 0 0 0 0 0 0.211526 0 0 0 0 0 0 0 0.0118066 0 0 0 0 0 0 0 
0 0 0 0 0 0.272743 0 0 0.0316212 0 0 0 0 0.0199618 0.0260258 0.0650082 0.272743 0 0 0 0 0 0 0.0412207 0.150205 0 0 0 0 0 0 0.0952879 0 0 0 0 0 0.272743 0 0 0 0 0 0 0 0.228469 0.0942156 0.0770717 0.272743 0 0 0 0 0 0 0.159384 0.272743 0 0 0 0 0 0 0 0 0 0 0 0 0.272743 0 0 0 0 0 0 0 0.272743 0.131911 0 0 0 0 0 0 0 0.135403 0.272743 0.10756 0 0 0 0 0 0 0.164484 0 0 0 0 0.000910213 0.11356 0 0 0 0 0 0 0 0.272743 0.0538378 0 0 0 0 0 0 0 0.26651 0.0855787 0 0 0 0 0 0 0 0.173026 
0 0 0 0 0.0864651 0 0 0 0 0 0 0 0.277505 0 0 0 0 0 0 0 0.277505 0 0 0 0 0 0 0 0.141163 0 0 0 0 0 0 0 0.277505 0 0 0 0 0 0 0 0.277505 0 0 0 0 0 0 0 0.26192 0.071027 0.0374738 0 0 0 0 0 0.0203579 0.018007 0.130306 0 0 0 0 0 0.0752022 0.24277 0 0 0 0 0 0 0 0.277505 0.231482 0 0 0 0 0 0 0 0.277505 0 0 0 0 0 0 0 0.277505 0 0 0 0 0 0 0.0930216 0.0254603 0 0 0 0 0 0 0 0.277505 0 0 0 0 0 0 0 0.277505 0 0 0 0 0 0 0 0.243452 0 
0 0 0 0.0126131 0.0246668 0 0 0 0 0 0 0.00902755 0.311168 0 0 0 0 0 0 0 0.311168 0 0 0 0 0 0 0 0.228595 0 0 0 0 0 0 0 0.0339389 0 0 0 0 0 0 0 0.311168 0 0 0 0 0 0 0 0.311168 0 0 0 0 0 0 0 0.311168 0 0 0 0 0 0 0.00286698 0.0125114 0 0 0 0 0 0 0.0494751 0.189833 0 0 0 0 0 0 0.150154 0.311168 0 0 0 0 0 0 0.073332 0.27719 0 0 0 0 0 0 0.00898816 0 0 0 0 0 0 0 0.110557 0.0457 0 0 0 0 0 0 0.200555 0.300498 0 0 0 0 0 0 0.0311372 0.274772 0 0 0 
0.243181 0 0 0 0 0 0 0 0.057454 0.0107205 0.0276168 0 0 0 0 0 0 0 0.266081 0 0 0 0 0 0 0 0.271993 0 0 0 0 0 0.271993 0 0 0 0 0 0 0.0186262 0.271993 0.0369757 0 0 0 0 0 0 0 0.0197207 0.271993 0 0 0 0 0 0 0 0.271993 0 0 0 0 0 0.108367 0 0 0 0 0 0 0.186181 0.271993 0 0 0 0 0 0 0 0.025139 0.180918 0.271993 0 0 0 0 0 0 0 0.271993 0 0 0 0 0 0 0 0 0 0 0 0 0.080851 0.269469 0 0 0 0 0 0 0.0436424 0.096509 0.241561 0.0263169 0 0 0 0 0 0 0.00901622 0.206578 0 0 0 0 0 
0 0 0 0 0 0.140951 0 0 0 0 0 0 0 0.286866 0 0 0 0 0 0 0 0.286866 0 0 0 0 0 0 0 0.082519 0.00126202 0.000789444 0 0 0 0 0 0.286866 0 0 0 0 0 0 0 0.286866 0.0168977 0 0 0 0 0 0 0.194748 0.049598 0.0554177 0.0824953 0 0 0 0 0.00313672 0.00219584 0.0282877 0 0 0 0 0 0.111437 0.249448 0 0 0 0 0 0 0.0274414 0.172128 0.286866 0.286866 0 0 0 0 0 0 0.137532 0.286866 0 0 0 0 0 0 0 0 0 0 0 0 0 0.0458289 0.120607 0.0401792 0 0 0 0 0 0 0.269298 0.286866 0 0 0 0 0 0 0 0.221131 0 0 0 0 0 0 0 
