0 0 0 0.0610116 0.00247241 0 0 0 0.0203491 0.00329316 0.00578917 0.00102803 0 0 0 0 0.361177 0 0 0 0 0 0 0 0.361177 0 0 0 0 0 0 0 0 0 0 0.00128009 0.00925512 0.0065069 0 0 0.0872571 0 0 0 0.000153206 0.00207987 0 0.00365345 0.361177 0 0 0 0 0 0 0 0.361177 0 0 0 0 0 0 0 0 0 0 0 0.00382074 0.00519138 0.00111266 0.000554705 0.108551 0 0 0 0 0 0.0024427 0.0200341 0.361177 0 0 0 0 0 0 0 0.361177 0 0 0 0 0 0 0.018009 0.00522955 0.000682342 0.00105526 0 0.000416662 0.000996524 0.000685481 0.00463894 0.103202 0 0 0 0 0 0 0.153293 0.03827 0 0 0 0 0 0 0.361177 0 0 0 0 0.0220787 0.00131913 0 0.161849 
0 0 0 0 0.107234 0.00116095 0 0.0143128 0.0178906 0 0 0 0.112653 0.00159391 0.000992798 0.0129436 0.0185745 0.0112066 0.0038602 0.0351749 0.0349302 0 0 0 0 0.00341693 0.00311564 0.0166615 0 0.00135092 0.000586683 0 0 0 0 0 0.333275 0 0 0 0 0 0 0 0.333275 0 0 0 0 0 0 0.333275 0.0624839 0 0 0 0 0 0.0209634 0.133677 0.00203862 0.00279063 0 0 0 0 0 0 0.264367 0 0 0 0 0 0.0145622 0.143043 0.188829 0 0 0 0 0 0.333275 0.205361 0 0 0 0 0 0 0.333275 0 0 0 0 0 0.00100766 9.36113e-05 0.000201545 0.00269654 0.00156718 0 0 0.000563872 0 0 0.0607988 0.00599952 0 0 0 0.000176567 0 0 0.333275 0 0 0 0 0 0 0 0.333275 0 0 0 0 0 
0 0 0.288425 0 0 0 0 0 0 0 0.288425 0 0 0 0 0 0 0 0.288425 0.00229765 0 0.00158907 0 0 0 0.00400178 0.0666803 0.00131578 0.00048853 0.0221776 0.0066178 0 0 0 0.288425 0 0 0 0 0 0 0 0.288425 0 0 0 0 0 0 0.247238 0.288425 0 0 0 0 0 0.0129762 0.288425 0.0185891 0 0 0 0 0 0 0.00272764 0.103047 0 0 0 0 0 0.0639154 0.0703098 0.055485 0 0 0 0 0 0.288425 0.129164 0 0 0 0 0 0 0.288425 0 0 0 0 0 0 0 0.021526 0.00153159 0.00066467 0 0 0 0 0 0.183417 0 0 0 0 0 0 0 0.288425 0 0 0 0 0 0 0.0402744 0.0696811 0 0 0 0 0 0 0.14649 
0 0 0 0.0195988 0.225412 0 0 0 0 0 0 0.275001 0.134054 0 0 0 0 0 0 0.102597 0.0309911 0 0 0 0 0 0 0.00277121 0 0.000749541 0.00240165 0.0414682 0 0 0 0 0.288006 0 0 0 0 0 0 0 0.288006 0 0 0 0 0 0 0 0.0820546 0.0383239 0.072146 0 0 0 0 0 0 0 0.0774932 0.146057 0 0 0 0 0.288006 0 0 0 0 0 0 0 0.288006 0.192483 0 0 0 0 0 0 0 0.0421299 0.288006 0 0 0 0 0 0 0 0.288006 0.0687867 0 0 0 0 0.203315 0.0673711 0 0 0 0 0 0 0 0.288006 0.152502 0 0 0 0 0 0 0 0.288006 0 0 0 0 0.0338367 0.00262634 0.00221898 0.154329 0 
0.00105261 0 4.16891e-05 0.000172787 0 0.00384628 0.00227744 0.00069507 0.107589 0 0 0 0 0 0 0.00248432 0.281402 0 0 0 0 0 0 0 0.274939 0 0 0 0 0 0 0.00747675 0 0 0 0 0 0.0631384 0.0663702 0 0.0159217 0 0 0 0 0 0.0748867 0.150748 0.281402 0 0 0 0 0 0 0.138899 0.281402 0 0 0 0 0 0 0 0 0 0 0 0 0.258357 0.151302 0 0 0 0 0 0 0 0.281402 0.0260404 0 0 0 0 0 0 0.0795692 0.281402 0.0730513 0 0 0 0 0 0 0.254255 0 0 0 0 0 0.270291 0 0 0 0 0 0 0 0.0401053 0.281402 0 0 0 0 0 0 0 0.281402 0.115327 0 0 0 0 0 0 0 0.218104 
0 0.143435 0.151482 0 0 0 0 0 0 0 0.108529 0.063242 0.136637 0 0 0 0 0 0 0.00984527 0.303598 0 0 0 0 0 0 0 0.160861 0.00207631 0 0.00146292 0 0.0275567 0.0531381 0.0267299 0.0131073 0.111316 0 0 0 0 0 0 0.227422 0.303598 0 0 0 0 0 0 0.303598 0 0 0 0 0 0 0 0.303598 0 0 0 0 0 0 0 0 0.303598 0 0 0 0 0 0 0 0.303598 0 0 0 0 0 0.0513312 0.302953 0 0 0 0 0 0 0.303598 0.025648 0 0 0 0 0 0 0 0 0.23153 0.0572052 0 0 0 0 0 0 0.150482 0 0 0 0 0 0.0222779 0.00891933 0.00706765 0 0 0 0 0 0.0839394 0 0 0 0 
0 0 0 0 0 0 0.0232879 0.0669122 0 0 0 0 0 0 0.284928 0.0150434 0 0 0 0 0 0 0.284928 0 0 0 0 0 0 0 0.284928 0 0 0 0 0 0 0 0 0.284928 0 0 0 0 0 0 0.227691 0.284928 0 0 0 0 0 0 0.284928 0.0535793 0 0 0 0 0 0 0.234693 0 0 0 0 0 0.00246585 0 0.00073895 0.244192 0.0696847 0 0 0 0 0 0 0.284928 0.165685 0 0 0 0 0 0 0.190481 0.0232175 0 0 0 0 0 0.0158843 0.0110398 0 0 0 0 0.0236317 0 0 0.0778724 0.284928 0 0 0 0 0 0 0.0411436 0.284928 0 0 0 0 0 0 0 0.129799 0 0 0 0 0 0 0 
0 0 0 0.00813127 0.0369867 0 0 0 0 0 0 0.00778407 0.266423 0 0 0 0 0 0 0 0.266423 0 0 0 0 0 0 0 0.225932 0 0 0 0 0.00943079 0.00932726 0.0169852 0 0 0 0 0 0 0.0067768 0.152812 0.0577268 0 0 0 0 0 0 0.191256 0.266423 0 0 0 0 0 0 0.0896233 0.266423 0 0 0 0 0.235635 0 0 0 0 0 0 0 0.143249 0.170465 0.0128242 0 0 0 0 0 0 0.266423 0.228439 0 0 0 0 0 0 0.057427 0.266423 0 0 0 0 0 0.266423 0 0 0 0 0 0 0 0.266423 0 0 0 0 0 0 0 0.0713115 0.266423 0 0 0 0 0 0 0 0.266423 0.00261542 0 0 0 0 
0.267231 0 0 0 0 0 0 0.0681741 0.0293546 0 0.0585123 0.0346148 0 0.0127001 0 0.00232939 0 0 0.112047 0.018293 0.0298794 0.195736 0 0 0 0 0 0 0 0.282931 0 0 0.0173434 0 0 0.0763378 0 0 0 0.142049 0 0 0.111563 0.282931 0 0 0 0 0 0.282931 0.236864 0 0 0 0 0 0 0.0634062 0.00746508 0.00533366 0.062959 0.176201 0 0 0.00852388 0 0 0.158157 0.166142 0 0 0.0043746 0 0.00494567 0.0167602 0.282931 0 0 0 0 0.282931 0.112646 0 0 0 0 0 0 0 0.242618 0.0347646 0.0116028 0.0164221 0 0 0 0 0 0 0 0.282931 0 0 0 0.0276826 0 0 0.0264556 0.0653979 0 0 0.0145244 0.282931 0 0 0 0 0 0 0.0575613 0 0.187569 0.034269 0.00826404 0 0 0 0 
0 0 0 0.279373 0 0 0 0 0 0 0 0.0380703 0.115884 0.00896796 0.0868039 0.0215105 0 0 0 0 0 0 0.259679 0.196776 0 0 0 0 0.024243 0.0377334 0.073523 0.0106112 0 0 0 0.279373 0 0 0 0 0.0176603 0.00807084 0 0.279373 0.0246171 0 0 0.017302 0.144695 0 0 0 0 0 0 0.279373 0.142269 0 0 0 0 0 0 0.00946883 0 0 0 0.172674 0.000195085 0 0 0 0 0 0 0.279373 0.144221 0 0 0 0.0380705 0 0 0 0.130305 0.0125938 0.0265856 0.279373 0.279373 0 0 0 0 0 0 0 0 0 0 0.0179216 0.000748611 0.000110126 0 0 0 0 0 0.273283 0.035488 0 0 0 0 0 0 0.021846 0.279373 0.0122788 0 0.0102021 0.194053 0 0 0 0.0257918 0.0217871 0 0.103508 
0 0 0 0 0 0 0.204113 0.194538 0.135179 0 0 0 0 0 0 0.257818 0 0 0 0 0.20403 0.0889713 0.0318621 0.00270363 0 0 0 0 0.0609316 0.140092 0.113592 0 0.0126378 0 0.0066199 0 0 0 0.257818 0.0444282 0.062348 0 0 0 0 0 0 0.257818 0 0 0 0 0.118903 0.169338 0.0351454 0 0 0 0 0.0910725 0.0908668 0.116641 0.0225324 0 0 0.0442328 0.257818 0 0 0 0 0 0 0.257818 0 0 0 0 0 0 0 0.0145229 0.0485264 0.0773349 0.211492 0 0 0 0 0 0 0.257818 0.223179 0 0 0 0 0.157991 0.103093 0 0 0 0 0 0.0908125 0.257818 0 0 0 0 0 0 0 0.112319 0.0064253 0.00991768 0.157361 0 0 0 0 0 0 0 0.257818 0.128376 0 0 
0.00624988 0 0 0 0 0 0.124363 0.037538 0 0.0230003 0.0760978 0.0605288 0.157913 0.0184994 0 0 0 0 0 0.0600655 0.287561 0.00695351 0 0 0 0 0 0 0.212605 0.0145647 0.0119264 0.0771992 0 0 0 0 0.0209679 0.0589036 0.231387 0 0 0 0 0 0.123353 0.287561 0.109688 0 0 0 0 0.0596273 0.287561 0 0 0 0 0 0 0.174232 0.287561 0 0 0 0 0 0.0131376 0.0193761 0.0100133 0 0.192928 0.0944062 0 0 0 0 0 0 0.287561 0.287561 0 0 0 0.0157896 0.0472325 0.0220511 0.0191139 0.0860346 0 0 0 0.0631462 0.109676 0 0 0 0 0 0 0.182878 0.00692172 0.00248056 0.0121241 0.0489015 0 0 0 0 0 0 0.0143862 0.287561 0 0 0 0 0 0 0 0.287561 0.00317482 0 0 0 0.0027438 7.88298e-05 0.000396615 0.0521223 
0 0 0 0 0.263028 0 0 0 0 0 0 0.263028 0.0265195 0 0 0 0.0144579 0.0102506 0.0157537 0.203191 0 0 0 0 0.263028 0.00768044 0 0 0 0 0 0 0 0 0 0 0.263028 0.14018 0 0 0 0 0 0 0.187583 0.255083 0 0 0.0756753 0 0.00237964 0.00702531 0 0.00302625 0.0271221 0.100136 0.263028 0 0 0 0 0 0 0.0131019 0 0.0465621 0 0.00250792 0.0101006 0.239697 0 0 0 0 0 0 0 0.263028 0.0949984 0 0 0 0 0 0 0 0.157948 0.263028 0 0 0 0 0.0101424 0 0 0.263028 0.0555445 0.125333 0.000505807 0 0 0.021038 0 0 0 0 0 0 0 0.234916 0.0869714 0.00377478 0 0 0 0 0.00977081 0.0261767 0.229677 0.102287 0 0 0 0.160359 0.0190496 0 0 0.0375545 
0.0121911 0.220381 0.0373224 0 0 0 0.0202496 0.0425881 0.0457773 0.0283685 0 0 0 0 0.108424 0.139771 0 0.0183927 0.0753364 0.151454 0.0256377 0.0148069 0 0 0 0 0 0.00554942 0.00524832 0.0179592 0.257084 0 0.00807858 0.0458313 0 0.147562 0.0510929 0.0501006 0.0183238 0.0143787 0 0 0 0 0 0.174497 0.257084 0 0 0.061696 0.25459 0.0187996 0.0311592 0.0531643 0 0 0 0.00854338 0.018796 0 0 0 0.257084 0.00488374 0 0 0.170831 0.257084 0 0.0115626 0 0 0.118958 0 0 0.00995451 0 0 0.125605 0.257084 0.110019 0.257084 0 0 0 0.0320317 0.018205 0 0 0 0 0 0 0.257084 0.0797967 0 0.0540149 0.192386 0.164366 0 0 0 0 0 0 0.00666615 0.113237 0.036822 0.0488208 0.111493 0.0116136 0.0408269 0 0 0 0 0 0.257084 0.018946 0.0187384 0 0 0 0 0 0.208764 0 0 
0 0.0163878 0 0 0 0 0 0 0.00774631 0.0873623 0 0 0 0 0 0 0.213682 0.0211477 0 0 0 0 0 0 0.284386 0 0 0 0 0 0 0 0 0.230273 0 0 0 0 0 0 0 0.284386 0 0 0 0 0 0 0.0974114 0.284386 0.00473194 0 0 0 0 0 0.284386 0.0247895 0 0.00979878 0.0280341 0 0 0 0 0.284386 0.0170809 0 0 0 0 0 0 0.284386 0 0 0 0.0468245 0.0112205 0 0 0.018558 0 0.00387591 0.0703469 0.284386 0 0 0 0 0 0.136754 0.284386 0 0 0 0 0.185318 0.155223 0 0 0 0 0 0.00827131 0.0143218 0 0 0 0 0.216789 0.115864 0.0601622 0 0 0 0 0.116404 0.0935889 0.136991 0.0163432 0.0979301 0.183979 0.0204734 0.0179821 0 0 0 
0.00733104 0.221652 0.0420027 0 0 0 0 0.0143582 0 0.00393439 0 0 0 0.0723401 0.246222 0.0265489 0.0145513 0.0139737 0.00423185 0 0.0350769 0.15816 0.0554397 0.0560168 0 0.0189 0.279641 0.0582398 0.0162467 0 0 0 0.0146659 0.0472451 0.192218 0 0 0 0 0.0350668 0 0 0 0 0 0 0 0.279641 0.279641 0 0 0 0 0 0 0.0648965 0.0319849 0.279641 0.0512565 0 0 0 0 0 0 0 0.0915869 0.118624 0.0518256 0.0190509 0 0 0 0 0 0 0.279641 0.0968078 0.0109892 0 0.0548882 0 0.00366602 0 0.279641 0 0 0.0337891 0 0.153353 0.0280592 0.161919 0.0306582 0 0 0 0 0 0 0.20563 0.0251326 0.026529 0.00846361 0 0 0 0 0 0.029923 0.0815958 0.123426 0.107088 0.00587399 0 0.00811407 0.0164975 0.279641 0 0.00943866 0.0312926 0 0 0.0102892 0.279641 0.0342297 0 0 0 
