0 0 0.000255993 0.00190172 0.00113676 0.000121169 0 0 0.047833 0 0 1.55726e-05 7.57297e-05 0 3.41107e-05 0.000669693 0.296755 0 0 0 0 0 0 0 0.262749 0 0 0 0 0 0 0 0 0.000127759 0 0.000456726 0.000630959 0.00184702 0.0287721 0 0.0244222 0 0 0 0 0 0.0445404 0.0433823 0.296755 0 0 0 0 0 0 0.121952 0.296755 0 0 0 0 0 0 0 0 0 0 0 0 0 0.296755 0 0 0 0 0 0 0 0.296755 0 0 0 0 0 0 0 0.230332 0.296755 0 0 0 0 0 0 0 0.287558 0 0 0 0 0 0 0.296755 0 0 0 0 0 0 0 0.296755 0 0 0 0 0 0 0 0.255244 0.0202846 0.00115319 0.00213165 0 0 0 0 0.000811399 0.0518329 
0.0511825 0.00187912 0.000903066 0 0 0 0 0 0.00285082 0 0 0 0.000117902 0.00225582 0.00125343 0.00313138 0 0 0 0 0.00297368 0.00696886 0.000796907 0 0 0 0 0.0101002 0.00696737 0.000718429 0 0 0.213053 0 0 0 0 0 0 0.221996 0.280068 0 0 0 0 0 0 0.00169736 0.110879 0 0 0 0 0.00091871 0.00232286 0.011334 0.0574134 0.00132797 0.000631864 0.000278184 0.000263544 0.000694146 0 0 0 0 0 0 0 0 0 0.327368 0.327368 0 0 0 0 0 0 0.327368 0.327368 0 0 0 0 0 0 0 0.327368 0 0 0 0 0 0 0 0 0 0 0 0.0837203 0.00311291 0.00173953 0.0778187 0.0621544 0 0 0 0.0158327 0.00269832 0.00297998 0.200293 0.327368 0 0 0 0 0 0 0.0280344 0.327368 0 0 0 0 0 0 0 
0 0.04898 0.174672 0 0 0 0 0 0 0.324062 0 0 0 0 0 0 0 0.324062 0.00501245 0 0 0.00361829 0 0 0 0.0366944 0 0 0 0.125285 0.0310771 0 0 0.0430418 0.0145925 0.00110257 0 0 0 0 0 0.324062 0 0 0 0 0 0 0.0368567 0.324062 0 0 0 0 0 0 0.193984 0.186078 0 0 0 0 0.00644295 0 0.00617175 0.000194899 0.000323343 0.000247677 0.000440337 7.42469e-05 0 0.000140287 0.176245 0 0 0 0 0 0 0 0.324062 0 0 0 0 0 0 0 0.324062 0 0 0 0 0 0 0 0.0290105 0.00135084 0.000286473 0 0 0 0 0 0.236728 0 0 0 0 0 0 0 0.324062 0 0 0 0 0 0 0.0539613 0.0947895 0 0 0 0 0 0 0.195776 
0 0 0.0161296 0 0 0.0865353 0.0180221 0 0 0 0 0 0 0.281665 0.0898784 0 0 0 0 0 0 0.273264 0.0425043 0 0 0 0 0 0 0.0350871 0.00852035 0.000575829 0 0 0.00683268 0 0 0.0116672 0.187709 0 0 0 0 0 0 0 0.281665 0 0 0 0 0 0 0 0.281665 0.0948265 0.0687502 0 0 0 0 0 0.00714038 0.0557231 0.00878239 0 0 0 0 0 0.264094 0 0 0 0 0 0 0 0.281665 0.266531 0.139366 0 0 0 0 0 0 0.281665 0.281665 0 0 0 0 0 0 0 0.0133623 0 0 0 0 0 0.0214766 0.0508885 0 0 0 0 0 0 0 0.281665 0.205178 0 0 0 0 0 0 0.116109 0.281665 0 0 0 0 0 0 0 
0 0 0 0 0 0.286535 0 0 0 0 0 0 0 0.286535 0 0 0 0 0 0 0 0.0789416 0.00934736 0 0.0149784 0 0 0 0 0 0.00102833 0.00928926 0 0 0 0 0 0.286535 0 0 0 0 0 0 0 0.286535 0.0811532 0 0 0 0 0 0 0.0131059 0.131781 0.0782159 0.196965 0 0 0 0 0 0 0.0116563 0 0 0 0.00146124 0.00177198 0.247537 0.021078 0 0 0 0 0 0 0.069776 0.286535 0 0.0842562 0 0 0 0 0 0.05648 0.286535 0.286535 0 0 0 0 0 0 0 0 0.000475318 0.0375061 0 0.00119937 0.0146931 0.0613767 0 0 0 0 0 0 0 0.286535 0.112346 0.0909723 0 0 0 0 0 0 0.286535 0.286535 0 0 0 0 0 0 0 
0.0575466 0 0 0 0 0 0 0 0.0122631 0.00686732 0.0178752 0 0 0 0 0 0 0 0.269521 0 0 0 0 0 0 0 0.269521 0 0 0 0 0 0.269521 0 0 0 0 0 0 0 0.214359 0.0135873 0 0 0 0 0 0 0 0.061955 0.269521 0 0 0 0 0 0 0 0.269521 0 0 0 0 0 0.232549 0 0 0 0 0 0 0.146103 0.269521 0 0 0 0 0 0 0.0271392 0.129268 0.269521 0.0294327 0 0 0 0 0 0 0.0830213 0.269521 0 0 0 0 0 0 0 0 0 0 0 0 0.170354 0.226836 0 0 0 0 0 0 0.11644 0.265547 0.188092 0 0 0 0 0 0 0.00232974 0.25397 0 0 0 0 0 0 
0 0 0 0 0.0169767 0.140133 0 0 0 0 0 0 0.290743 0.0241387 0 0 0 0 0 0 0.290743 0 0 0 0 0 0 0.0216155 0.271035 0 0 0 0 0 0 0 0.0170227 0.180785 0.0997995 0 0 0 0 0 0.10311 0.290743 0.138645 0 0 0 0 0 0.290743 0.0458708 0 0 0 0 0 0.152927 0.228582 0 0 0 0 0 0 0.0618971 0.00921641 0.0326156 0.18723 0 0 0 0 0 0 0 0.290743 0 0 0 0 0 0.0158583 0.0369314 0.263481 0 0 0 0 0.0420068 0.0460254 0.00116718 0.0117232 0 0 0 0 0.208129 0.0184135 0.0109241 0.0117173 0 0 0 0 0 0.00641652 0.00835035 0.290743 0 0 0 0 0 0 0 0.139442 0.222842 0 0 0 0 0 0 0 0.140093 
0.0124263 0 0 0.00815397 0.0422642 0 0 0.0154125 0.00199605 0 0.00296907 0.209745 0 0 0 0.00275269 0 0 0 0.289486 0 0 0 0 0 0 0 0.115841 0.00143954 0 0 0 0 0 0 0 0.289486 0 0 0 0 0 0 0.289486 0.0980557 0 0 0 0 0 0.204262 0.289486 0 0 0 0 0 0 0.289486 0.0386274 0 0 0 0 0 0 0 0 0.289486 0 0 0 0 0 0 0.269357 0.111514 0 0 0 0 0 0.289486 0.0565802 0 0 0 0 0 0 0.289486 0 0 0 0 0 0 0 0 0 0.133583 0 0 0 0 0.000972523 0.0141946 0.0210032 0.0157341 0 0 0 0 0.00587787 0.16221 0 0 0 0 0 0 0 0.289486 0 0 0 0 0 
0.00137606 0.000221722 0 0 0 0 0 0.00682477 0.00032277 0 0 0 0 0 0 0.12244 0 0 0 0 0 0 0 0.298448 0 0 0 0 0 0 0 0.298448 0.134456 0 0 0 0 0 0 0.07871 0.0892051 0 0 0 0 0 0 0.298448 0 0 0 0 0.0110074 0.0134163 0.0176043 0.298448 0.119199 0.0139434 0.0651478 0.0287385 0 0 0 0.069859 0.298448 0 0 0 0 0 0 0 0.174897 0 0 0.106058 0.121605 0 0 0 0 0 0 0.298448 0.110832 0 0 0 0 0 0.272384 0.234293 0 0 0 0 0.0649943 0.000185764 0 0 0.28517 0 0.000499714 0.00171403 0 0 0 0 0.298448 0 0 0 0 0 0 0.0555551 0.106037 0 0 0 0.00889485 0.0612707 0.0491409 0.0119506 0 0 0 0 
0 0 0 0 0.287133 0 0 0 0 0 0 0.140614 0.254398 0.00515216 0 0.00794427 0 0 0 0.0289804 0.0793377 0.00767536 0 0.147201 0.200201 0 0 0 0 0 0 0.125796 0.0606745 0.00282354 0.00287697 0.0667982 0.00577472 0 0 0 0 0.0129892 0.0358628 0.287133 0 0 0 0 0 0 0.133016 0.287133 0 0 0 0 0.0153971 0.000790906 0.034471 0.077368 0.00585797 0.00907155 0 0.0036323 0.287133 0 0 0 0 0.00554274 0 0.0429049 0.287133 0.110057 0 0 0 0 0 0 0 0.287133 0.136962 0 0 0 0 0 0 0.0250304 0.0992216 0.00391684 0 0.157008 0 0 0 0.164364 0.0379573 0.0162735 0.00784783 0 0 0 0 0.275892 0.00853385 0 0.0056752 0 0 0 0 0.0908873 0 0.00256787 0 0.193649 0 0 0 0 0 0 0 0.287133 0 0 
0 0 0 0.0389296 0.00327278 0 0.0381756 0.169423 0 0 0.152796 0.0895679 0 0.00211918 0.0412408 0.0209211 0.0285586 0.0466274 0.254925 0 0 0 0 0 0 0 0.130346 0.0414135 0 0 0 0 0 0 0 0.296892 0 0 0 0 0 0 0.296892 0.296892 0 0 0 0 0.0705731 0.296892 0.115322 0 0 0 0 0 0.134105 0.0529682 0.00889436 0 0.00572003 0.0194261 0.0355094 0.0321124 0 0 0 0.296892 0 0 0 0 0.0502318 0.0329478 0.0465171 0.0702995 0 0 0 0 0.296892 0.0178789 0 0 0 0 0 0 0.296892 0 0 0 0 0 0 0.107537 0.00225087 0.00100258 0.00258652 0.0868012 0 0 0 0 0.208969 0.00206831 0 0 0 0 0 0 0.296892 0 0 0 0 0 0 0 0.0147793 0 0 0 0.0428668 0 0 0.158859 
0 0.152641 0.107197 0 0 0 0 0 0 0.0519233 0.262982 0 0 0 0 0 0.0141385 0.00245851 0.00542896 0 0 0 0.262982 0 0 0 0 0 0 0 0.226913 0.151551 0.10344 0.262982 0 0 0 0 0 0 0 0.262982 0 0 0 0 0 0 0.0608261 0 0 0 0 0 0 0.262982 0.0795815 0 0 0 0 0 0 0.262982 0.061093 0.0739835 0.00803594 0 0.104839 0.0070781 0 0 0 0.0425813 0.0358982 0.0530059 0.220262 0 0 0 0 0 0 0 0.130444 0.174606 0.0278756 0 0 0 0 0 0.167335 0.109356 0.0333313 0 0 0 0 0 0.247728 0.141924 0 0 0 0 0 0.243632 0.259238 0 0 0 0 0 0 0.0707785 0.143146 0.145859 0 0 0 0 0 0 0.0341165 0.142578 0.108168 0 
0.105308 0.109393 0 0 0 0 0.00716917 0.00531119 0.00432621 0.0554576 0 0 0 0.223511 0.00412471 0 0 0 0 0 0.263378 0.135466 0 0 0 0 0 0 0.263378 0 0 0 0.00459546 0 0 0 0 0.0870146 0.187528 0.00477206 0 0 0 0 0 0.263378 0.06891 0 0 0 0 0.00955582 0.188049 0.260432 0 0 0 0 0 0.263378 0.0280499 0 0 0 0 0 0 0 0.0189749 0.058543 0.263378 0.018363 0 0 0 0 0 0 0.202697 0.263378 0.122067 0.00450431 0 0.00726027 0 0.00278678 0.0283674 0.0858819 0.0279981 0.0158521 0.0328629 0.140671 0 0 0 0 0 0 0 0.117566 0.109132 0.0204861 0.0142412 0 0 0 0 0 0.0267761 0.00978727 0.00701126 0.263378 0.263378 0 0 0 0 0 0 0.109467 0.263378 0.00791989 0 0 0 0 0 0 
0 0 0 0 0.117144 0.105444 0.181521 0 0.0182156 0 0 0 0 0 0.146083 0.250748 0.010917 0.0405697 0.0230706 0.0227594 0.0214739 0.0390164 0.0174761 0.194372 0 0 0.0304327 0.0386033 0.0161462 0.194019 0.0390016 0 0.014486 0.12965 0.017942 0.0385915 0.0203792 0.0146906 0.118849 0.0156105 0 0 0.158397 0.236561 0.122393 0.00222021 0.0230732 0 0 0.149525 0.250748 0.0473485 0 0 0 0 0 0.00821199 0.121461 0.151468 0.0358557 0.0132996 0.0117133 0 0 0.250748 0.0980979 0.0580789 0 0 0 0 0 0 0.055259 0.0268705 0.165652 0.250748 0 0 0.0560855 0.0303247 0 0 0 0.0286815 0.250748 0.0301585 0.0151438 0 0.0133035 0 0.00582214 0.0133402 0.06936 0.174208 0 0.209772 0 0 0 0 0 0 0 0.250748 0.0884813 0 0 0 0 0 0 0 0.250748 0.00729068 0.00539339 0 0.0178471 0 0.00753304 0.00812701 0.250748 0 0 0 0 0.0176109 
0.009199 0 0 0 0 0 0.0201503 0.252327 0.0410914 0 0 0 0 0 0.246063 0.101386 0 0 0 0 0 0.0559081 0.252327 0 0 0 0 0 0.00875383 0.213257 0.102415 0 0.00449692 0.0487393 0.143078 0.082861 0 0 0 0.0151107 0.139851 0.252327 0 0 0 0 0 0 0 0 0 0.201725 0.0854214 0 0 0 0 0.0208078 0.200939 0.112098 0.0112416 0 0 0 0.150701 0.0481997 0.0330477 0.136261 0 0 0 0 0.252327 0 0 0 0.00723975 0 0.00110698 0.0155553 0 0 0 0.0796369 0.252327 0 0 0 0.0132956 0.133244 0.070767 0.126354 0.0206006 0 0 0 0.0522096 0 0 0 0.00841832 0 0.0459842 0.252327 0.0603754 0 0 0 0 0.0924182 0.0368969 0.251992 0 0 0 0 0.252327 0.252327 0 0 0.0168372 0 0 0 0.0168539 0.0882215 0.157719 0.0402526 
0.00700185 0 0 0 0 0 0 0.0206757 0 0 0 0 0 0 0 0.27018 0 0 0 0 0 0 0 0.27018 0.0235773 0.0337307 0 0 0 0 0 0.204066 0.160969 0 0 0 0 0 0 0 0.0928203 0 0 0 0 0 0 0.27018 0 0 0.00329312 0.190945 0.00352745 0 0.00217755 0.16387 0.023529 0.104237 0.146346 0.0760798 0 0 0 0 0.27018 0 0 0 0 0 0 0 0.27018 0 0 0 0.0351266 0.00554749 0 0.0698433 0 0 0 0.167803 0.27018 0 0 0 0.27018 0.0202023 0.00935098 0.0186407 0 0 0 0.00864227 0.27018 0 0 0 0 0 0 0 0.251615 0 0 0 0.0349214 0.0310152 0.00444567 0.0128318 0 0 0 0 0.110377 0.16225 0.152707 0 0 0 0 0 0 0 0 0.27018 
