0 0 0 0 0.339509 0.000726101 0.000726819 0 0.0103293 0 0 0 0.247575 0.00125913 0 0.0046577 0.0422538 0 0 0 0.121883 0.0027646 0 0.020305 0 0 0 0 0.0170592 0.00191029 0 0.142332 0 0 0 0 0.340624 0 0 0 0 0 0 0 0.340624 0 0 0 0 0 0 0 0.340624 0 0 0 0 0 0 0 0.340624 0 0 0 0 0 0 0.0130641 0.0934241 0.000957465 0 0 0 0 0 0 0.273846 0 0 0 0 0 0 0.306978 0.128574 0 0 0 0 0 0 0.340624 0.0311767 0 0 0 0.000932806 0 0 0 0 0.000396288 0.00238867 0.00951586 0.00326522 0.00577934 0 0.00277797 0.00172922 0 0 0.000138199 0 0.003933 0.00448399 0.0213671 0 0 0 0 0 0 0.00103376 0.0964216 0 0 0 0 
0 0.000825831 0.00798655 0.00436488 0 0.00132599 0.000179513 0.000554032 0 0 0.101657 0.0221235 0 0.00378835 0 0 0 0 0.336873 0 0 0 0 0 0 0 0.336873 0 0 0 0 0 0.00814822 0.0140484 0.0061485 0.0407663 0.0202158 0 0 0 0 0 0.0320239 0.336873 0.0559669 0 0 0 0 0 0.336873 0.154795 0 0 0 0 0 0 0.336873 0 0 0 0 0 0.0177756 0 0 0 0.111473 0 0.00106242 0.0156604 0 0 0 0.0419465 0.336873 0 0 0 0 0 0.0142712 0.148009 0.193343 0 0 0 0 0 0.0687221 0.00639877 0 0 0 0.000104536 0 0 0 0 0.10611 0.00153275 0 0.0155101 0 0 0 0 0.336873 0 0 0 0 0 0 0 0.271442 0 0 0 0.00101668 7.23548e-05 0 0.00346232 0.00161986 0 0.000165203 0.000294068 
0 0 0 0 0 0 0.2855 0 0 0 0 0 0 0 0.144311 0 0.00154224 0 0.000197143 0.0004862 0 0 0.00603028 0.00277852 0.0225477 0 0 0.000109837 0 4.9285e-05 0 0.000178173 0 0 0 0 0 0 0.2855 0 0 0 0 0 0 0 0.2855 0 0.0331598 0 0 0 0 0 0.00930729 0.112932 0.240655 0 0 0 0 0 0 0 0 0 0 0 0 0 0.2855 0 0 0 0 0 0 0 0.2855 0.17543 0.11404 0 0 0 0 0 0 0.2855 0.2855 0 0 0 0 0 0 0 0 0 0 0 0 0 0.210584 0.0198317 0 0 0 0 0 0 0.120929 0.2855 0.0811297 0 0 0 0 0 0 0.2855 0.251883 0 0 0 0 0 0 0 
0.00214596 0.00150238 0.0129823 0.0297837 0 0 0 0 0 0 0.189818 0.0638748 0 0 0 0 0 0 0.283528 0.0928997 0 0 0 0 0 0 0.0570311 0.0385685 0 0 0.0467215 0 0.0788283 0.00312638 0 0 0 0 0 0.044293 0.0783049 0.0544561 0.0918902 0 0 0 0 0 0 0.0461354 0.283528 0 0 0 0 0 0 0 0.283528 0.00186105 0 0 0 0 0.150934 0 0 0 0 0 0 0.252319 0.283528 0 0 0 0 0 0 0 0.283528 0.237984 0 0 0 0 0 0 0 0.283528 0.14682 0 0 0 0 0 0 0 0 0 0 0 0 0.265145 0.283528 0 0 0 0 0 0 0.0100701 0.283528 0 0 0 0 0 0 0 0.124329 0.147678 0 0 0 0 0 0 
0 0 0.116158 0.00295676 0.00132905 0.0127078 0 0 0 0 0 0.00355294 0.110316 0.108135 0 0 0 0 0 0 0.302503 0 0 0 0 0 0 0 0.165724 0.0017037 0 0 0 0.00188388 0.020781 0 0 0.0164237 0.133402 0 0 0 0 0 0 0.302503 0.0872434 0 0 0 0 0 0.302503 0.0274657 0 0 0 0 0 0.029761 0.302503 0 0 0 0 0 0 0 0 0 0.302503 0 0 0 0 0 0 0.0999505 0.302503 0 0 0 0 0 0.211669 0.11756 0.0146854 0 0 0 0 0.302503 0.023507 0 0 0 0 0 0 0 0 0 0.302503 0 0 0 0 0 0 0 0.302503 0 0 0 0 0 0.0108315 0.0201802 0.0961215 0 0 0 0 0.0668605 0.00702046 0 0 0 
0.0134885 0.00266046 0.000817599 0.0130544 0.040901 0 0 0 0 0 0 0.119678 0.0797284 0 0 0 0 0 0 0.279597 0 0 0 0 0 0 0.0123384 0.0999948 0.0150753 0.0187298 0 0 0 0 0 0 0.279597 0 0 0 0 0 0 0.147453 0.279597 0 0 0 0 0 0.159657 0.279597 0 0 0 0 0 0 0.279597 0 0 0 0 0 0 0 0 0 0.279597 0 0 0 0 0 0 0.110421 0.279597 0 0 0 0 0.0278995 0.279597 0.115292 0 0 0 0 0 0.266646 0.168618 0 0 0 0 0 0 0 0 0 0.174025 0 0 0 0 0.00236145 0.011141 0.0286808 0.0443861 0 0 0 0 0.236065 0.0320461 0 0 0 0 0 0 0.279597 0 0 0 0 0 0 
0 0 0 0 0.284164 0 0 0 0 0 0 0 0.284164 0 0 0 0 0 0 0.131439 0.171862 0 0 0 0 0 0 0.203331 0 0 0 0 0 0 0 0 0.284164 0 0 0 0 0 0 0.0991438 0.284164 0 0 0 0 0 0.0403015 0.284164 0.0362667 0 0 0 0 0 0.281551 0.155728 0 0 0 0 0 0 0 0.00244136 0.105219 0 0 0 0 0 0.0707936 0.159318 0.016811 0 0 0 0 0 0.284164 0.0284245 0 0 0 0 0 0.0427484 0.284164 0 0 0 0 0 0.000259303 0.00337904 0.000975581 0.00130964 0.0010344 2.11903e-05 4.51974e-05 0.000229296 0 0.0629069 0.0614777 0 0 0 0 0 0 0.284164 0.129111 0 0 0 0 0 0 0.284164 0 0 0 0 0 0 
0 0 0 0 0.0469442 0 0 0.0225543 0 0 0 0 0.299227 0 0 0 0 0 0 0 0.299227 0 0 0 0 0 0 0 0.143868 0 0 0 0 0 0 0 0.259446 0 0 0 0 0 0 0 0.299227 0 0 0 0 0 0 0.116118 0.299227 0 0 0 0 0 0 0.0296337 0.0367786 0 0 0 0 0 0 0.0491187 0.299227 0 0 0 0 0 0 0 0.299227 0.0803165 0 0 0 0 0 0 0.204888 0.220907 0 0 0 0 0 0.000206386 0.0108048 0.0393536 0.00200611 0 0 0 0.200419 0.0585158 0.0448858 0 0 0 0 0 0 0.0126507 0.115475 0.299227 0 0 0 0 0 0 0 0.299227 0 0 0 0 0 0 0 0.124471 0.0368923 0 
0 0.270593 0 0 0 0 0 0 0 0.270593 0.00364644 0.00454242 0.0168402 0.015831 0 0 0.00646496 0.0117293 0 0 0 0.240009 0.0105749 0.00286008 0 0 0 0 0 0.173939 0.0504326 0.00968428 0.00538142 0.267814 0 0 0 0 0.0663822 0.00489742 0 0 0 0 0 0.270593 0.153082 0 0 0 0 0 0.270593 0.0740675 0 0 0 0 0 0.0333649 0.270593 0.0140013 0 0 0 0.0181739 0 0.00221862 0.0171067 0.0116073 0.118971 0.00637677 0 0 0 0 0 0 0.105116 0.270593 0.119818 0 0 0 0.00474145 0.00270649 0.00535592 0.215276 0.105462 0.00490177 0 0.0374555 0.0120062 0 0 0 0 0 0 0 0.270593 0 0 0 0 0 0 0 0.163103 0.0160739 0.0174808 0.1137 0.0581157 0 0 0 0.0102241 0.00624379 0 0.270593 0.270593 0 0 0 0 0 0 0.0128751 
0 0 0 0 0.0262946 0.0364575 0.0737692 0.0109224 0 0 0 0 0 0.00031526 0 0.12402 0.278107 0 0 0 0 0 0 0.00341994 0.278107 0.000468777 0 0 0.017219 0 0 0 0 0 0 0 0 0 0.278107 0.16649 0.189633 0 0 0 0 0 0 0.278107 0.278107 0 0 0.0364429 0.0288819 0 0 0 0.0193927 0 0 0.00616052 0.278107 0 0 0 0 0 0 0.0877953 0.0528894 0 0.0708822 0.0474199 0.0471799 0.0270312 0.0647374 0.278107 0 0 0 0 0 0 0 0.278107 0.136058 0 0 0 0 0 0 0 0.278107 0 0 0 0 0 0 0.278107 0 0 0 0 0 0 0 0.278107 0 0 0 0 0 0 0 0.126401 0.00901342 0 0 0 0 0 0 0 0.0140186 0.000245897 0 0 
0 0 0 0 0.263422 0 0 0 0 0 0 0.0542978 0.263422 0 0 0 0 0 0 0.106951 0.148705 0.00709 0.00654284 0.0248068 0 0 0 0 0.00965561 0.00854084 0 0.263422 0 0 0 0 0.019281 0.00275757 0 0.155919 0.00594653 0.00602442 0.0284003 0.206334 0 0 0 0 0 0 0.161393 0.263422 0 0 0 0 0.00615365 0.018901 0.197161 0.0888572 0 0 0 0.0156829 0.0246579 0 0 0 0 0 0 0.263422 0.197719 0.226689 0 0 0 0 0 0 0 0.263422 0.0918581 0 0 0 0 0 0 0.16774 0.169855 0.0043494 0 0 0 0 0.222124 0 0 0 0 0 0 0.0749358 0.252912 0.204632 0 0 0 0 0 0 0 0.263422 0.0107994 0.00774451 0.0216557 0 0 0 0 0.0174597 0.0204067 0.0088591 0.120331 0.0451424 0 0 
0.0250785 0.196787 0.112212 0 0 0 0 0 0.0615288 0.111917 0 0 0 0 0 0.162262 0.188841 0 0 0 0 0 0 0.250358 0.240169 0.180697 0 0 0 0 0 0 0.15519 0.163419 0.0298739 0.0030036 0 0 0 0 0.116622 0.198977 0.0350436 0 0 0 0 0 0.145239 0 0 0 0 0.015015 0.0279218 0.143683 0.103138 0.0509682 0 0 0.0885946 0.0163019 0 0.00517623 0 0 0 0.250358 0.168481 0 0 0 0 0 0 0.250358 0.0634481 0 0 0 0 0 0 0 0 0.250358 0 0 0 0 0 0 0.133179 0.250358 0 0 0 0 0.190753 0.192486 0 0 0 0 0 0 0.250358 0.0681879 0.0142808 0 0 0.00474115 0 0 0 0 0 0.0450952 0.250358 0 0 0 0 0 0 0.168542 0.107394 0 
0 0 0 0 0.136684 0 0.00262947 0.10103 0 0 0 0 0.300877 0 0 0 0 0 0 0 0.213738 0 0 0 0 0 0 0 0.00664884 0 0.00266668 0.0482573 0 0 0 0.0646462 0.300877 0 0 0.00520668 0 0 0 0 0.300877 0 0 0 0 0 0 0 0.0872866 0.03422 0.0417451 0.0269398 0 0 0 0 0 0 0 0.300877 0 0.0109523 0.0443437 0.0911969 0.239592 0.0169458 0 0 0 0 0 0 0.13944 0.300877 0.0683892 0 0 0 0 0 0 0 0.300877 0.249811 0 0 0 0 0 0 0 0.300877 0.00611483 0 0 0 0 0.0154439 0.0688967 0.0719707 0 0 0 0 0.0131226 0.114907 0.162853 0 0.00784553 0 0.0376944 0 0.0035947 0 0.158428 0.14738 0.00904557 0.00649969 0.059576 0.0834025 0 0 0 0.101104 
0.241341 0.105406 0.0130626 0 0 0 0 0 0.0323581 0.0178983 0 0.0383524 0.257714 0 0 0.0173921 0.0144416 0.00452546 0.0130917 0.10788 0.0966656 0 0 0 0.257714 0.0143664 0 0 0 0 0 0 0.159279 0 0 0 0.00491583 0 0 0.233801 0 0 0 0 0.257714 0 0 0.00602932 0.0101865 0 0 0 0.0791187 0.00917439 0.00513172 0.184588 0.0682236 0 0 0.0173328 0.00869818 0 0.00308203 0.257714 0.153233 0.0347485 0 0.0549634 0 0 0.0168638 0.0618195 0 0 0 0 0.24827 0.151785 0.12174 0 0.00592417 0 0 0.0171393 0 0 0.0468809 0.257714 0 0 0 0.257714 0 0 0 0.0852434 0 0 0.257714 0 0 0 0.00455278 0.019474 0 0 0.157871 0.119005 0 0.0194276 0 0 0 0.00375104 0.036508 0.257714 0 0 0 0 0 0 0 0.257714 0 0 0 0 
0.0633033 0 0 0 0 0 0 0.0140039 0.0552135 0 0 0 0 0 0 0.285593 0 0 0 0 0 0.00992661 0.0279567 0.285593 0 0 0 0.0257563 0.12807 0.0102462 0.0277637 0 0.283375 0 0 0 0 0 0 0 0.285593 0 0 0 0 0 0 0 0.0869482 0.0691011 0.25843 0.024693 0.0112911 0 0 0 0 0 0.123879 0.0898438 0.100945 0.0190444 0 0 0.285593 0 0 0 0 0 0 0 0.285593 0.0187581 0.00970794 0.0109644 0.00861071 0 0 0 0 0 0.207242 0.192125 0.0808919 0 0 0 0 0.0678784 0.285593 0 0 0 0 0 0.256019 0 0 0 0 0 0 0 0.183783 0.0675444 0.00455633 0.00531911 0.0163537 0 0 0 0 0 0 0 0.285593 0.0837824 0 0 0.0403039 0.0312183 0.00755161 0.00961362 0.00738721 0.0358716 0.0211533 0.0379725 
