0 0 0 0 0 0 0.292513 0 0 0 0 0 0 0 0.292513 0 0.000329511 0 0 0.000312969 0.000303526 0.000819915 0.0364918 0 0 0.000263307 0.000208257 0.00113257 0.00164297 0 0 0 0 0 0 0 0 0 0.292513 0 0 0 0 0 0 0 0.292513 0 0.0228744 0 0 0 0 0 0.0455887 0.0448955 0.0470632 0 0 0 0 6.00445e-05 5.1178e-05 0.001913 0 0 0 0 0 0 0.292513 0.000567574 0 0 0 0 0 0 0.292513 0.292513 0.292513 0 0 0 0 0 0 0.119452 0.292513 0 0 0 0 0 0 0 0.000537747 0.002709 0 0 0 0 0.049243 0 0 0 0 0 0 0 0 0.228775 0.292513 0 0 0 0 0 0 0 0.259136 0 0 0 0 0 0 0 
0.0595854 0 0 0 0 0 0 0.195051 0 0 0 0.0183048 0.236508 0 0.00165777 0.00629124 0 0 0 0.344693 0 0 0 0 0 0 0 0.197266 0 0 0 0 0.118133 0 0 0 0.0395281 0 0 0.0160945 0 0 0 0.0516026 0.344693 0 0 0 0 0 0 0.344693 0.0476644 0 0 0 0 0 0.00197258 0.069871 0 0 0 0 0.0434742 0 0 0 0.153119 0 0 0.00925799 0 0 0 0 0.344693 0 0 0 0 0 0 0.0345767 0.344693 0 0 0 0 0.00661652 0.00337441 0.0126502 0 0 0 0 0.00729835 0 0 0 0.244904 0 0.000456003 0.000959484 0 0 0 0 0.344693 0 0 0 0 0 0 0 0.194453 0 0 0 0.00373644 0.00026876 0 0 0.00250966 0.000573465 0.000792157 0.00221573 
0.0029777 0.0325985 0.0774304 0 0 0 0.00948886 0.00738483 0 0.00300303 0.0200889 0 0 0.0301506 0.120991 0 0 0 0 0 0 0.290762 0 0 0 0 0 0 0 0.290762 0 0 0.00452106 0 0 0 0 0 0.0347397 0.224588 0 0 0 0 0 0 0.290762 0.0988267 0 0 0 0 0 0.23115 0.290762 0 0 0 0 0 0 0.290762 0 0 0 0 0 0 0 0 0 0.290762 0.136693 0 0 0 0 0 0 0.290762 0.0868725 0 0 0 0 0 0.0955517 0.194958 0 0 0 0 0 0.0520916 0.0447656 0.0182375 0.0561166 0 0 0 0 0 0.00188728 0.080112 0.290762 0 0 0 0 0 0 0 0.290762 0 0 0 0 0 0 0 0.114416 0 0 0 0 0 0 0.00115672 
4.68948e-05 0 0 0.0149675 0.0123298 0 0 0 0 0 0 0.0133737 0.230078 0 0 0 0 0 0 0 0.284782 0 0 0 0 0 0 0 0.245448 0.0021625 0 0 0.000298387 0.000458131 0.00411696 0.00566588 9.09379e-05 0 8.86271e-05 0.000541783 0 0 0.00947048 0.172467 0 0 0 0 0 0 0 0.284782 0.0921273 0 0 0 0 0 0 0.284782 0.10663 0 0 0 0 0.000468064 0.0865427 0 0 0 0 0 0 0 0.284782 0 0 0 0 0 0 0 0.284782 0.214265 0 0 0 0 0 0 0.106817 0.284782 0 0 0 0 0 0 0.284782 0 0 0 0 0 0 0 0.284782 0 0 0 0 0 0 0 0.284782 0 0 0 0 0 0 0 0.202123 0.0308301 0 0 0 0 
0.0812986 0.000635968 0 0 0 0 0 0 0.0250496 0.00251356 0.000167333 0 0 0 0 0 0.00241119 0.00638374 0.00175176 0.000461136 0.0002224 0.000139923 0 0 0 0.0310894 0.071208 0 0 0 0 0 0.297207 0 0 0 0 0 0 0 0.278632 0 0 0 0 0 0 0 0.0893585 0.10791 0 0 0 0 0 0 0 0.297207 0 0 0 0 0 0 0.297207 0 0 0 0 0 0 0.169897 0.297207 0 0 0 0 0 0 0.0356914 0.297207 0.242237 0 0 0 0 0 0 0 0.297207 0 0 0 0 0 0 0 0 0 0 0 0 0.00195738 0.225056 0.288727 0 0 0 0 0 0 0.148694 0.297207 0.0590678 0 0 0 0 0 0 0.0679142 0.12826 0 0 0 0 0.0336297 0.0212202 
0 0 0 0.0782183 0.0143132 0 0 0 0 0 0.219683 0.0053659 0.0100101 0 0 0 0 0.0127335 0.196984 0 0 0 0.00195804 0.00193183 0 0.0138271 0.0996946 0 0 0 0.0134009 0 0 0 0 0.273227 0 0 0 0 0 0 0.273227 0.273227 0 0 0 0 0 0 0.273227 0 0 0 0 0 0 0.273227 0.0826669 0 0 0 0 0 0 0 0 0.0347941 0.273227 0 0 0 0 0 0 0.273227 0.219295 0 0 0 0 0 0.273227 0.0984147 0 0 0 0 0 0.273227 0.00758977 0 0 0 0 0 0 0 0 0 0.273227 0 0 0 0 0 0 0 0.273227 0 0 0 0 0 0.00629216 0.0562909 0.0677153 0 0 0 0 0.0330896 0.00741319 0.000494109 0 0 0 0 
0.00559589 0 0.0054458 0 0 0 0 0.225714 0.0110098 0.0157266 0.152477 0 0 0 0 0.074856 0.0155071 0.162986 0.0983515 0 0 0 0 0.00516707 0 0.211871 0 0 0 0 0 0 0 0.00581538 0.285866 0 0 0 0 0.00638343 0 0 0.285866 0 0 0 0 0 0.0363074 0.285866 0.149523 0 0 0 0 0 0.285866 0.0987114 0 0 0 0 0 0 0 0 0.168759 0.185917 0 0 0 0 0.0116445 0.0438024 0.285866 0 0 0 0 0 0.285866 0.077075 0 0 0 0 0 0 0.285866 0 0 0 0 0 0 0 0 0 0.0164822 0.113995 0 0 0 0 0.0882142 0.0103579 0.0189356 0 0 0 0 0 0.285866 0 0 0 0 0 0 0 0.238285 0 0 0 0 0 0 0.0423739 
0 0 0 0 0.0553443 0 0.00092513 0.013411 0 0 0 0 0.275752 0 0 0 0 0 0 0 0.275752 0 0 0 0 0 0 0 0.117171 0 0 0 0 0 0 0 0.241676 0 0 0 0 0 0 0 0.275752 0 0 0 0 0 0 0 0.275752 0 0 0 0 0 0 0 0.0545046 0.0139185 0.00612612 0 0 0 0 0 0.275752 0.0206281 0 0 0 0 0 0 0.275752 0.275752 0 0 0 0 0 0 0.05079 0.210558 0.165274 0 0 0 0 0 0 0.00769481 0.275752 0 0 0 0.013331 0.00879648 0.0426876 0.0715267 0 0 0 0 0 0 0 0.275752 0.0555077 0 0 0 0 0 0 0 0.275752 0 0 0 0 0 0 0 0.275752 0 
0 0 0 0 0.25791 0.0368775 0 0.0388536 0.25791 0 0 0 0 0.0157757 0 0.119532 0.25791 0 0 0 0 0 0 0 0.0152854 0.0003308 0 0 0 0 0 0 0 0 0 0.158049 0.25791 0 0 0 0 0 0 0 0.25791 0.0192875 0.0132804 0.131714 0.25791 0 0 0 0 0 0 0.25791 0.0579738 0 0 0 0 0 0 0.036952 0 0 0.000867164 0.1968 0 0 0 0 0 0 0 0.25791 0.220525 0 0 0 0 0 0 0 0.0201822 0.0371818 0.0659485 0.25791 0.00258544 0 0 0 0 0 0 0.237963 0 0.0635736 0.046678 0.0108157 0 0 0 0 0 0 0.25791 0.16278 0 0 0 0 0.04018 0 0.0706819 0.0182263 0 0 0 0.114675 0 0 0 0 0 0 0 0.25791 
0 0 0 0 0 0.144146 0.0628555 0.0381953 0 0 0 0.036232 0.268363 0.0169242 0 0.00621871 0.0742501 0 0.0024277 0.0445309 0.018943 0 0 0.000937658 0.275898 0 0 0 0 0 0 0 0 0.00984861 0 0 0.00184642 0.275898 0 0 0 0 0 0 0.275898 0.078798 0 0 0.0355097 0 0 0 0.00789881 0.00547251 0.0239249 0.275898 0.0855481 0 0 0 0 0.00370046 0 0.275898 0 0.241925 0.0268852 0.00881656 0.075312 0 0 0 0 0 0 0 0.105303 0.275898 0.122979 0 0 0 0 0 0 0 0.131116 0.275898 0 0 0 0 0.103465 0.00338679 0 0.187013 0 0.275898 0.013806 0 0 0 0 0 0 0.142551 0.02439 0.00724364 0 0.0317724 0.0499589 0 0 0.00602777 0.00374429 0.0036144 0.0153455 0 0.0477816 0.0990278 0 0 0 0.0218883 0.275898 0.0047532 0 0 
0.00798648 0 0 0.00517528 0 0 0 0.257916 0.0280245 0.0364086 0.216919 0.035706 0 0 0 0.0120399 0 0.0376722 0.259788 0.0103235 0 0 0 0 0 0 0.0190578 0.0299688 0.190789 0.0161124 0 0 0 0 0 0.168689 0.0280711 0.000993259 0 0.0414268 0 0 0.191866 0.259788 0 0 0 0 0 0.259788 0.0678908 0 0 0 0 0 0 0.233537 0.0361904 0.0174038 0.0580912 0 0 0 0 0 0 0.0289247 0.259788 0 0 0 0 0.00306271 0.0288813 0.167627 0.0490768 0 0 0.00298069 0.198994 0.230116 0 0 0 0 0 0 0.241197 0.188838 0.00520941 0 0 0 0 0 0 0 0 0 0.259788 0 0 0 0 0 0 0 0.0406138 0.00480727 0.0112239 0.132081 0.0260015 0 0 0 0 0 0 0.259788 0.259788 0 0 0 0 0 0 0.0220672 
0.0048981 0.00320238 0.00832849 0.0551707 0 0 0 0 0 0 0.00576909 0.299793 0 0 0 0 0 0 0 0.299793 0.00823885 0 0 0 0 0 0 0.0524214 0.0243406 0.0112884 0.13706 0.0595197 0.259284 0.00341435 0 0 0 0 0 0 0.0918234 0.0380692 0.0779281 0.0172659 0 0 0 0 0 0 0.299793 0.217735 0 0 0 0 0 0 0.124173 0.138721 0.00802304 0.0131648 0.0576965 0.00750266 0.299793 0 0 0 0 0 0 0.0330347 0.299793 0.0173101 0 0 0 0 0 0 0.08253 0.299793 0.0729869 0 0 0 0 0 0.015543 0.0916328 0.188085 0 0 0 0 0 0 0 0 0 0.0867321 0.0046841 0.00326885 0.160385 0.299793 0 0 0 0 0.00469522 0 0.127528 0.212518 0.0779595 0 0 0 0.00859491 0.0256759 0.0370832 0 0.0146465 0.077822 0.0768906 0 0 0 0 
0.238063 0.180414 0 0 0 0 0 0 0.0720377 0.0462704 0.00471931 0.00766982 0.133357 0.0194309 0 0 0 0 0 0 0.148529 0.250358 0 0 0 0 0 0 0 0.162092 0.111887 0 0.195316 0 0 0 0 0 0 0.250358 0.19475 0 0 0 0 0.0358269 0.0194356 0.0808398 0 0 0 0 0 0.250358 0 0 0 0 0 0 0 0.108119 0.250358 0 0.109844 0.124063 0 0 0 0 0 0.141433 0.129213 0.200637 0.0282126 0 0 0 0 0 0 0 0 0.250358 0.0620609 0 0 0 0 0 0.250358 0.012474 0.0159152 0.00182743 0.00259109 0 0.020798 0.17528 0.108236 0 0 0 0 0 0.143204 0.165177 0.0294466 0 0 0 0 0 0 0 0 0.250358 0.148496 0 0 0 0 0 0.210252 0.149571 0 0 0 0 
0 0.19528 0.00345903 0 0 0 0 0 0 0.238675 0.049774 0.0328579 0 0 0 0 0.0720716 0.0688641 0.0114203 0 0.0619704 0.0379186 0.152202 0.0291926 0 0 0 0 0.116992 0.0517138 0.18621 0 0 0.238675 0.109171 0 0 0 0 0 0 0.0544904 0.0109193 0 0.175293 0.225925 0.0304198 0 0 0 0.141282 0.238675 0.110637 0.0223182 0.0334343 0 0 0 0 0 0 0 0.238675 0.238675 0 0.0404334 0.238675 0 0 0 0.0880159 0 0.0212982 0.0859884 0.000718742 0 0 0.0537205 0.238675 0.0135385 0 0.195469 0.238675 0.0236689 0 0 0 0 0.00820559 0.0117137 0.00889969 0.0150429 0.0161875 0.0437332 0.0177773 0.191225 0 0 0.238675 0 0 0.00101575 0.0447735 0 0.0154444 0.0282342 0.00184797 0 0 0 0.0523925 0.178862 0 0 0.12803 0.186722 0.0214931 0.00389949 0 0 0.00267592 0 0.0035606 0.0202315 0 0.164048 0.0905381 0 
0.00389722 0.0983242 0 0 0 0 0 0 0.242872 0.0214511 0 0 0 0 0 0 0.274955 0 0 0 0 0 0 0 0.274955 0 0 0 0 0 0 0 0 0.274955 0 0 0 0 0 0 0.274955 0.145923 0 0 0 0 0 0.0212591 0.274955 0 0 0 0.0146924 0.0177425 0.0137546 0.0195554 0.205278 0 0 0 0.0475422 0.00605006 0.00345656 0.0256772 0 0.18321 0.150059 0.0583708 0.0165551 0 0 0 0.0215772 0.0268571 0 0 0.043764 0.0378026 0.270721 0.0303985 0 0 0 0 0.0241498 0.12842 0.274955 0 0 0 0 0.0502444 0.274955 0 0.00422405 0 0 0 0.0110895 0.0663092 0.0902873 0.0134458 0.00530954 0 0.00995823 0 0.0559445 0.0620781 0.0389875 0 0.0515126 0.034394 0 0 0 0 0 0 0 0.274955 0.272201 0.0172191 0.0106522 0 0 0 0 0.0126519 
0 0 0.0199456 0.111739 0.12778 0.0116234 0 0 0 0 0.00573419 0.0890321 0.068477 0.0210765 0.125681 0.048455 0 0 0 0 0 0 0.104604 0.308205 0.24653 0.020901 0.0116213 0.0310956 0.00409032 0 0.00388061 0.013803 0.0102972 0.0248875 0.149003 0.0153299 0 0.010763 0.027989 0.0336567 0.0177215 0.0135873 0.308205 0.0425524 0 0 0 0 0 0 0 0 0 0.129647 0.0896823 0.308205 0.308205 0 0 0 0.0238817 0.0241061 0 0.0563216 0.0372691 0.044595 0.052981 0 0 0 0 0.12397 0 0.0179271 0.175608 0.110813 0.0500922 0.0226486 0 0 0 0 0 0 0 0.308205 0.0604544 0 0 0 0 0 0.308205 0.0245194 0 0 0.150154 0.00584595 0.00394898 0.0219363 0 0 0 0.0496395 0.124706 0.0504877 0 0 0 0 0.111753 0.0813661 0 0 0 0 0 0.029579 0.308205 0.0184694 0.0177502 0.0495927 0.00957623 0.0422653 0.0426013 0.0382491 0.00805011 0.00971575 
