0 0 0 0 0.192781 0 0 0 0 0 0 0 0.251979 0 0 0 0 0 0 0 0.288766 0 0 0 0 0 0 0 0.20509 0 0 0 0 0 0 0.302176 0.122032 0 0 0 0 0 0 0 0.302176 0 0 0 0 0 0 0.140631 0.302176 0 0 0 0 0 0 0.101068 0.302176 0 0 0 0 0 0 0.153347 0.106712 0 0 0 0 0 0 0 0.302176 0.110942 0.021917 0 0 0 0.0421971 0.302176 0.0782325 0 0.0042684 0 0 0 0 0.302176 0.0153014 0 0 0 0 0 0.000199684 0.00381316 0.00638159 0.00110574 0.000571556 0.000331175 0 0 0 0 0 0.00878909 0.0857445 0 0.00364346 0.00643284 0.0386243 0 0 0 0.0144096 0.0555729 0 0 0.0969599 0.110734 0 0 0 0 
0.0280455 0.0010907 0 0 0 0 0 0.131077 0.258627 0 0 0 0 0 0 0.156524 0.258627 0.0366604 0 0.0556794 0 0 0 0 0 0.00920077 0 0.21722 0.225156 0 0 0 0 0 0 0.000451326 0 0.133882 0 0.0121902 0 0 0 0 0 0.102554 0.0631843 0.258627 0.258627 0 0 0 0 0 0.0262314 0.258627 0.189949 0 0 0.0436936 0 0 0 0.130033 0 0 0 0 0 0.258627 0 0 0 0 0 0 0 0.258627 0 0 0 0 0 0 0 0.258627 0.242837 0.0323376 0.0158263 0 0 0 0 0 0.178894 0.239759 0.123332 0 0 0 0 0 0 0 0.136579 0 0 0 0 0.0097843 0 0.000197325 0.0427001 0.104316 0 0 0 0.0180733 0.0123384 0.00882339 0.135585 0.127259 0 0 0 0 0 0.0171962 
0 0 0 0.0527982 0.132954 0 0 0 0 0.0207335 0.0354282 0.0218493 0.0854632 0.0119094 0.00337748 0 0.00619664 0.136712 0 0 0 0 0.0171749 0.0083813 0.00330565 0.123701 0 0 0 0 0.00305014 0 0 0 0.0407441 0.212636 0 0 0 0 0 0.089344 0.320772 0.097189 0 0 0 0 0 0.320772 0.0244704 0 0 0 0 0 0 0.320772 0 0 0 0 0 0 0 0.00272039 0 0.320772 0 0 0 0 0 0 0 0.320772 0.239025 0 0 0 0 0.049851 0.0162794 0.0605526 0.220602 0 0 0 0 0.126863 0.00214753 0.00150566 0.00415264 0 0 0 0.0441763 0.00364585 0.00425328 0.0525937 0 0 0 0 0 0 0 0.175654 0.270156 0 0 0 0 0 0 0 0.320772 0 0 0 0 0.000915929 0.000286457 0.000719805 0.127668 0 0 0 
0 0 0 0.190196 0.271943 0 0 0 0 0 0 0.0833601 0.280894 0 0 0 0 0 0 0 0.280894 0 0 0 0 0 0 0 0.280894 0 0 0 0 0.0439479 0.0442231 0.0587086 0.0064299 0.00212955 0 0.011359 0.0484237 0.205366 0.0683533 0.015261 0 0 0 0 0.280894 0.0152471 0 0 0 0 0 0 0.248883 0 0 0 0 0 0 0.00115885 0.0322939 0.0226671 0.0515432 0 0 0 0 0.120529 0 0 0.280894 0.0643124 0 0 0 0 0.0234719 0.00913294 0.0289654 0.280894 0 0 0 0 0.0733478 0 0 0.0474372 0 0 0 0 0 0 0 0 0 0 0 0.280894 0.027966 0 0.061966 0.0206067 0 0 0 0.125658 0 0 0.0297224 0.280894 0 0 0 0 0 0 0 0.280894 0 0 0 0 
0 0 0 0 0 0 0 0.293606 0.117977 0 0 0 0 0 0 0.250243 0.259932 0 0 0 0 0 0 0 0.0672797 0.00168969 0.00305271 0.00968833 0 0 0 0 0 0 0 0 0 0 0 0.293606 0.0411299 0.293606 0.0379002 0 0 0 0 0.0239195 0.293606 0 0 0 0 0 0 0 0.253209 0 0 0 0 0 0 0 0 0 0 0.0210869 0 0 0.0334665 0.201169 0 0.044658 0.173848 0.135073 0 0 0 0 0.293606 0 0 0 0 0 0 0 0.293606 0 0 0 0 0 0 0 0 0 0 0.0466252 0 0 0.0121869 0.12278 0 0 0.0773671 0.198901 0 0 0 0 0.0333278 0.0112526 0.0104841 0 0 0 0 0.140963 0.293606 0 0 0 0 0 0 0.0579327 
0 0 0 0.252838 0.00407649 0 0.00785173 0 0 0 0 0.30042 0 0 0 0 0.00509449 0.0104339 0.011937 0.149569 0 0 0 0 0.0413539 0 0 0 0 0 0 0.0155019 0.0313876 0.00568773 0 0.0281822 0.00214182 0.00492572 0.0453202 0.0211031 0.0079172 0.0103381 0.0437597 0.30042 0 0 0 0 0 0 0 0.30042 0 0 0 0 0 0 0 0 0.30042 0.0159997 0 0 0.30042 0 0 0 0 0 0 0 0.30042 0.0106749 0.0103549 0 0 0 0 0 0.183455 0.0204322 0.0348088 0.117272 0 0 0 0 0 0 0 0.002086 0.276428 0.0121681 0.00540194 0.00869826 0.18159 0 0 0 0 0 0 0.0268592 0.0560498 0 0 0 0 0 0 0.30042 0.0783823 0 0 0 0 0 0 0.30042 0 0 0 0 0 0.00394515 0.069621 0.0944762 
0 0 0 0 0.0572648 0.170604 0 0 0 0 0.0280516 0.0109171 0.0524919 0.204282 0 0 0 0.0941994 0 0 0.0397771 0.153856 0 0 0 0.0747287 0 0 0.00391058 0.167294 0 0 0.00280944 0 0.0410676 0.0718269 0.00236364 0 0.00269904 0.00255956 0 0.0775918 0.335912 0.0716477 0 0 0 0 0 0.335912 0.0422332 0 0 0 0 0 0 0.335912 0 0 0 0 0 0 0 0 0 0.218809 0.0111261 0.00707417 0 0 0 0 0 0.335912 0.142185 0 0 0 0 0.0160087 0.0339394 0.0876223 0.280968 0 0 0 0 0.0641208 0.00264863 0 0.0309286 0 0 0 0.00481208 0.00171305 0 0.0326542 0.0179956 0.00111237 0 0 0 0 0 0.177003 0.198201 0 0 0 0 0 0 0 0.335912 0 0 0 0 0 0.000984045 0.00272678 0.192621 0 0 0 
0 0 0 0 0.00730658 0.158594 0 0 0 0.0233967 0 0.00234444 0.0126078 0.147116 0 0 0 0.0466801 0 0 0.00545291 0.149957 0 0 0 0.0325047 0 0 0 0.131408 0 0 0 0 0.0852287 0.0398955 0.0045467 0.00252458 0 0 0 0.311185 0.156096 0 0 0 0 0 0 0.311185 0 0 0 0 0 0 0 0.311185 0 0 0 0 0 0 0.0100942 0.0130292 0.0173262 0.234752 0 0 0 0 0 0 0.124121 0.311185 0 0 0 0 0 0.200003 0.0501174 0.0785686 0.111873 0 0 0 0.0186966 0.194941 0 0.00117928 0.00605305 0 0 0 0.233832 0 0.0171147 0.0181382 0 0 0 0 0.00683811 0 0.0153707 0.309399 0.0779841 0 0 0 0 0 0 0.0256731 0.311185 0 0 0 0 0.000445073 0 0 0.251519 0 0 0 
0 0 0 0 0 0 0 0.285792 0.0545661 0.108698 0 0 0 0 0 0.0704667 0.285792 0 0 0 0 0 0 0.00877787 0.0996339 0.00386239 0.00205743 0.0238292 0 0 0 0 0 0.00781872 0.017553 0 0 0 0 0.285792 0 0.269355 0.285792 0 0 0 0 0 0.285792 0 0 0 0 0 0 0 0.285792 0 0 0 0 0 0 0 0 0 0.0394089 0.0584848 0 0 0.0224064 0.151378 0 0.0204965 0.285792 0.0527983 0 0 0 0 0.158598 0 0 0 0 0 0 0.242588 0.285792 0 0 0 0 0 0 0.060677 0 0 0 0.135159 0.000293083 0 0.00874872 0.0537748 0 0 0.00942302 0.20445 0 0 0 0 0.000691936 0 0 0 0 0 0 0.117611 0.140312 0 0 0 0 0 0 0.165483 
0 0 0 0.00432138 0.265216 0.0816476 0 0 0 0 0 0 0.181446 0.259136 0 0 0 0 0 0.265216 0.0583487 0 0 0 0 0 0 0.0591263 0.000293259 0 0 0 0.046002 0.0256268 0.0124018 0.0232373 0.104892 0 0 0 0 0 0 0.265216 0.265216 0 0 0 0 0 0 0.265216 0 0 0 0 0 0 0 0.0378166 0.00504005 0 0 0 0.262664 0.0638591 0.0175554 0.0329354 0 0 0 0 0 0 0 0.265216 0.265216 0 0 0 0 0 0 0.0915276 0.265216 0 0 0 0 0 0 0.0166555 0.0172066 0 0 0 0.265216 0.0320859 0 0 0 0 0 0 0 0.0158212 0.0134331 0.0923633 0.265216 0 0 0 0 0 0 0 0.265216 0 0 0 0 0 0 0 0.057206 0.00121577 0 0 
0.0645736 0 0 0 0 0 0 0.150118 0.271772 0 0 0 0 0 0 0.0802434 0.230636 0.0351616 0.00861546 0.0928048 0 0 0 0 0 0 0 0.234288 0.223402 0 0 0 0 0 0 0 0 0.0503966 0.00914676 0.0485664 0.101148 0 0 0 0 0.0122074 0.0204059 0.209598 0.271772 0 0 0 0 0 0 0.271772 0.0307929 0 0 0.110586 0 0 0 0.120706 0 0 0 0 0 0.271772 0 0 0 0 0 0 0 0.271772 0.0197474 0 0 0 0 0 0 0.271772 0.271772 0.0322742 0 0 0 0 0 0 0.231273 0.0578491 0 0.0114938 0 0 0.0127831 0.15311 0 0 0 0.0109674 0 0 0.00466488 0.234655 0 0 0.0149592 0.00282814 0 0 0 0.234283 0.00461575 0.00320845 0.0159865 0.0137781 0 0 0 0 0.0406297 0.00225505 
0.00237542 0.000146386 0 0.000972232 0.0116733 0 0 8.76458e-05 0.249114 0 0.000310497 0 0.00865926 0 0 0.0334965 0.346391 0.0225754 0 0 0 0 0 0 0.0175492 0.0189835 0.0340193 0.246042 0.193391 0 0 0 0.00816247 0.00106171 0.000714565 0.0126127 0 0 0 0 0.00135266 0 0 0.0252328 0.00804422 0 0 0.0899544 0.346391 0 0 0 0 0 0 0.217474 0.211594 0 0.00726408 0 0.241741 0 0 0.0390269 0 0 0 0 0.00963265 0.0022018 0.010521 0.0022421 0 0 0.000688962 0.0133993 0.0228298 0.00300698 0.00475693 0.0543656 0.0463682 0 0 0 0 0 0 0.346391 0.346391 0 0 0 0.00863999 0 0 0.151159 0.00334782 0.0101331 0.000496274 0.00128734 0.00152037 0 0 0.00172415 0 0 0 0 0.00470547 0.00440039 0.0483179 0.0276973 0.173447 0.0119516 0 0 0 0 0.0070936 0.113027 0.346391 0 0 0 0 0 0 0 
0.010791 0 0 0 0.0118817 0 0.00134508 0.0562445 0.113452 0 0 0.00506004 0.00604326 0 0 0.00203963 0.122826 0 0 0.00359026 0.00268531 0 0 0 0.0807363 0 0 0 0.00320527 0 0 0.00157492 0.34756 0 0 0 0 0 0 0 0.34756 0 0 0 0 0 0 0 0.34756 0 0 0 0 0 0 0.0566763 0.34756 0 0 0 0 0 0 0.143135 0.343725 0 0 0 0 0 0 0.0654882 0.34756 0.0309654 0 0 0 0 0 0 0.199995 0 0.00439035 0 0.00368758 0.00577759 0.00464833 0.216984 0 0 0 0 0 0 0.0122971 0.34756 0.00716765 0 0 0 0 0 0.0190857 0.0240719 0.0191089 0.0114547 0.00855758 0.00168799 0 0 0 0.00466959 0.0124985 0.00234084 0 0.0134891 0.0165729 0.00334348 0 0 0 0 0 0 0 0.00581777 0.0100022 0.021212 
0 0 0 0.164798 0.244606 0 0 0 0 0 0 0 0.145818 0 0.0170016 0 0 0 0 0 0 0 0 0.251583 0 0 0.0386891 0 0 0 0 0.112968 0 0 0.00896394 0.274359 0.0340529 0 0 0 0 0 0 0 0.274359 0.017094 0 0 0 0 0 0 0 0 0.0840066 0.274359 0 0.00201622 0.0964086 0 0 0 0 0.0705366 0.0995621 0.00664455 0.00399213 0.209066 0 0 0 0 0 0 0 0.0697538 0.274359 0 0 0 0 0 0 0 0 0.251011 0.229837 0 0 0 0.0422056 0.108969 0.0138763 0.00865659 0.00818888 0.00684359 0.218543 0 0.00879545 0 0 0 0 0.0456013 0.0131896 0.00611755 0 0.0624918 0.274359 0 0 0 0 0 0 0.0216754 0.274359 0.153147 0 0 0 0 0 0.269773 0.015926 0 0 0 
0 0 0 0 0 0 0 0.128685 0 0 0 0 0 0 0.148937 0.0767478 0 0 0 0 0.0930358 0.144661 0 0 0.0152936 0.000440888 0 0 0.0359769 0.000136909 0 0 0 0 0 0 0 0 0 0.258654 0 0 0 0 0 0 0.194314 0.279638 0 0 0 0 0.279638 0.169876 0.0202859 0 0 0 0 0 0.279638 0.00102258 0 0.00142526 0 0 0 0 0 0 0 0.279638 0.0727602 0 0 0 0 0 0 0.279638 0.111966 0.0125199 0.00895794 0.163078 0.089362 0 0 0.0170985 0 0 0 0 0.279638 0 0 0 0 0 0 0 0 0 0 0.174036 0.0864583 0 0 0 0 0 0 0.279638 0.279638 0.0214232 0 0.030342 0 0 0 0 0 0 0 0.104538 0.248461 0 0 0 
0 0 0 0.140244 0.292863 0 0 0 0 0 0 0.0196217 0.2428 0 0 0 0.0468524 0.00690547 0 0 0 0 0 0.0212152 0.0555744 0.00614071 0 0 0 0 0 0 0.0625238 0.0129684 0.00560237 0.215856 0.180981 0 0 0 0 0 0 0.0251951 0.292863 0 0 0 0.0891924 0 0.0033645 0.013755 0.0167176 0.00179076 0 0.0047091 0.0739649 0 0 0 0 0 0 0.0333018 0.292863 0.00964663 0.0110681 0.127845 0 0 0 0 0 0 0 0.196499 0.292863 0 0 0 0 0 0 0 0.292863 0.0782226 0.0176942 0.00945998 0 0 0 0 0 0 0.0262595 0.120023 0.292863 0 0 0 0 0 0 0.0136233 0.0465377 0.00674033 0.00783063 0.200617 0.277986 0 0 0 0 0 0 0.130072 0.292863 0 0 0 0 0 0 0.00567161 0.0107666 0.00968089 0.0144104 0.0390348 
0 0 0 0 0 0 0 0.262305 0.262305 0 0 0 0 0 0 0.193942 0.262305 0.0148121 0.0259643 0.103199 0 0 0 0 0 0 0 0.225087 0.250702 0 0 0 0.0148462 0 0 0 0 0 0 0.262305 0.214034 0.116745 0.0364225 0 0 0 0 0 0.262305 0 0 0 0 0 0 0 0.0656059 0.0291063 0.0116032 0.262305 0 0 0 0 0 0.00444045 0.0094351 0.00627532 0 0 0 0.129508 0.0260605 0.0124829 0.168937 0.0123475 0 0 0 0 0.152893 0 0 0 0 0 0 0.262305 0.262305 0.0205949 0.0209912 0.062387 0 0 0 0 0 0 0.00274071 0.0374956 0.000575364 0 0.00239345 0.0637438 0 0 0.0664237 0.0915022 0 0 0 0 0.0354257 0.00721311 0 0 0 0 0 0.175967 0.258972 0 0 0 0 0 0 0.168634 
0 0 0 0.00493224 0.00412449 0.00179057 0.000587229 0 0 0 0 0.0203155 0.0189383 0 0 0 0 0 0 0 0.330324 0 0 0 0 0 0 0.231839 0.230875 0 0 0 0 0 0 0 0.00756839 0.030783 0 0 0 0 0 0.00253152 0.042666 0.0136888 0 0 0 0 0 0 0.330324 0 0 0 0 0 0 0 0.330324 0 0 0 0 0 0 0.0189291 0.0108878 0.00923232 0 0 0 0 0 0.112148 0.0157039 0.00430371 0 0 0 0 0 0.330324 0.153074 0 0 0 0 0 0 0.330324 0.12984 0 0 0 0 0 0 0.0333868 0.00899254 0 0 0 0 0 0 0.272173 0.00558615 0 0 0 0 0 0 0.330324 0 0 0 0 0 0 0 0.324526 0.01066 0 0 0 
0.000265287 0.0336032 0.0343787 0 0 0 0.000406306 0 0 0.308006 0.0626745 0 0 0 0 0 0 0.308006 0.0174308 0 0 0 0 0 0 0.000341412 0.00979419 0.00057683 0.000653955 0.0043893 0.000815319 0 0 0.00823734 0.160986 0 0 0 0 0 0 0.129132 0.308006 0 0 0 0 0 0.00357031 0.190061 0.114265 0 0.00187838 0 0 0 0.00245693 0.00105795 0 0.000502679 0.00253054 0.00430975 0.001098 0.00436528 0 0 0.191059 0 0 0 0 0 0 0 0.308006 0.147811 0 0 0 0 0 0 0.0411278 0.308006 0.125053 0 0 0 0 0 0 0 0.308006 0 0 0 0.000983236 0.00105895 0.0359612 0.00278006 0 0 0 0.0149281 0 0 0.0460973 0.222116 0 0 0 0 0 0 0 0.308006 0.117574 0 0 0 0 0 0 0 0.308006 0 0 0 
0.000768839 0.000603809 0.000497207 0 0.000524475 0 0.00317668 0.0203854 0 0 0 0 0 0 0 0.300013 0.0280209 0.00676023 0 0 0.0533318 0 0.0162296 0.300013 0 0 0 0.0246233 0.300013 0 0 0 0 0 0 0.00325567 0.000417803 0 0 0.028633 0.231577 0.0075058 0.0110227 0.00701684 0 0 0 0.0151709 0.300013 0 0 0 0 0 0 0 0.0669837 0 0.0189384 0.230343 0.136467 0 0 0 0.00543785 0 0 0.0233606 0 0 0 0.0126696 0.0472013 0.00631173 0.00793196 0.130999 0 0 0 0 0.300013 0 0 0 0 0 0 0.300013 0.300013 0.00961024 0.0205447 0.104309 0 0 0 0 0 0 0 0.0290509 0 0.000231943 0.000981674 0.0108509 0.00433665 0 0 0.13458 0 0 0 0.00337288 0 0 0 0 0 0 0 0.300013 0.300013 0.0106643 0 0 0 0 0 0.0517393 
0 0 0 0.00424466 0 0 0.0753711 0 0.00216678 0.000232265 0 0.00097687 0 0 0.0588995 0.0194989 0.266829 0 0 0 0 0 0 0.0154083 0.266829 0 0 0 0 0 0 0.0115602 0 0 0 0 0 0 0.266829 0 0 0 0 0 0 0 0.239959 0.0458413 0.266829 0 0 0 0 0 0 0.0433248 0.266829 0 0 0 0 0 0 0 0 0 0 0 0 0.161602 0.266829 0 0 0 0 0 0 0.266829 0.162182 0 0.266829 0 0 0 0 0 0 0.23359 0.238386 0 0 0 0 0 0 0 0 0 0 0 0.21794 0.0290213 0.00505401 0 0.0085634 0 0 0 0.266829 0 0.0106443 0.0108917 0.241287 0 0 0 0 0 0 0.0625153 0.114573 0 0 0 0 0 0 0 
0.13666 0 0 0 0 0 0 0 0.129669 0 0 0 0 0 0 0.033861 0.0325821 0 0 0 0 0 0 0.123691 0.0169017 0.137129 0 0 0 0 0 0.00890038 0.318193 0 0 0 0 0 0 0 0.318193 0 0 0 0 0 0 0.24956 0 0 0 0 0 0 0 0.318193 0.0769607 0.213907 0 0 0 0 0 0.146132 0.219992 0 0 0 0 0 0 0.0223387 0.0861395 0 0 0 0 0 0.0410607 0.216461 0 0 0 0 0 0.131046 0.318193 0.0989888 0.0269145 0.194344 0 0 0 0 0.075928 0.0741011 0.00196384 0 0 0 0 0 0.000830417 0.00862791 0 0 0 0 0 0.14809 0.0194395 0.00251386 0 0 0 0 0 0.318193 0 0 0 0.286387 0 0 0 0.0171956 0 0 
0.284142 0 0 0 0 0 0 0 0.164707 0.0125808 0.00953697 0.0993567 0.0302022 0 0 0 0 0 0 0.284142 0.10059 0 0 0 0 0 0 0 0 0 0.0665573 0.189153 0.283307 0 0 0 0 0 0 0.0642733 0.284142 0.00861676 0 0.0109753 0 0 0 0 0.0116392 0 0 0.0599707 0.284142 0 0 0 0 0 0 0 0 0.197511 0.282703 0 0.0724886 0 0 0 0 0 0 0.0966228 0.284142 0 0 0 0 0 0 0 0.284142 0.110987 0.00683495 0 0.0198644 0 0 0 0.0474 0.0612938 0.00458903 0 0 0.0237324 0.0253494 0.0121059 0.0267355 0 0 0 0 0 0 0.0164614 0.284142 0 0 0 0 0 0 0 0.284142 0.0525543 0 0 0 0 0 0 0.0398459 0.0162397 0 0 0 0 0.0160215 0.133351 
0 0 0 0 0.126084 0.00629029 0 0 0 0 0 0 0.316648 0.204769 0 0 0 0 0 0 0 0.316648 0.0647693 0 0 0 0 0.0134012 0.0694877 0.0809229 0.0578482 0 0 0 0 0 0.0177456 0.0125674 0.00208342 0 0 0 0 0 0.0715927 0.249687 0 0 0 0 0 0 0.316648 0.316648 0 0 0 0 0 0.142064 0.291688 0 0 0 0 0 0 0 0 0.000680491 0.00118096 0.0138948 0 0 0 0 0.124809 0.0145814 0.00477358 0.00571459 0 0 0 0 0.316648 0 0 0 0 0 0 0.0175779 0.286732 0 0.0025755 0.0171989 0 0 0 0 0 0 0 0.0386927 0 0 0 0 0.194086 0.0135914 0.0124854 0 0 0 0 0 0.316648 0 0 0 0.0502153 0.000317547 0 0.0493807 0.0692162 0 0 0.0102406 
0.277195 0 0 0 0 0 0 0.0481764 0.119857 0 0.00807642 0.059922 0.104209 0 0 0 0 0 0 0 0.288638 0.0271319 0 0 0 0 0 0.0491036 0.108541 0.0167992 0 0 0.114561 0 0 0 0 0 0 0.167888 0.288638 0 0 0 0.0128544 0 0 0.00569399 0.0107902 0 0 0.211214 0.288638 0 0 0 0 0 0 0.288638 0.027322 0 0 0 0.00841392 0 0 0 0 0 0.000521857 0.124987 0.288638 0 0 0 0 0 0 0 0.123023 0.116372 0.178553 0.171848 0 0 0 0 0 0 0 0.288638 0.00799324 0 0 0 0.0128185 0.00273201 0.00589017 0.00254391 0 0 0.00011341 0 0.288638 0 0.00153871 0 0 0 0 0 0.171004 0.0779128 0.0342405 0 0 0 0.011351 0.0729328 0 0 0 0.0646101 0.232907 0.0130561 0 0 
0 0.00177465 0.00109694 0.00234817 0.00788608 0.000425746 0.000238892 0 0 0.0374436 0.0109437 0 0 0 0 0 0.0178694 0.00445391 0 0 0 0.00751072 0.00543895 0.00677379 0 0 0 0 0 0.317041 0.00129978 0 0.00592196 0.00185049 0.00241014 0.0191932 0.0103633 0 0 0.00629172 0 0.052153 0.0212351 0.0894939 0 0 0 0 0.00452374 0.0026814 0 0 0.211986 0.0944654 0 0.00335058 0 0 0 0 0.140821 0.341642 0 0 0 0 0 0.0204535 0.341642 0 0 0 0 0 0 0.0865874 0.341642 0 0 0 0 0 0 0 0.341642 0 0 0 0 0 0 0.0160723 0.341642 0 0 0 0 0 0 0.00642457 0.304998 0 0 0 0 0 0.00184529 0.0267267 0.277245 0 0 0 0 0 0.0111405 0.0275349 0.206555 0 0 0 0 0.0131387 0.0652508 0.0351594 0.0177535 0 0 0 
0 0 0 0 0.0193431 0.0753561 0.00900737 0 0 0 0 0 0 0.0768489 0.0389722 0.125592 0 0 0 0 0 0 0.0366751 0.335376 0.206676 0.038913 0 0 0 0 0 0.0746091 0.335376 0 0 0 0 0 0.00480551 0.0986044 0.335376 0 0 0 0 0 0 0 0.036169 0 0 0 0 0 0 0.335376 0.335376 0 0 0 0 0 0 0.175738 0.335376 0 0 0 0 0 0 0 0.335376 0 0 0 0 0 0 0 0.12087 0 0 0 0 0 0 0.134614 0.196454 0 0 0 0 0 0 0 0.0654558 0 0 0 0 0 0 0 0.076023 0 0 0 0 0 0 0 0.079257 0 0 0 0 0 0 0 0.0507844 0 0 0 0 0 0 0 
0 0 0 0 0 0.254379 0.0334855 0 0.00270848 0.0081971 0.00291321 0 0 0.0227052 0.101829 0.00545638 0 0.198345 0.0053646 0 0 0 0 0 0.00175302 0.0273878 0.00410668 0.000843188 0 0.00432325 0.00682105 0.00127742 0 0 0 0 0 0.0468162 0.1707 0.050861 0.00086605 0 0 0 0 0.00958608 0.296487 0 0 0.0246661 0.280827 0 0 0 0 0 0 0 0.0174441 0.0219883 0.0319376 0 0.00154201 0.00361258 0.0287294 0 0 0 0 0 0 0.296487 0 0 0 0 0 0 0.13767 0.296487 0.296487 0.0397768 0 0 0 0 0 0 0.296487 0 0 0 0 0 0 0.0104879 0.142059 0 0 0 0 0 0 0.130811 0.0752337 0 0 0 0 0 0 0.296487 0.296487 0 0 0 0 0 0 0 0.296487 0 0 0 0 0 0 0 
0.0250664 0.0531983 0 0 0 0 0 0 0 0 0 0.0342076 0.0721866 0 0 0 0 0 0 0 0.348792 0 0 0 0 0 0.00150341 0.0197873 0.348792 0 0 0 0.0501007 0.0701569 0 0 0 0 0 0 0 0 0.0306586 0.0705697 0.108007 0 0 0 0 0 0 0 0.348792 0 0 0 0.0460283 0 0 0.0133898 0.348792 0 0 0 0.00470506 0.0208607 0.0103863 0.00503742 0.00411443 0.0193346 0 0.001715 0 0 0.0543846 0.247055 0 0 0 0 0 0 0 0.0370289 0.348792 0 0 0 0.158044 0.00404253 0 0.0483592 0.167685 0 0 0 0 0 0 0 0.0127216 0.0915262 0 0 0 0 0 0.0130167 0.272165 0.018956 0 0 0 0 0 0 0.348792 0 0 0 0.133727 0 0 0.0088104 0.0648999 0.0288523 0.0321163 0.0594815 
0 0 0 0 0.30153 0 0 0 0 0 0 0 0.310631 0 0 0 0 0 0 0.0920178 0.310631 0 0 0 0 0 0 0.147059 0.103063 0 0 0 0 0 0 0 0.310631 0 0 0 0 0 0 0 0.310631 0 0 0 0 0 0 0.310631 0.152046 0 0 0 0 0 0 0.310631 0 0 0 0 0 0 0 0 0.00667309 0.0816096 0.0857285 0 0 0 0 0 0.0490112 0.0905536 0.123066 0.0116701 0 0 0.01385 0.215632 0.0270452 0 0.00512596 0.0171247 0 0 0.0134614 0.310631 0 0 0 0 0 0 0 0 0 0 0.0697906 0 0 0 0 0 0 0 0.0252701 0.155293 0 0.00484246 0 0 0 0 0 0.215436 0 0.0115806 0.0630819 0.0368935 0 0 0 0.0202496 
0.00713125 0 0.00215205 0 0 0 0 0.0994214 0.00186959 0 0.0128454 0.139052 0 0 0.000810867 0.00557961 0 0 0 0.300858 0 0 0 0 0 0 0 0.193279 0 0 0 0 0.00540455 0 0 0 0 0 0.00922327 0.124487 0 0 0 0.0167644 0.00314524 0 0.0381745 0.114645 0.0121281 0.0101655 0.0441542 0.230823 0 0 0 0 0 0 0 0.300858 0 0 0 0 0.300858 0 0 0 0 0 0 0.0395927 0.300858 0 0 0 0 0 0 0.138346 0.300858 0.0202015 0 0 0 0 0 0 0.0346192 0.00324023 0.0117785 0.042567 0.00610115 0.00162433 0 0.0618094 0.300858 0 0 0 0 0 0 0 0.300858 0 0 0 0 0 0 0.0515977 0.041793 0 0 0 0 0 0 0.300858 0 0 0 0 0 0 0 0.300858 
0 0 0 0.304951 0 0 0 0 0 0 0 0.304951 0 0 0 0 0 0 0 0 0.304951 0 0 0 0 0 0 0 0.304951 0 0 0 0.0397018 0.0167404 0.023136 0.247257 0 0 0 0 0 0 0 0.304951 0.0540323 0 0 0 0 0 0 0.0621403 0.304951 0 0 0 0 0 0 0.0888221 0.304951 0 0 0 0.025847 0 0 0 0 0 0 0.275285 0 0 0 0 0.0289384 0.0144036 0.0998405 0.0806871 0.00356871 0 0.0518612 0.132461 0.0288334 0 0.00507516 0.00879129 0 0.00866246 0.154808 0.104869 0 0 0 0 0 0 0 0 0 0 0.102787 0.0309945 0 0 0 0 0 0 0.166488 0.0961912 0.0225819 0.0334993 0.0111687 0 0 0 0 0.117297 0 0.00544247 0.237904 0 0 0 0 0 
0 0 0 0 0.17391 0.0694961 0 0 0 0 0 0 0.325674 0 0 0 0 0 0 0 0.325674 0 0 0 0 0 0 0 0.325674 0 0 0 0 0 0 0 0 0.299879 0 0 0 0 0 0 0.325674 0.124657 0 0 0 0 0 0.0722972 0.325674 0 0 0 0 0 0 0.0398165 0.325674 0 0 0 0.0806962 0.0186158 0 0 0 0.00715022 0.0036918 0 0.107373 0.0401304 0 0.00791941 0.00289622 0 0.00759925 0 0 0.0722617 0.0992623 0.188486 0 0 0 0 0 0 0.0137477 0.325674 0.0281444 0 0 0 0.0725652 0.0108706 0 0 0 0 0 0 0.0984211 0.0194608 0 0 0 0 0 0 0.00317013 0.124491 0.00841796 0 0 0 0 0 0 0.0104071 0.0366402 0.077122 0 0 0 0 
0.161298 0 0 0 0 0 0 0.00856451 0.266797 0 0 0 0 0 0 0 0.266797 0 0 0 0 0 0 0 0.0581267 0.00377325 0.00133126 0.0123156 0.00730846 0 0 0 0 0 0 0 0 0.0370171 0.0147071 0.0536973 0.131012 0 0 0 0 0 0.024564 0.212459 0.266797 0 0 0 0 0 0 0.221817 0.160619 0 0 0 0 0 0 0.075538 0 0 0 0 0 0.266797 0 0 0 0 0 0 0 0.266797 0.086465 0 0 0 0 0 0 0.0332301 0.266797 0.226641 0 0 0 0 0 0 0.0918278 0.263395 0 0 0 0 0 0.266797 0 0 0 0 0 0 0 0.266797 0 0 0 0 0 0 0 0.264717 0.0973251 0 0 0 0 0 0 0 0.188065 0.010425 
0 0 0 0.013121 0.170747 0 0 0 0 0 0 0 0.271418 0 0 0 0 0 0 0 0.271418 0 0 0 0 0 0 0 0.271418 0 0 0 0 0 0 0 0.0655877 0.0788705 0 0 0 0 0 0.0118422 0.271418 0.0172768 0 0 0 0 0 0.131115 0.271418 0 0 0 0 0 0 0.12813 0.271418 0 0 0 0.19521 0.0304788 0 0 0 0 0 0 0.131766 0.1625 0.00991363 0 0 0 0 0 0 0.263417 0.11164 0.0953226 0 0 0 0 0 0 0.142075 0.271418 0 0 0 0 0.230188 0 0 0 0 0 0 0 0.168846 0.119928 0 0 0 0 0 0 0 0.271418 0 0 0 0 0 0 0 0.212104 0.0432487 0 0 0 0 0 
0 0 0 0 0 0 0.0481228 0.0853913 0 0 0 0 0 0.150354 0.137377 0 0 0 0 0 0.278641 0 0 0 0 0 0 0 0.196751 0 0 0 0 0 0 0 0 0 0.0180586 0.278641 0 0 0 0 0 0.100353 0.234584 0.0925234 0 0 0 0 0.278641 0 0 0 0 0 0 0 0.278641 0 0 0 0 0 0 0 0 0 0 0.278641 0.0536931 0 0 0 0 0 0.0108652 0.278641 0.0180225 0 0 0.02906 0.260492 0 0 0 0 0 0 0 0.278641 0 0 0 0 0 0 0 0 0 0 0.228458 0.255297 0 0 0 0 0 0 0.0713858 0.142238 0.00913275 0.0085278 0.0503377 0 0 0 0 0 0 0 0.0334914 0.272388 0 0 0 
0 0 0.0659296 0.0115355 0.029462 0.00539941 0 0 0 0.263255 0.00498389 0 0.0160851 0 0 0 0 0.274883 0 0 0.00213715 0.000351334 0 0 0 0.198635 0 0 0 0.00284398 0 0 0 0 0.222462 0.108964 0 0 0 0 0 0.253963 0.25429 0.0590563 0 0 0 0 0 0.274883 0.0193735 0 0 0 0 0 0 0.274883 0 0 0 0 0 0 0 0.00747526 0.0270919 0.274883 0 0 0 0 0 0 0 0.274883 0.104502 0 0 0 0 0.0202677 0.0346701 0.0982456 0.200278 0 0 0 0 0.108504 0 0.017249 0.02088 0 0 0 0.163418 0.0216163 0.0138837 0.0210339 0 0 0 0 0 0.0061706 0.0101521 0.220394 0.0985317 0 0 0 0 0 0 0.0207844 0.274883 0 0 0 0 0 0 0 0.274883 0 0 0 
0 0 0 0 0 0 0 0.296041 0.156676 0.139961 0 0 0 0 0 0.0420969 0.296041 0 0 0 0 0 0 0 0.277187 0.0031398 0 0.00219735 0 0 0 0 0.0164512 0.00681995 0.015419 0 0 0 0 0.287347 0 0.244061 0.220574 0 0 0 0 0 0.296041 0 0 0 0 0 0 0 0.296041 0 0 0 0 0 0 0 0 0 0.0351725 0.0341873 0 0 0 0.124975 0 0.0134131 0.296041 0.0194698 0 0 0 0 0.216764 0.0150389 0 0 0 0 0 0.079761 0.296041 0 0 0 0 0 0 0.0536814 0 0 0.0559831 0.0359667 0 0 0 0.0450079 0 0 0.188808 0.0355092 0 0 0 0 0.0529472 0.00441919 0.0112939 0 0 0 0 0.0381383 0.106321 0 0 0 0 0 0 0.161083 
0.142813 0 0 0.00342492 0.000958555 0 0 0 0.082494 0 0 0 0.00123428 0.00208375 0.00159311 0.109763 0 0 0 0 0 0 0.00855244 0.213543 0.0165013 0 0 0 0 0 0 0.0782611 0.292386 0 0 0 0 0 0 0 0.289049 0 0 0 0 0 0 0.292386 0 0 0 0 0 0 0 0.292386 0 0 0 0 0 0 0 0.292386 0.292386 0 0 0 0 0 0 0 0.13294 0 0 0 0 0 0.0080353 0.17825 0 0 0 0 0 0 0.292386 0.226465 0 0 0 0 0 0 0.292386 0 0.0242259 0 0 0 0 0 0 0.0222887 0.00991314 0 0 0 0 0 0.0407865 0.0174377 0 0 0 0 0 0.084675 0.182571 0 0 0 0 0 0 0.0440784 0.283361 0 
0 0 0 0 0 0.0876812 0.0828423 0.00554579 0.027299 0 0 0 0 0 0.0973185 0.16994 0.127854 0 0 0 0 0 0 0.197749 0.152275 0 0 0 0 0 0 0.10806 0.165488 0 0 0 0 0.0104001 0.04983 0.0439966 0.31937 0 0 0 0 0 0 0 0.31937 0 0 0 0 0 0 0 0.31937 0 0 0 0 0 0 0 0.136909 0.259788 0 0 0 0 0 0 0.31937 0.187385 0 0 0 0 0 0 0.31937 0 0 0 0 0 0 0.0540472 0.081424 0 0 0 0 0 0 0.143507 0 0.31937 0 0 0 0 0 0 0.0105097 0.240377 0 0 0 0 0 0 0.0259933 0 0 0 0 0 0.0136942 0.0198785 0 0 0 0 0 0 0.00630387 0.0378058 
0 0.0542554 0.0087385 0 0 0.166793 0 0 0 0.302037 0 0 0 0 0 0 0 0.302037 0 0 0 0 0 0 0 0.0687945 0.000643056 0 0 0 0 0 0 0.0531311 0.138191 0.0042157 0.0186198 0.0271035 0 0 0 0.302037 0.255222 0 0 0 0 0 0 0.15349 0.102098 0.0690549 0 0 0 0 0 0.00312634 0.00252375 0.0527314 0.0406923 0 0 0 0 0.00112477 0.265832 0.00324066 0.00262438 0 0 0 0 0 0.302037 0.172439 0 0 0 0 0 0 0 0.302037 0.0629475 0 0 0 0 0 0 0 0.302037 0 0 0 0.00609198 0.0129309 0.0360077 0 0 0 0 0.0584219 0.00276235 0 0.0519693 0.210999 0 0 0 0 0 0 0 0.270094 0.0597187 0 0 0 0 0 0 0.00366639 0.229462 0 0 0 
0.28243 0.00681297 0 0 0 0 0 0 0.0187031 0.00551249 0.00897894 0.0548677 0.201349 0 0 0 0 0 0 0 0.28243 0.0400007 0 0 0 0 0 0 0 0.130095 0.0475804 0.00471371 0.28243 0 0 0 0 0 0 0 0.28243 0 0 0 0.0469704 0 0 0.00409164 0 0 0 0 0.28243 0 0.00336349 0 0 0 0 0 0.28243 0.0624116 0 0 0.264582 0 0 0 0 0 0 0 0.28243 0 0 0 0 0 0 0 0.171114 0.0082511 0.00786697 0.0645264 0.0515576 0 0 0 0 0 0 0.0372916 0.28243 0 0 0 0.111975 0 0 0 0 0 0 0 0.28243 0 0 0 0 0 0 0 0.28243 0 0.00612666 0 0 0 0 0 0.0109205 0 0 0.0162318 0.0921637 0.0474867 0 0.000939772 
0 0 0 0 0 0.28178 0 0 0 0.155638 0.00853351 0 0 0.00118163 0 0 0 0.134206 0 0 0 0 0 0 0 0.0187335 0.0108107 0 0 0 0 0 0 0 0 0.0119152 0.0203287 0.290643 0 0 0 0.028471 0.276189 0.0150859 0 0 0 0 0 0.0232924 0.0614598 0.0673036 0 0 0 0 0 0 0.00436901 0.0365105 0.0293438 0 0 0 0 0 0 0.0335137 0.170446 0.187503 0 0 0 0 0 0.290643 0 0 0 0 0 0 0 0.290643 0.0879887 0 0 0 0 0 0 0 0.290643 0 0 0 0 0 0 0 0.290643 0 0 0 0 0 0 0.290643 0.0869011 0 0 0 0 0 0 0.290643 0.180211 0 0 0 0 0 0 0 0.290643 0 0 0 
0.292903 0 0 0 0 0 0 0 0.292903 0 0 0 0 0 0 0.0387516 0.162038 0 0 0 0 0 0 0.236759 0.00582723 0 0 0 0.000541869 0.000984167 0.0225755 0.0920565 0.292903 0 0 0 0 0 0 0 0.14996 0 0 0 0 0 0 0.292903 0 0 0 0 0 0 0.137349 0.292903 0 0 0 0 0 0 0.291318 0.0947252 0.0913794 0 0 0 0 0 0 0.0171435 0 0 0 0 0 0 0.0814261 0.156413 0 0 0 0 0 0.0688664 0.292903 0 0.00483159 0 0 0 0 0.0567518 0.292903 0.00496336 0.00120231 0 0 0 0 0.00106017 0.00137032 0.00193197 0 0 0 0 0 0.0116548 0.07965 0 0 0 0 0 0 0.292903 0 0 0.00249816 0.0521512 0 0 0 0.168245 0.0191884 0 
0.0730571 0.000740631 0 0.014296 0 0 0 0 0.12304 0 0 0 0 0 0 0.22203 0 0 0 0 0 0 0 0.287189 0.0184264 0 0 0 0 0 0 0.0457331 0.240271 0.00161003 0 0 0 0 0 0 0.287189 0 0 0 0 0 0 0 0.287189 0.00926091 0 0 0 0 0 0 0.0280659 0.0171527 0.0354553 0 0 0 0 0 0.287189 0 0 0 0 0 0 0 0.287189 0.151599 0 0 0 0 0 0 0.0526662 0.258802 0.154726 0 0 0 0 0 0 0 0.287189 0 0 0 0 0 0.0780638 0.0374543 0 0 0 0 0 0 0 0.287189 0 0 0 0 0 0 0 0.0310632 0.287189 0 0 0 0 0 0 0 0.287189 0 0 0 0 0 
0 0 0 0 0.287408 0 0 0 0 0 0 0 0.287408 0 0 0 0 0 0 0 0.287408 0 0 0 0 0.00857822 0.019585 0.02979 0.161281 0 0 0 0 0 0 0 0.287408 0 0 0 0 0 0 0 0.287408 0 0 0 0 0 0.0627061 0.144843 0.212548 0 0 0 0 0.273593 0.0824281 0.0235421 0 0 0 0 0.156128 0 0 0.0092072 0.00232594 0 0 0 0.0540568 0.0013355 0 0 0.00197517 0.00467467 0 0.142272 0.13774 0.287408 0 0 0 0 0 0 0 0.287408 0 0 0 0 0 0 0.128395 0 0 0 0 0 0 0.0287781 0.0503664 0 0 0 0 0 0 0.145122 0.187734 0.129398 0 0 0 0 0 0 0 0.287408 0 0 0 0 0 0 
0 0.145168 0.0087846 0 0 0.0280442 0 0 0 0.277232 0 0 0 0 0 0 0 0.250092 0.00314803 0 0 0 0 0 0 0.00471922 0.007791 0.00585345 0 0 0 0 0 0.0978558 0.179163 0.00299141 0.00268693 0 0 0 0 0.250682 0.277232 0 0 0 0 0 0 0.0293661 0.0909504 0.117452 0 0 0 0 0 0 0 0.0280272 0.080206 0 0 0 0 0 0.277232 0.00709635 0 0 0 0 0 0 0.277232 0.277232 0 0 0 0 0 0 0 0.277232 0.0923163 0 0 0 0 0 0 0 0.277232 0 0 0 0 0 0 0.080639 0.0166163 0.0106818 0 0 0 0 0 0.277232 0 0 0 0 0 0 0 0.221051 0.157045 0 0 0 0 0 0 0 0.277232 0 0 0 
0 0.143953 0 0.00348983 0.00315193 0.102794 0 0 0 0.289673 0 0 0 0 0 0 0.00114938 0.092921 0.00570691 0 0.00102011 0.000263527 0 0 0 0 0 0.000522487 0.00252186 0.00488695 0.000871486 0 0 0.0267365 0.289673 0 0.00992404 0.0398283 0 0 0 0.0617286 0.289673 0.0238894 0 0 0 0 0 0 0.035956 0.132671 0.0327011 0 0 0 0 0 0 0 0.124645 0 0 0 0 0 0.239882 0.0639189 0.0301341 0.00952912 0 0 0 0 0.262335 0.289673 0 0 0 0 0 0 0 0.289673 0.132797 0 0 0 0 0 0 0 0.289673 0 0 0 0 0 0 0.0782104 0.0185047 0.0582003 0 0 0 0 0 0.289673 0 0 0 0 0 0 0 0.224656 0.192412 0 0 0 0 0 0 0 0.289673 0 0 0 
0.275948 0 0 0 0 0 0 0 0.275948 0 0 0 0 0 0 0.0651373 0.0127854 0 0 0 0 0 0 0.275948 0.0535436 0 0 0 0 0 0 0.1644 0.275948 0 0 0 0 0 0 0 0.275948 0 0 0 0 0 0 0.255663 0 0 0 0 0 0 0.110698 0.275948 0 0 0 0 0 0 0.188374 0.196834 0.111005 0 0 0 0 0 0 0.0018162 0.0136449 0 0 0 0 0.00799868 0.0413895 0.102045 0 0 0 0 0 0.0972486 0.275948 0.0169686 0 0 0 0 0 0.0804382 0.275948 0 0.000587038 0 0 0 0 0.00509154 0.00243175 0.00233862 0 0 0 0 0 0.106883 0.0012401 0 0 0 0 0 0 0.275948 0 0 0 0 0 0 0 0.275948 0 0 
0 0 0 0 0.155237 0 0 0 0 0 0 0 0.318293 0 0 0 0 0 0 0 0 0.318293 0 0 0 0 0 0.0355255 0.128261 0.0495015 0 0 0 0 0 0 0.0734109 0 0 0 0 0 0 0 0.318293 0 0 0 0 0 0 0 0.318293 0.101362 0 0 0 0 0 0 0.318293 0 0 0 0 0 0 0 0.0272363 0 0 0 0 0 0 0 0.220271 0 0 0 0 0 0 0 0.318293 0 0 0 0 0 0 0 0.318293 0 0 0 0 0 0 0 0.0228081 0 0 0 0 0 0 0 0.148109 0 0 0 0 0 0 0.0256887 0.318293 0 0 0 0 0 0 0.0360346 0.236454 0.0020856 0.00136206 0 
0.0624218 0.023555 0 0 0 0 0 0 0 0.036806 0 0.0478002 0 0 0 0 0 0 0 0 0.333936 0 0 0 0 0 0 0 0.333936 0 0 0 0.0498754 0.0287709 0 0 0 0 0.00141968 0.000951644 0 0.0434763 0.0160975 0.0868261 0 0 0 0 0 0 0 0.0198072 0.333936 0 0 0 0 0 0 0 0.333936 0 0 0 0.00540214 0.0132059 0 0.00134072 0 0.0266821 0.000917648 0.00110768 0 0.015115 0.032082 0.153226 0 0 0 0 0 0 0 0.173047 0.333936 0 0 0 0 0 0 0.014492 0.333936 0 0 0 0 0 0 0 0.0142734 0.0639989 0 0 0 0 0 0.0620105 0.145921 0 0 0 0 0 0 0.0258426 0.333936 0 0 0 0 0 0 0.0213375 0.333936 0.00551168 0 0 
0 0 0 0.139902 0.0107957 0 0 0 0 0 0 0 0.274354 0 0 0 0.0339871 0 0.00379084 0.0374096 0.127756 0 0 0 0.188988 0 0 0 0 0 0 0 0 0 0 0.0628827 0.182089 0 0 0 0 0 0 0 0.274354 0 0 0 0.0877083 0.00539668 0 0.0235459 0.102532 0.00787317 0 0.0127974 0.259366 0 0 0 0 0 0 0.00908129 0 0 0 0 0.274354 0.0255778 0 0 0 0 0 0 0.274354 0.274354 0 0 0 0 0 0 0 0.0878021 0.274354 0.104075 0 0 0 0 0 0 0 0.274354 0 0 0 0 0 0.17064 0 0 0 0 0 0 0 0.274354 0.0347989 0 0 0 0 0 0 0 0.274354 0 0 0 0 0 0 0 0.274354 0 
0 0 0.115395 0 0 0 0 0 0 0 0.131023 0.00993979 0 0 0 0 0.0361453 0.030721 0.072793 0.00397462 0 0 0 0 0.285247 0 0 0 0 0 0 0 0 0 0.164437 0 0 0 0.0123476 0 0.00885736 0.00996618 0.187397 0 0 0 0.00979407 0.00675875 0.285247 0.076648 0.0189576 0 0 0 0 0 0.285247 0 0 0 0 0 0 0 0 0 0 0 0 0 0.285247 0 0 0 0 0 0 0 0.285247 0.0470283 0.174413 0 0 0 0 0 0 0.285247 0.285247 0 0 0 0 0 0 0 0 0 0 0 0 0.0217651 0.285247 0 0 0 0 0 0 0.104516 0.283291 0 0.0121044 0 0 0 0 0 0.0283883 0.285247 0.188314 0 0 0 0 0 0 0 
0 0 0 0.0757067 0.0184549 0.00209444 0.0910298 0 0 0 0 0.0139179 0.292177 0 0 0 0 0 0 0.291258 0.0311917 0 0 0 0 0 0 0.164892 0.0802439 0 0 0 0 0 0 0 0 0.00935687 0.304543 0 0 0 0 0 0.139034 0.115733 0.149751 0 0.00552847 0.00215071 0 0.153241 0.110326 0.0127672 0 0 0.0261416 0 0 0.0603851 0.12466 0 0 0.00737994 0 0 0 0 0 0 0.304543 0 0 0 0 0 0 0 0.304543 0.066517 0.304543 0 0 0 0 0 0 0.0348972 0.304543 0 0 0 0 0 0 0 0 0 0 0 0 0.226271 0.128587 0 0.0242203 0.0129786 0 0 0 0.110583 0.138821 0.0143803 0.181767 0.16622 0 0 0 0 0 0 0.198407 0.00517377 0 0 0 0 0 0 
0 0 0 0 0 0 0.290914 0 0 0 0 0 0 0.0406863 0.290914 0.0772309 0 0 0 0 0 0.0261724 0.049512 0.229897 0.0432713 0.0378682 0.0058021 0 0 0 0 0.0730559 0 0 0 0 0 0.102971 0.290914 0 0 0 0 0 0 0 0.290914 0.290914 0 0 0 0 0 0 0 0.290914 0.0133249 0 0 0 0 0 0.043991 0.290914 0 0 0 0 0 0.290914 0.0078219 0 0 0 0 0 0.0552074 0.100202 0.0898516 0.022488 0 0 0 0 0.0304359 0.13703 0.114192 0.0472122 0.00980089 0 0 0 0 0.0635149 0.149939 0.0290838 0 0 0 0 0 0.102941 0.194171 0 0 0 0 0 0.0771968 0.0594401 0.0356183 0.0209759 0.0284042 0 0 0 0.0380688 0.0618272 0.0219594 0.0403947 0.290914 0 0 0 0 0 0.0172579 0.0342083 
0 0 0 0 0 0.242672 0.0869122 0 0 0 0 0 0 0.0380464 0.230383 0.159036 0 0 0 0 0 0 0.117 0.267926 0 0 0 0 0 0 0.168379 0.124893 0 0 0 0 0 0.267926 0.0791853 0 0 0 0 0 0.182151 0.141578 0 0 0 0 0 0 0.0939192 0.255793 0.0163555 0 0.129646 0 0 0 0 0.0770052 0.0502602 0.0667159 0 0 0 0 0 0 0.267926 0 0 0 0 0 0 0.0283285 0.115008 0.161102 0.218844 0.0234748 0 0 0 0 0.0194359 0.0907015 0.267926 0.118695 0 0 0 0 0 0 0 0 0 0 0 0.267926 0.0171411 0 0 0 0 0 0.130574 0.021144 0.0243491 0.0160573 0.00889163 0.067227 0.0908241 0.144678 0.0130116 0 0 0 0 0.146573 0.207929 0.212194 0 0 0 0 
