0 0 0 0.0207483 0.0970971 0 0 0 0 0 0 0.136214 0.288667 0 0 0 0 0 0 0.316577 0 0 0 0 0 0 0.0154698 0.170873 0 0 0 0 0 0 0 0 0.186368 0 0 0 0 0 0 0 0.316577 0 0 0 0 0 0 0.127759 0.171958 0.0706631 0.0320896 0 0 0 0 0.0103991 0.0195216 0.0643813 0.188998 0 0 0 0 0 0.228714 0 0 0 0 0 0 0 0.316577 0.124185 0 0 0 0 0 0 0 0.0962698 0.316577 0 0 0 0 0 0 0.0142293 0.316577 0 0 0 0.0136222 0.007932 0.0776594 0 0 0 0 0 0 0.00514814 0.0539005 0.177245 0.0300142 0 0 0 0 0 0.00234691 0.00265646 0.316577 0 0 0 0 0 0.00696621 0.0976318 0.0465627 0 
0.254521 0 0 0 0 0 0 0 0.292252 0 0 0 0 0 0 0 0.278706 0 0 0 0 0 0 0.00227846 0.125157 0 0 0 0.0065002 0 0 0 0.271614 0 0 0 0 0 0 0.0813997 0.292252 0 0 0 0 0 0 0 0.292252 0 0 0 0 0 0 0 0.292252 0 0 0 0 0 0 0.0932789 0 0.0504279 0.0746741 0.00875406 0 0.0190903 0.0189897 0.00855143 0.108679 0.246811 0.0405208 0 0 0 0 0 0.292252 0 0 0 0 0 0 0 0.252227 0 0 0 0 0 0 0.169492 0 0 0.206711 0.0158749 0.00504001 0.0131826 0 0 0 0.0115163 0.289716 0 0 0 0 0 0.022165 0.0516651 0.0644442 0 0 0 0 0 0.120489 0.0297376 0 0 0 0 0 0 
0.0221006 0.159773 0 0 0 0 0 0 0.119033 0.0427801 0 0 0 0 0 0 0.00856116 0.0108562 0.00116019 0.0117008 0.0745222 0 0 0 0 0 0 0 0.274373 0 0 0 0 0.274373 0 0 0 0 0 0 0 0.274373 0.0198938 0 0 0 0 0 0 0 0.059779 0.225604 0.0409348 0 0 0 0 0 0 0.109839 0.274373 0 0 0 0 0.274373 0 0 0 0 0 0 0 0.222659 0.274373 0 0 0 0 0 0 0 0.142833 0.274373 0 0 0 0 0 0.00744549 0.00924822 0.274373 0 0 0 0 0 0.143235 0.037956 0 0 0 0 0 0 0.0235389 0.274373 0 0 0 0 0 0 0 0.273559 0.158337 0 0 0 0 0.0467388 0.0499291 0.0708539 0.0611288 0 0 0 0 
0 0.199683 0.0146582 0 0 0 0 0 0 0.0933576 0.00463592 0.00248883 0 0 0 0 0 0 0 0.0112477 0.241344 0 0 0 0 0 0 0 0.276067 0 0 0 0.136705 0.124212 0 0 0 0 0 0 0.0414495 0.197738 0.0150463 0 0 0 0 0 0 0 0.0418953 0.276067 0.0424211 0 0 0 0 0 0.00366416 0.205844 0.115363 0 0 0 0 0.276067 0.036626 0 0 0 0 0 0 0.276067 0.247442 0 0 0 0 0 0 0 0.276067 0.118938 0 0 0 0 0.0146717 0.0575588 0.200461 0.106471 0 0 0 0 0 0 0.18717 0.10071 0 0 0 0 0 0 0.276067 0 0 0 0 0 0 0.00530609 0.276067 0 0 0 0 0 0.196722 0.0790464 0.054572 0 0 0 0 0 
0.212701 0 0 0 0 0 0 0.00901115 0 0 0 0 0.26102 0 0.00198972 0.00595192 0 0 0 0 0.26102 0 0 0 0 0 0 0 0.124107 0.012306 0 0 0.26102 0 0 0 0 0 0 0 0.185182 0 0.00765861 0 0.0667718 0.00546006 0.00317996 0 0 0 0 0.0950957 0.26102 0 0 0 0 0 0 0.0723684 0.26102 0 0 0 0.26102 0 0 0 0 0 0 0 0.26102 0.231132 0 0 0 0 0 0 0 0.0256786 0.26102 0.127204 0 0 0 0 0 0 0.0420362 0.26102 0 0 0 0 0.163663 0 0 0 0 0 0 0 0.0609214 0.26102 0 0 0 0 0 0 0 0.110429 0.227998 0 0 0 0 0 0 0 0.194776 0 0 0 0 0 
0 0 0 0 0 0.246495 0 0 0 0 0.0212444 0.0620452 0.03281 0.107254 0 0 0 0 0.036763 0.251839 0 0 0 0 0 0 0 0.202108 0.197871 0 0 0 0 0 0 0 0 0.251839 0 0 0 0 0 0 0.130426 0.251839 0 0 0 0 0 0.251839 0.119011 0 0 0 0 0 0 0.0863738 0.251839 0 0 0 0 0 0 0 0 0.215233 0.216727 0 0 0 0 0 0 0.0664526 0.251839 0.191621 0 0 0 0 0 0 0.0250623 0.251839 0.0587953 0 0 0 0 0 0 0.245853 0 0 0 0 0.0842528 0.111239 0.0787937 0 0 0 0 0.00651513 0.0351117 0.00773735 0.0579179 0.200372 0.0949597 0.00570456 0.0113852 0.00637974 0 0 0 0.172727 0.216224 0.00607831 0 0 0 0 0 0.0555811 
0 0.193192 0.0582818 0 0 0 0 0 0 0 0.268327 0.0172787 0 0 0 0 0 0.0180467 0.187241 0.108555 0 0 0 0 0.177745 0.0235589 0 0 0 0 0 0 0 0 0.268327 0 0 0 0 0 0 0 0.268327 0 0 0 0 0 0.128455 0.0839903 0.136713 0 0 0 0 0 0.268327 0 0 0 0 0 0 0 0 0 0 0 0 0.0166448 0.251223 0 0 0 0 0 0 0.00824978 0.268327 0 0 0 0 0 0 0 0.219326 0.268327 0 0 0 0 0 0 0 0.268327 0.00658544 0.00235759 0 0 0 0 0.237019 0.00554149 0 0 0 0 0 0 0.268327 0.00510227 0 0 0 0 0 0 0.268327 0 0 0 0 0 0 0 0.0412234 0.140994 
0 0 0 0 0.00011974 0.00852219 0 0 0 0 0 0 0 0.11531 0 0 0 0 0 0 0 0.295869 0.0925263 0 0 0 0 0 0.00993835 0.183239 0.134293 0.0112258 0 0 0 0 0.0442784 0.00644927 0 0 0 0 0 0 0.0441514 0.151457 0 0 0 0 0 0 0 0.0802543 0.295869 0 0 0 0 0 0 0 0.163414 0.295869 0 0 0 0 0.295869 0 0 0 0 0 0 0 0.295869 0 0 0 0 0 0 0 0.295869 0.0685763 0 0 0 0 0 0.0649174 0.168714 0 0.0197313 0.0150256 0 0 0 0 0.295869 0 0 0 0 0 0 0 0.295869 0 0 0 0 0 0 0 0.295869 0 0 0 0 0 0 0.101745 0.173217 0 0 0 
0.0315151 0.192444 0 0 0 0 0.0110707 0.0281131 0.031938 0.290652 0 0 0 0 0 0 0.0641933 0.212665 0.00404572 0.0146705 0.0118436 0 0 0 0 0.0158044 0.00954062 0.112901 0.185546 0 0 0 0 0.122199 0.273296 0 0 0 0 0 0.0600517 0.290652 0.0167736 0 0 0 0 0 0.290652 0 0 0 0 0 0 0 0.184837 0.0488746 0.0426579 0.0895932 0 0 0 0 0 0 0.25662 0.0238578 0 0 0 0 0.0694382 0.056312 0.0664077 0 0 0 0 0 0.290652 0 0 0 0 0 0 0.212813 0.222237 0.0145931 0.0214826 0 0 0 0 0.0935918 0 0 0 0.17739 0 0 0 0 0.00441905 0 0.0105491 0.015243 0 0 0 0.0267512 0 0 0 0 0 0 0 0.290652 0.0228314 0.0041479 0 0 0 0 0 0.290652 
0 0 0 0.307223 0 0 0 0 0 0 0.0150146 0.147211 0 0 0 0 0 0 0.00148732 0.00294482 0.0024989 0 0.041329 0.0173278 0 0 0 0 0 0 0.145464 0.11206 0 0 0 0.307223 0 0 0 0 0 0 0 0.143272 0.223359 0 0 0 0 0 0 0 0.0486692 0.115322 0.0798098 0 0 0 0 0 0 0 0.307223 0 0 0 0.00825844 0.307223 0.0886752 0 0 0 0 0 0 0 0.307223 0 0 0 0 0 0 0 0.14199 0.307223 0 0 0 0 0 0.00776512 0 0.288015 0.064539 0 0.215914 0.020861 0.00762447 0.0421333 0 0 0 0 0 0.0700492 0.00799662 0.0356727 0.239322 0 0 0 0 0.00957961 0.0309766 0.0155087 0.130556 0.0863753 0 0 0 0 0.17054 0.0177274 0.0199196 0.0179332 0 0 
0 0 0 0.00624319 0.25205 0 0 0 0 0 0 0 0.25205 0 0 0 0 0 0 0.25205 0.0620128 0 0 0 0 0 0.0448887 0.115882 0 0 0 0.00210789 0 0 0 0 0.25205 0 0 0 0 0 0 0.0240555 0.25205 0 0 0 0 0 0.246033 0.243683 0 0 0 0 0 0 0.25205 0 0 0 0 0 0.153584 0 0 0 0 0 0 0.108836 0.03019 0 0 0 0 0 0 0.25205 0.165726 0.250762 0.0244958 0 0 0 0 0 0 0.25205 0.120544 0 0 0 0 0 0.0820033 0 0.00303006 0 0 0 0 0.091649 0 0 0 0 0 0 0 0.25205 0.211321 0.0196636 0 0 0 0 0 0.148595 0.028304 0.25205 0 0 0 0 0 0 
0.234168 0 0 0 0 0 0 0 0.189195 0 0 0 0 0 0 0.110906 0.0208509 0 0 0 0 0 0 0.290444 0.128152 0.155434 0.0121975 0 0 0 0 0 0.191341 0 0 0.0229524 0 0 0 0 0.143663 0 0.00699021 0 0 0 0 0.138897 0 0 0 0 0 0 0 0.290444 0.217906 0.0161431 0 0 0 0 0 0.180103 0 0 0 0.290444 0.0178032 0 0 0 0 0 0 0.290444 0 0 0 0 0 0 0 0.290444 0.0142386 0.00417996 0.0126644 0.0125109 0.0793405 0.0042974 0.00465603 0.0283964 0 0 0 0.0598143 0 0 0 0.123392 0.044532 0 0 0.0178119 0 0 0 0.290444 0 0 0 0 0 0 0 0.290444 0 0 0 0 0 0 0.00524533 0.281022 0 0 0 0 
0 0.0309049 0.0327001 0.014186 0.128913 0 0 0 0 0.250764 0.119741 0 0 0 0 0 0 0 0.265988 0.0807675 0 0 0 0 0.107484 0.0308152 0.0213611 0.00934398 0 0 0 0 0 0 0 0.00927143 0.24208 0.133875 0 0 0 0.00192831 0.191077 0.0103993 0.021248 0.055059 0 0 0.132129 0.141776 0.147004 0 0 0 0 0 0.265988 0.0152143 0 0 0 0 0 0 0 0 0 0 0.011331 0.265988 0 0 0 0 0 0 0 0.265988 0.137237 0 0.0496711 0 0 0 0 0 0.179072 0.265988 0.095381 0 0 0 0 0 0 0.265988 0 0 0 0.0145182 0.0530956 0.0714748 0 0 0 0 0 0 0 0.216579 0.147612 0 0 0 0 0 0 0 0.265988 0.0531537 0 0 0 0 0 0 0 0.265988 
0 0 0 0.0822484 0.20234 0.00316116 0 0 0 0.0499478 0.00873698 0.00184639 0.251766 0 0 0 0 0.251766 0 0.0153705 0.0204697 0 0 0 0 0.0775492 0.0237122 0.0177644 0.0450375 0 0 0 0.04196 0 0.0229028 0.131177 0.0639856 0 0.0122714 0.0226197 0.251766 0.0836493 0.097169 0.0329222 0 0 0 0 0.0803676 0.0887412 0 0 0 0.177834 0 0 0 0 0 0 0.251766 0.22135 0 0 0.067558 0.0203474 0.0521361 0.0989223 0.0230779 0 0 0.228069 0.0233167 0 0.251766 0.251766 0 0 0 0 0 0 0 0.0208614 0.0592929 0.251766 0 0 0.197272 0.0295732 0 0 0 0.0909326 0.0140819 0.0537074 0 0 0 0 0.00803982 0.0548192 0.0770747 0.251766 0.0438799 0.0311804 0.0876131 0.0532713 0.0323789 0.0714157 0.0601156 0.0416313 0 0 0.027168 0.198511 0.204204 0 0 0 0.0119448 0.130904 0.193941 0 0 0 0 0 
0 0 0 0 0.0504409 0.218152 0.0186669 0.0232937 0.00685971 0 0 0.0323461 0.133185 0 0.0261481 0.158092 0.0252433 0.0165066 0.205965 0.183919 0 0 0 0 0 0.00073018 0.0595512 0.0884112 0.0275244 0.0549167 0 0 0.0818083 0.034823 0.0779222 0.0109676 0.00398946 0.0234372 0.0115222 0.0156551 0.0993804 0.00500169 0.0120924 0 0 0 0.0200702 0.243391 0.0898344 0.0503039 0 0 0 0 0.159903 0.243391 0 0 0.139975 0.119045 0.0811279 0.0123366 0 0 0 0 0 0.243391 0.0297022 0.0145732 0 0 0 0 0 0.243391 0.240732 0.0152802 0 0 0 0 0 0 0.225594 0.243391 0.0102109 0 0.0104394 0 0 0.0351333 0.0444111 0.0415625 0.0330131 0.18823 0.0214605 0 0.0147238 0 0 0 0.0245544 0.243391 0.241697 0.0223273 0 0.0781088 0.0211298 0 0 0.0537072 0.239161 0.106537 0 0.013235 0.0151577 0 0 0 0.0643245 0 0 0 0 0 0.0279242 0.243391 
0 0 0 0.0249851 0.0509013 0.16042 0 0 0.160457 0.111979 0 0 0 0 0.0090056 0.0169618 0.0182879 0 0 0 0 0 0.0871502 0.238924 0.015763 0.0469346 0.236618 0 0 0 0 0.0352473 0 0 0.0910752 0.152793 0.110418 0 0 0 0 0.0668312 0.238924 0.0146111 0 0 0 0 0 0 0 0 0.0114177 0.0998977 0.238924 0.0095489 0.0222193 0.143637 0.0186559 0 0 0.0131972 0.0729442 0 0.02444 0.0143416 0.0960329 0 0 0 0 0.238924 0 0.0132394 0.238924 0.238924 0 0 0 0 0 0 0 0.0373711 0.238924 0.168444 0 0 0 0.238924 0.0077737 0 0.0057337 0.0166052 0 0 0 0 0 0 0.0265475 0.0156927 0.0688007 0.238924 0.18081 0.0147249 0.0147836 0 0 0 0 0.238924 0.238924 0.117752 0.0115613 0.0284217 0 0 0 0 0.0112327 0.238924 0 0 0 0 0 0 
0 0 0 0 0.255941 0.0802634 0 0 0 0 0 0 0.0185203 0.219452 0.0422982 0.11921 0.0314334 0 0.17564 0.0648465 0.0210298 0 0 0.111814 0 0 0.255941 0.111346 0 0 0 0 0.255941 0.0670371 0 0.0315253 0.0296609 0 0 0 0.25012 0.074104 0 0 0 0 0 0.185895 0 0.0140841 0 0 0 0 0.0637787 0.255941 0.082859 0.0271696 0.111676 0.138815 0 0 0 0.140645 0.12835 0.0106002 0.0110601 0.0379512 0.148337 0 0 0 0 0.0364089 0.00361953 0.0279831 0.255941 0 0 0 0 0 0 0.163048 0.173834 0.0334425 0.0769041 0.0363537 0.0997092 0.0043608 0.0110572 0 0 0 0 0.255941 0.111805 0 0 0 0.141916 0 0 0 0.0903228 0 0 0 0.21345 0 0 0.0502282 0.0690542 0.133528 0.191368 0.135662 0 0 0 0 0.00529163 0.03866 0.129321 0 0 0 0 0 
0.0243709 0.0231608 0 0 0.106638 0.144649 0.0368814 0.0230568 0.296142 0.0786272 0 0 0 0 0 0.098302 0.204131 0.0395578 0.00227096 0 0 0 0 0 0 0 0 0.0119892 0.203379 0 0 0 0 0 0 0 0 0.296142 0.238121 0 0 0 0 0 0 0 0.23007 0.296142 0.0588212 0 0.062893 0.0229826 0 0 0 0.0967964 0 0 0 0.296142 0.0253848 0 0 0 0 0 0 0 0 0.0879657 0.0656648 0 0 0 0 0.0628534 0.0402607 0.0234488 0.125125 0 0 0 0 0.296142 0 0 0 0 0 0 0 0.296142 0.0362468 0 0 0 0 0 0 0 0.0404843 0.0020228 0 0 0 0 0 0.0947805 0.183244 0 0 0 0 0 0 0.22801 0.121014 0.0110597 0.00712474 0 0 0 0 0 0.0385277 0.0800834 0.236927 0.0107346 
0 0 0 0 0.133818 0 0 0 0 0 0 0 0.291703 0 0 0 0.0169335 0.226749 0.0167697 0.0456389 0.0476145 0 0 0 0.0281414 0.291703 0 0 0 0 0 0 0 0 0 0 0.123864 0 0 0 0 0 0 0 0.291703 0 0 0 0 0.0215752 0 0.0166691 0.233373 0.291703 0 0 0 0.291703 0 0 0 0.0773667 0 0 0 0 0 0 0.0374189 0 0 0 0 0 0 0 0.267625 0 0 0 0 0 0 0 0.203791 0.291703 0 0 0 0 0 0 0.0529321 0.291703 0.0114233 0 0 0 0 0.00746481 0.00804202 0 0 0 0 0 0 0.158959 0.00232847 0 0 0 0 0 0 0.291703 0.0423335 0 0 0 0 0 0 0.0490357 0.141117 0.0267729 0 0 
0.117026 0 0 0 0 0.0288245 0.0618409 0.0507177 0.264266 0 0 0 0 0 0 0.0358366 0.235077 0.0179317 0 0 0 0 0 0.181932 0.044733 0.0494315 0.17504 0.0161267 0 0 0 0.0229009 0.0273714 0.0963231 0.145331 0 0 0 0 0 0.209736 0.0278234 0.0118333 0.044964 0.0119704 0 0 0.00926753 0 0 0 0 0 0.0497313 0.0957026 0.264266 0.0268681 0.0535086 0 0 0 0 0.0997977 0.138841 0 0 0 0.264266 0.0121435 0 0.010947 0 0 0 0 0.264266 0.264266 0 0 0 0 0 0 0 0.264266 0.127694 0 0 0 0 0.0668941 0.0255805 0.110335 0.116961 0 0 0 0 0 0 0.0247973 0.0103173 0.247642 0 0 0 0 0.00938382 0.264266 0.0442873 0 0 0 0.0531175 0.0302794 0.0603529 0.264266 0 0 0 0 0.216346 0.0756683 0.015093 0 0 0 0 
