0 0 0 0.296599 0.0656171 0 0 0 0 0 0 0 0.132157 0 0 0 0 0 0 0.000869724 0.0170375 0.00210286 0 0 0 0 0 0 0.0074869 0.00449554 0 0 0 0 0 0.30585 0.0652429 0 0 0 0 0 0 0 0.30585 0 0 0 0 0 0 0 0.136256 0.0916876 0 0 0 0 0 0 0.0630481 0.0816905 0 0 0 0 0 0.30585 0.00352558 0 0.000715352 0 0 0 0 0 0.30585 0 0 0 0 0 0 0 0.196363 0.30585 0 0 0 0 0 0.0215929 0.30585 0.097141 0 0 0 0 0 0 0.0359464 0.022349 0.0430642 0 0 0 0 0 0.30585 0.00434545 0 0 0 0 0.0166542 0.047188 0.244405 0.104564 0 0 0 0 0.144701 0.199523 0.0844928 0 0 0 
0 0 0 0 0.24167 0 0 0 0 0 0 0.057169 0.247687 0 0 0 0 0 0 0.00614402 0.322812 0 0 0 0 0 0 0 0.322812 0 0 0 0 0 0 0.190042 0.322812 0 0 0 0 0 0 0 0.322812 0 0 0 0 0 0 0.154148 0.322812 0 0 0 0 0 0 0 0.322812 0 0 0 0 0 0 0.0144194 0.162473 0 0 0 0 0 0 0 0.210759 0 0 0 0 0 0 0.16604 0.0720278 0 0 0 0 0 0 0 0.18757 0.105908 0 0 0 0 0 0.020002 0.0757072 0 0 0 0 0 0 0.0702577 0.0473304 0 0 0 0 0 0 0.0129588 0.123257 0 0 0 0 0 0 0 0.0324923 0.109146 0 0 
0 0 0 0.0315398 0.247282 0 0 0 0 0 0 0 0.142998 0 0 0 0 0 0 0 0.0306872 0 0 0 0 0 0 0 0.00981513 0 0 0 0 0 0 0 0.308745 0 0 0 0 0 0 0 0.308745 0 0 0 0 0 0 0 0.134928 0.0384636 0 0 0 0 0 0 0.0101933 0.0651335 0 0 0 0 0 0.0491483 0.308745 0 0 0 0 0 0 0 0.308745 0 0 0 0 0 0 0 0.235453 0.247562 0 0 0 0 0 0 0.173022 0.130913 0 0 0 0 0 0 0.193067 0.00688287 0.00238854 0 0 0 0 0 0.308745 0 0 0 0 0 0 0 0.308745 0.121272 0 0 0 0 0 0.0826224 0.308745 0 0 0 
0 0 0 0 0.193406 0 0 0 0 0 0 0 0.283767 0 0 0 0 0 0 0.226991 0.0193564 0 0 0 0 0 0 0.111357 0 0 0 0 0 0 0 0 0.264647 0 0 0 0 0 0 0 0.283767 0 0 0 0 0 0 0.0199952 0.256637 0.0439159 0 0 0 0 0 0 0.0230289 0.0487088 0.0960594 0 0 0 0 0 0.283767 0 0 0 0 0 0 0 0.283767 0.0289095 0 0 0 0 0 0 0.0306394 0.176859 0.24603 0 0 0 0 0 0 0 0.283767 0 0 0 0 0.00727935 0.178484 0 0 0 0 0 0 0 0.121004 0.20884 0 0 0 0 0 0 0 0.0227333 0.283767 0 0 0 0 0 0 0 0.283767 0 
0.0420601 0.0756552 0 0 0 0 0.0102681 0.0116746 0.276632 0.0222738 0 0 0 0 0 0 0.276632 0 0 0 0 0 0 0 0.16353 0 0 0 0 0 0 0.0044906 0 0.0430122 0.240866 0 0 0 0 0 0.232205 0.276632 0.0300768 0 0 0 0 0 0.276632 0 0 0 0 0 0 0 0.276632 0 0 0 0 0 0 0 0 0.276632 0.119517 0 0 0 0 0 0 0.266137 0.144445 0 0 0 0 0 0.276632 0.0284835 0 0 0 0 0 0 0.276632 0 0 0 0 0 0 0 0 0.276632 0 0 0 0 0 0 0 0.221247 0 0 0 0 0 0 0.0260757 0.0439469 0 0 0 0 0 0 0.0556716 0 0 0 0 0 0 0.0117577 
0 0 0 0 0.168198 0 0 0 0 0 0 0 0.296351 0 0 0 0 0 0 0 0.182448 0.0111626 0.0046204 0.0107979 0 0 0 0 0 0.0141364 0.140433 0.0395254 0 0 0 0 0.240485 0 0 0 0 0 0 0 0.296351 0 0 0 0 0 0 0 0.159602 0.00892427 0.00290477 0.107581 0 0 0 0 0 0 0.0347781 0.296351 0 0 0 0 0.270394 0 0 0 0 0 0 0 0.296351 0 0 0 0 0 0 0 0.0497584 0.0858387 0.100718 0.153205 0 0 0 0 0 0 0 0.296351 0 0 0 0 0.182917 0 0 0 0 0 0 0 0.205626 0.172855 0 0 0 0 0 0 0 0.0648607 0.254891 0.0467495 0 0 0 0 0 0 0 0.296351 
0 0 0 0.191872 0.0751559 0 0 0 0 0 0 0.218016 0 0 0 0 0 0 0 0.0656054 0 0 0 0 0 0 0 0.0211522 0 0 0 0 0 0 0.0289763 0.296272 0.0331064 0 0 0 0 0 0.182997 0.143546 0 0 0 0 0 0 0 0.192663 0 0 0 0 0 0 0 0.0585343 0.0304114 0 0 0 0 0 0.0306252 0.296272 0 0 0 0 0 0 0.0305012 0.296272 0 0 0 0 0 0 0 0.218863 0.284793 0 0 0 0 0 0 0 0.296272 0 0 0 0 0 0 0.233643 0.053422 0.00728819 0 0 0 0 0 0.296272 0.0703091 0 0 0 0 0 0 0 0.296272 0 0 0 0 0 0 0 0.296272 0 0 0 
0 0 0 0.0135274 0.00202411 0 0 0 0 0 0 0.0252116 0 0 0 0 0 0 0 0.00138076 0.0383884 0 0 0 0 0 0 0 0.0794917 0 0 0 0 0 0 0.145807 0.0080765 0 0 0 0 0 0 0.149771 0.0517257 0 0 0 0 0 0 0 0.310717 0 0 0 0 0 0 0 0.310717 0 0 0 0 0 0 0.310717 0 0 0 0 0 0 0 0.310717 0.213777 0 0 0 0 0 0 0 0.310717 0 0 0 0 0 0 0 0.310717 0 0 0 0 0 0 0.196569 0.0797966 0 0 0 0 0 0 0.262787 0.0883265 0 0 0 0 0 0 0 0.310717 0 0 0 0 0 0 0.0708789 0.310717 0 0 0 
0.291819 0 0 0 0 0 0 0 0.291819 0 0 0 0 0 0 0 0.0852968 0 0 0 0 0 0 0.284635 0.0542375 0.0321886 0 0 0 0 0 0.117982 0.291819 0 0 0 0 0 0 0 0.291819 0 0 0 0 0 0 0.0584953 0 0 0 0 0 0 0 0.291819 0.0245605 0 0 0 0 0 0 0.291819 0.124495 0 0 0 0 0 0 0 0.0558209 0 0 0 0 0 0 0.121561 0 0 0 0 0 0 0.287563 0.14233 0 0 0 0 0 0 0.291819 0.0525792 0.0038669 0 0 4.54207e-05 0.00112224 0.000216251 0 0.00351136 0 0 0 0 0 0 0.031226 0.0109808 0 0 0 0 0 0 0.291819 0 0 0 0 0 0 0 0.247788 0.0829909 
0.231412 0 0 0 0 0 0 0.00630712 0.0114594 0 0 0 0.227942 0.00807826 0 0.0187446 0 0 0 0 0.255045 0.0364303 0 0 0 0 0 0 0.0432134 0.14706 0 0 0.255045 0 0 0 0 0 0 0 0.245313 0 0 0 0.0134947 0.0135383 0 0.023576 0 0 0.00663487 0.0898366 0.255045 0 0 0 0 0 0 0.203296 0.237062 0 0 0 0.255045 0 0 0 0 0 0 0 0.255045 0.161769 0 0 0 0 0 0 0 0.0757069 0.255045 0.0567141 0 0 0 0 0 0 0.191303 0.194099 0 0 0 0 0.158592 0 0 0 0 0 0 0 0.124452 0.239533 0 0 0 0 0 0 0 0.0807274 0.255045 0 0 0 0 0 0 0 0.181887 0 0 0 0 0 
0 0 0 0.245605 0.0620863 0 0 0 0 0 0 0 0.27183 0 0 0 0 0 0.0159046 0.0442587 0.27183 0 0 0 0 0.145967 0.0928746 0 0 0 0 0 0 0 0 0.0329356 0.147104 0.00171733 0 0 0 0.00491876 0 0.0100081 0.27183 0.00549663 0 0 0 0.159113 0.11987 0.081059 0.0251448 0 0 0 0 0.27183 0.0204511 0 0 0 0 0 0.0880308 0 0 0 0 0 0 0.174847 0.27183 0 0 0 0 0 0 0.065948 0.27183 0.246999 0 0 0 0 0 0 0 0.27183 0 0 0 0 0 0 0.234246 0 0 0 0 0 0 0 0.27183 0 0 0 0 0 0 0 0.27183 0 0 0 0 0 0 0 0.0871179 0.0482653 0 0 0 0 0 0 
0 0 0 0.295466 0.0186467 0.00864016 0 0 0 0 0 0.081724 0.0170928 0.0319812 0.162231 0 0.00219393 0.0112797 0.0172177 0.00669099 0 0.0176055 0.179893 0 0.0332281 0.186906 0 0 0 0 0.0397435 0.00768387 0 0 0 0 0.00898404 0.0113783 0.114033 0.190923 0 0 0 0 0 0 0.295466 0.0300669 0 0 0 0 0 0.295466 0.244365 0 0 0 0 0 0 0.295466 0.0276372 0.00814529 0 0 0 0 0 0 0 0.295466 0 0 0 0 0 0 0.140952 0.151851 0 0 0 0 0.0170786 0.295466 0 0 0 0 0 0 0.103175 0.295466 0 0 0.085304 0 0 0 0 0 0 0.111319 0 0 0 0 0 0 0.00631794 0.0538058 0 0 0 0 0.0909494 0.0137647 0 0 0 0 0 0 0.295466 0 0 0 
0 0 0 0 0.256839 0 0 0 0 0 0 0 0.256839 0 0 0 0 0 0 0.256839 0.0337642 0 0 0 0 0.00236642 0.0846616 0.0445691 0 0 0 0.0016457 0 0 0 0 0.256839 0 0 0 0 0 0.0125866 0.131615 0.254981 0 0 0 0 0 0.256839 0.194949 0 0 0 0 0 0 0.256839 0 0 0 0 0 0.101004 0 0 0 0 0 0 0.143479 0.100277 0.0206734 0.00964752 0 0 0 0 0.184098 0.0258628 0.256839 0.158613 0 0 0 0 0 0 0.0841821 0.189868 0 0 0 0 0 0.0760801 0 0 0 0 0 0 0.225454 0 0 0 0 0 0 0 0.256839 0.126275 0.256839 0 0 0 0 0 0.0339195 0 0.239929 0 0 0 0 0 0 
0.282735 0 0 0 0 0 0 0 0.282735 0 0 0 0 0 0 0 0.0187398 0 0 0 0 0 0 0.282735 0.12373 0.112437 0 0 0 0 0 0.0511027 0.211299 0.0023767 0.0019756 0.00418713 0 0 0 0 0.249962 0 0 0 0 0 0 0.0484302 0 0 0 0 0 0 0 0.282735 0.0976423 0 0 0 0 0 0 0.282735 0 0 0 0.282735 0 0 0 0 0 0 0 0.282735 0 0 0 0 0 0 0 0.119001 0.0425711 0.0202349 0.0549421 0 0.0510358 0 0 0 0.00702676 0.00122922 0.0374671 0.085723 0 0 0 0.210832 0.0243201 0 0 0 0 0 0 0.282735 0 0 0 0 0 0 0 0.282735 0 0 0 0 0 0.00384369 0.00719901 0.233846 0 0 0 0 
0.018039 0 0 0.0045899 0.170136 0 0 0 0.0867512 0 0 0 0 0 0 0.271927 0 0 0 0 0.0177657 0.0181977 0.0586898 0.223148 0 0 0 0.013757 0.202773 0.0454681 0.0129101 0 0.067879 0.0507674 0 0 0.128912 0 0 0 0.271927 0.0537662 0 0 0 0 0 0 0.0240308 0.0124007 0.0128567 0.115678 0.0879575 0 0 0.00399126 0 0 0 0.195747 0.146402 0 0 0 0 0.0998031 0.00623424 0.00431959 0.189102 0 0 0 0 0.271927 0.0820064 0 0 0 0 0 0 0 0.230933 0.271927 0 0 0 0 0.0483522 0.01078 0.0248939 0.271927 0 0 0 0 0 0 0.00760876 0 0.188519 0.0954818 0 0 0 0.0451992 0.271927 0.0168741 0.0205529 0 0 0 0 0.0241247 0.271927 0.0616847 0 0 0 0 0.271927 0.0426213 0.0561422 0 0 0 0 0 
0 0.0636786 0.0154572 0.00180847 0.0789383 0 0 0 0 0.106018 0.260377 0 0 0 0 0 0 0 0.177314 0.202124 0 0 0 0 0.153838 0.0208968 0.019894 0.0136259 0 0 0 0 0 0 0 0.00543144 0.0378859 0.260377 0 0 0 0 0.177824 0.0233711 0.0222638 0.081746 0 0 0.186403 0.0691839 0.16438 0 0 0 0 0 0.260377 0 0 0 0 0 0 0 0 0 0 0 0 0.260377 0 0 0 0 0 0 0 0.260377 0.259436 0 0.0321269 0 0 0 0 0 0.0771626 0.260377 0.15377 0 0 0 0 0 0 0.200297 0 0 0 0 0 0.180003 0 0 0 0 0 0 0 0.118222 0.245173 0 0 0 0 0 0 0 0.179334 0.227561 0 0 0 0 0 0 0 0.19653 
0.0474541 0 0 0 0 0.152039 0.0201105 0.0441077 0.0339972 0 0 0.0207072 0.0378615 0 0.00909175 0.238905 0.0445193 0.036096 0.188497 0.118349 0 0 0 0.0470249 0 0 0.133139 0.104315 0 0.038558 0 0 0.101206 0.0610373 0.109489 0.0131666 0 0 0 0 0.0484516 0 0 0.0117225 0.0041189 0.00653615 0.0247076 0.238905 0.0489308 0.0331819 0 0 0 0 0.219059 0.238905 0 0 0.115973 0.108637 0.136628 0.0144754 0 0 0 0 0 0.238905 0 0.00725673 0 0 0 0 0 0.238905 0.238905 0 0 0 0 0 0 0 0.238905 0.238905 0 0.0122153 0.00174168 0 0 0.0119815 0.015656 0.0367993 0.0398662 0.238905 0.0112191 0.00724449 0 0.00797523 0 0 0.00901861 0.238905 0.238905 0.0221905 0 0.0723468 0.0194804 0 0 0.0510375 0.147552 0.20852 0.00920128 0.0162525 0 0 0 0 0.0889936 0 0 0 0 0 0.0438934 0.208108 
0 0 0 0 0 0.0309591 0.069319 0 0.0048508 0.0123786 0.0563301 0.0218498 0 0.177679 0.0223097 0 0.143541 0.0626549 0.0965848 0.0276543 0 0 0 0 0 0 0 0 0.00393243 0.00552751 0.050653 0.246524 0 0 0 0 0 0 0.185353 0 0 0 0 0.0973293 0.0274986 0.102418 0.257631 0 0 0 0 0.292505 0 0 0 0 0 0 0 0.135346 0.292505 0.0222208 0 0 0 0 0 0 0 0.00952939 0.184894 0 0.0306955 0 0 0 0 0 0.292505 0.172498 0.0357086 0.0123801 0 0.0480969 0 0 0 0.292505 0.292505 0.0479839 0 0.0692672 0.0205484 0 0 0 0 0 0 0 0.244286 0.028962 0.0137707 0 0.058795 0.00843941 0 0.0169094 0.190003 0.0155155 0.0359577 0.0212198 0.023859 0.00370518 0 0 0.214759 0 0 0.120318 0.165014 0.013783 0 0 0.157583 0 0 0 
0.0249121 0 0 0 0 0 0.13769 0.286036 0.0767259 0.00247127 0 0 0 0 0 0.204759 0.00640404 0.00219793 0.007633 0.128683 0.0101387 0 0 0 0 0 0 0.162337 0.286036 0 0 0 0 0 0 0 0 0.00267035 0.237344 0.0374383 0.00410211 0 0.0130709 0.166678 0 0 0.00239148 0.0521939 0 0 0.0114639 0.286036 0 0 0 0 0 0 0.0490342 0.286036 0 0 0 0 0 0 0 0.075308 0.0242837 0.00672498 0 0 0 0 0 0.286036 0 0 0 0 0 0 0 0.286036 0.119407 0.0767923 0 0 0 0 0 0.140867 0.0558606 0.221496 0.0958072 0 0 0 0 0.0171247 0.144264 0 0 0 0 0.00454506 0 0.223914 0.0465132 0 0 0 0.0309868 0 0 0 0.0139685 0 0.172484 0.116544 0 0 0 0 0 0.00721689 0.286036 0.0125536 
0 0 0 0 0.0841047 0.0693524 0 0 0 0 0.0125568 0.0087025 0.15522 0.130061 0 0 0 0.0588591 0.315809 0.0101052 0 0 0 0 0 0 0.315809 0 0 0 0 0 0 0 0 0 0 0.151203 0 0 0 0 0 0 0 0.315809 0 0 0 0 0.062431 0.00817258 0.0183327 0.315809 0.0291267 0 0 0 0.315809 0 0 0.00793693 0.0634695 0.00675043 0 0 0 0 0.00679367 0.036276 0 0 0 0 0 0 0.0236349 0.315809 0 0 0 0 0 0 0 0.315809 0.0775048 0 0 0 0 0 0 0.0445451 0.315809 0 0 0 0 0.000677051 0.0265783 0 0 0 0 0 0 0 0.160741 0 0 0 0 0 0 0 0.259266 0.00784073 0 0 0 0 0 0 0.0190356 0.0828275 0.0481235 0 
0 0 0 0 0 0.0108045 0.0105706 0 0 0 0 0 0 0.218457 0.00631836 0 0 0 0 0 0 0.320981 0.00728773 0 0.149624 0.0360505 0 0 0 0.0258917 0.0332793 0.0356722 0 0 0 0 0 0 0.0453503 0 0 0 0 0 0 0 0.320981 0 0 0 0.00509582 0.0205749 0 0.126384 0.217318 0 0 0.120817 0.257937 0.0541509 0 0 0 0 0 0 0 0 0 0 0.0486917 0 0 0 0 0 0 0 0.320981 0 0 0 0 0 0.0109738 0.0131157 0.320981 0 0 0 0 0.320981 0 0.0186664 0.027459 0 0 0 0 0 0 0 0.0216908 0 0 0 0 0 0 0 0.221507 0 0 0 0 0 0 0 0.320981 0 0 0 0 0 0.018488 0.0246612 0.320981 0 
0.240777 0.0107529 0 0 0 0 0 0.0512426 0.0749286 0 0 0 0 0 0 0.294458 0.0345518 0.00970934 0 0 0 0 0 0.294458 0.0428745 0.0480702 0.218785 0 0 0 0 0.0294793 0.0330219 0.0684377 0.0624539 0.0913204 0 0 0 0 0.0273515 0 0 0.0216878 0.0434875 0.0031793 0.00952381 0.115708 0 0 0 0 0 0.107468 0.183441 0.20937 0.0203474 0.0725223 0 0 0 0.0204261 0.0642035 0.0972501 0 0 0 0.294458 0 0 0 0 0 0 0 0.0948042 0.294458 0 0 0 0 0 0 0 0.294458 0.131589 0 0 0 0.0200408 0.0845468 0.0128471 0.0768402 0.076117 0 0 0 0 0 0 0.0874966 0.02586 0.133538 0 0 0 0.0080122 0.0184875 0.294458 0.00919549 0 0 0 0.15872 0.0298895 0.0599706 0.162814 0 0 0 0 0.294458 0.0262062 0 0 0 0 0 
0 0 0 0 0 0 0.275114 0 0 0 0.0219117 0.081556 0.004432 0.01202 0.0777479 0 0 0 0 0.275725 0 0 0 0 0 0 0 0.0736448 0.200086 0 0 0 0 0 0 0 0 0 0.275725 0 0 0 0 0 0 0.00589174 0.275725 0 0 0 0 0.104575 0.0991914 0.0360235 0.102319 0 0 0 0 0.0404745 0.275725 0 0 0 0 0 0 0 0 0.031222 0.115437 0 0 0 0 0 0 0.231745 0.275725 0 0 0 0 0 0 0.275725 0.240888 0 0 0.0117699 0.0685972 0.0514074 0.0485247 0.0232956 0 0 0 0 0 0 0 0.233801 0 0 0 0 0 0 0 0.275725 0.0182248 0 0 0 0 0 0 0.275725 0.0749434 0.100622 0.0403027 0.0160554 0.0896794 0.0577385 0.0321692 0 0 0.0406947 
0 0 0 0 0.0130423 0.0172568 0.0109987 0 0 0 0 0.222795 0.00901113 0 0 0 0 0 0.175129 0.244874 0 0 0 0 0 0 0.261642 0 0 0 0 0 0 0 0 0.0586442 0.0580414 0.0037336 0 0 0 0 0 0.261642 0.024587 0 0 0 0 0 0 0.261642 0.126099 0.100007 0.0850015 0 0 0.00658766 0 0.042815 0 0.261642 0.0466941 0 0 0 0 0 0.21909 0 0 0 0.00324976 0.00795764 0 0.112776 0.19592 0 0 0 0.125661 0 0 0 0 0 0.192564 0.161385 0 0 0 0 0.0606414 0.261642 0.113422 0.00614811 0 0 0 0 0.261642 0 0 0 0 0.0184581 0 0.0140942 0.261642 0.0141377 0.00807977 0.00274825 0.261642 0.0330292 0 0 0 0 0 0.0193219 0 0.0068951 0.0366177 0.261642 0 0 0 0 
