0.00533326 0.00454512 0 0 0 0 0.00275888 0.00482784 0.0193528 0.114461 0 0 0 0 0 0 0.121938 0.0158939 0.0016101 0 0.00248534 0 0 0.0273893 0.0502617 0 0 0 0.0305322 0 0.00184566 0.0115849 0.00199826 0.0465815 0.0506833 0 0 0 0 0.000638852 0.0617217 0.302625 0.0265259 0 0 0 0 0 0.302625 0 0 0 0 0 0 0 0.302625 0 0 0 0 0 0 0 0 0 0.158884 0.0348734 0.00139393 0 0 0 0 0 0.302625 0.302625 0 0 0 0 0.0400661 0.0310581 0 0.182228 0.302625 0.00996723 0 0.0245658 0 0 0 0 0.302625 0.0111662 0.0173362 0.151888 0 0 0 0.0214425 0.00364931 0.0114442 0.0139951 0 0 0 0 0.204189 0.0607278 0.0030658 0.0121268 0 0 0 0 0.0220372 0.302625 0 0 0 0 0 0 0.0147308 0.302625 0 0 0 
0.243535 0 0.00290862 0.00442309 0 0 0 0 0.191903 0 0 0.019175 0 0 0 0 0.0296316 0 0 0.000461063 0.040395 0 0 0.0657989 0 0 0.000792128 0 0.0707803 0.00155437 0.000933058 0.014836 0.279906 0 0 0 0 0 0 0.0509028 0.279906 0 0 0 0 0 0 0.279906 0 0 0 0 0 0 0 0.279906 0.0407867 0 0 0 0 0 0 0.259817 0 0 0 0 0.279906 0 0 0 0 0 0 0 0.279906 0.00760159 0.0366647 0 0 0 0 0 0.17893 0.279906 0.201722 0 0.0425953 0.00284327 0 0 0.00459825 0.0325028 0.0810901 0.0535226 0 0 0 0.0242323 0.131869 0 0 0 0 0 0 0 0.279906 0 0 0 0 0 0 0.0222749 0.279906 0 0 0 0 0.00370933 0.0951097 0.0199899 0.0112375 0 0 0 
0 0 0 0 0.0431546 0.134766 0 0 0 0 0 0 0 0.0883168 0.119173 0 0 0 0 0 0 0 0.0510176 0.183981 0 0 0 0 0 0 0 0.321689 0 0 0 0.0284836 0.0611404 0.00829946 0 0 0 0 0 0 0 0.073084 0.0326307 0.0119499 0.321689 0 0 0 0 0 0 0.070128 0.321689 0 0 0 0 0 0 0.198361 0 0 0 0 0.0102792 0.0407945 0.0116654 0.00825523 0 0 0 0 0 0.00987937 0.0302899 0.16491 0.321689 0 0 0 0 0 0 0.222629 0.321689 0 0 0 0 0 0 0.0268078 0 0 0 0 0 0.0519527 0.0155405 0.027102 0.250477 0 0 0 0 0 0 0.0894635 0.321689 0 0 0 0 0 0 0 0.300506 0 0 0 0 0 0 0 
0 0 0 0 0 0.000722677 0.0103899 0.0264414 0 0 0 0 0 0 0.0519024 0.00461562 0 0 0 0 0 0 0.00222012 0.316479 0 0 0 0 0 0 0.266483 0.316479 0.0229473 0 0 0 0 0 0 0.0271683 0.0299123 0.0023306 0 0 0 0 0.00857604 0.0198324 0.316479 0 0 0 0 0 0 0.11062 0.316479 0 0 0 0 0 0 0.316479 0.0160733 0 0 0 0 0 0.00365218 0.0268131 0.0190279 0 0 0 0 0 0 0.0750585 0.316479 0 0 0 0 0 0 0 0.316479 0.110806 0 0 0 0 0 0 0 0 0 0 0 0 0.0118086 0.027009 0.0264427 0.00181114 0 0 0 0 0 0.0372454 0.242605 0.168021 0.00305529 0 0 0 0 0 0 0.316479 0 0 0 0 0 0 
0.0361981 0.0405151 0 0 0 0 0 0.000300354 0.267764 0 0 0 0 0 0 0 0.267764 0 0 0 0 0 0 0 0.232966 0.00542927 0.00202743 0 0 0 0 0 0 0.165962 0.0943814 0 0 0 0 0 0.210777 0.267764 0.0233614 0 0 0 0 0 0.267764 0 0 0 0 0 0 0 0.267764 0 0 0 0 0 0 0 0 0 0.267764 0.0195438 0 0 0 0 0 0 0.254589 0.267764 0 0 0 0 0.0174039 0.00998112 0.0113952 0.192674 0.0984437 0 0 0 0.0466824 0 0 0 0.160292 0 0 0.000749361 0 0 0.0164809 0.1021 0 0 0 0 0 0 0 0.267764 0 0 0 0 0 0 0 0.149787 0.208081 0 0 0 0 0 0 0.0446153 0.262487 0 0 0 
0.00680052 0 0 0.007122 0 0 0 0.041144 0 0 0 0.0286254 0.252305 0 0 0 0 0 0 0 0.328314 0 0 0 0 0 0 0 0.328314 0 0 0 0.0163119 0 0 0 0 0 0 0.0663574 0 0 0 0 0.199445 0.00558358 0.0054028 0.010796 0 0 0 0 0.328314 0 0 0 0 0 0 0 0.328314 0 0 0 0.131524 0 0 0 0 0 0 0 0.0521119 0.00443075 0 0.0365268 0.0190765 0 0 0.010291 0 0 0 0.270266 0.276253 0 0 0 0 0 0 0 0.328314 0 0 0 0.0932229 0.00105283 0.00120529 0 0 0 0 0 0.127477 0.00390129 0.00446606 0.0046686 0 0 0 0 0 0 0 0.129098 0.17177 0 0 0 0 0 0 0 0.328314 0 0 0 
0.0278839 0.0838998 0 0 0 0 0 0 0.280035 0.0180519 0 0 0 0 0 0 0.280035 0 0 0 0 0 0 0 0.280035 0 0 0 0 0 0 0 0 0.176255 0.0987996 0 0 0 0 0 0.0995468 0.280035 0.0237818 0 0 0 0 0 0.280035 0.0172953 0 0 0 0 0 0 0.280035 0 0 0 0 0 0 0 0 0 0.280035 0 0 0 0 0 0 0 0.280035 0.193524 0 0 0 0 0.0165561 0.0240259 0 0.144594 0.0520516 0 0 0 0.0387056 0 0 0.00328287 0.100485 0 0 0 0 0 0.0399958 0.145248 0 0 0 0 0 0 0 0.280035 0 0 0 0 0 0 0 0.168825 0.186254 0 0 0 0 0 0 0 0.27398 0 0 0 
0 0.00329466 0.171696 0 0 0 0 0 0 0 0.289202 0.0917033 0 0 0 0 0 0 0.0438011 0.289202 0 0 0 0 0 0 0 0.289202 0 0 0 0 0 0 0.0280933 0.0244351 0.00142883 0.000698578 0.00195376 0 0 0 0.0357544 0.261748 0 0 0 0 0 0 0.0583122 0.289202 0 0 0 0 0 0 0.0134447 0.289202 0 0 0 0 0.0818157 0 0 0 0 0 0 0.0314867 0.286746 0.00706061 0 0 0 0 0 0.0132841 0.289202 0.0504019 0 0 0 0 0 0 0.174268 0.0313223 0.0395304 0 0 0 0 0 0.0690368 0.184555 0 0 0 0 0 0 0.289202 0.020688 0 0 0 0 0 0 0.289202 0 0 0 0 0 0 0.0176106 0.113729 0 0 0 0 0 0 0.195525 
0 0 0 0.28612 0.048488 0 0 0 0 0 0 0 0.298673 0 0 0 0 0 0 0 0.298673 0.0879854 0 0 0.0185527 0.00879546 0.0242185 0.0295933 0.0137291 0.0296971 0.0098941 0.00900514 0.00732368 0 0 0.0204941 0.010717 0 0.00272572 0.245637 0 0 0 0 0.131827 0.00980407 0.00954618 0.149011 0 0.0230177 0.0157056 0.0912595 0.0888965 0 0 0.00920978 0 0.0430948 0.20884 0.0173249 0 0 0 0 0 0 0 0 0 0 0.0322021 0.298673 0 0 0 0 0 0 0.078254 0.298673 0.231014 0.0202097 0 0 0 0 0 0.156963 0.0594568 0.269739 0 0 0 0 0 0 0 0 0 0 0.236586 0.116248 0.11378 0 0 0 0 0 0.0216818 0.161815 0.237727 0.0211637 0.156369 0 0 0 0 0 0 0.109716 0.141325 0.0119459 0 0 0 0 0 0 
0.00292597 0.0291819 0.0672973 0 0 0 0 0 0 0 0.293345 0 0 0 0 0 0 0 0.145422 0.293345 0 0 0 0 0 0 0 0.293345 0 0 0 0 0.000808817 0 0.014406 0 0 0.000792602 0.023791 0.00162997 0.00302549 0.0130808 0.0926722 0.0609596 0 0 0 0.00371598 0 0.00891402 0.0900203 0.293345 0 0 0 0 0 0 0.0445833 0.293345 0 0 0 0 0.0631595 0 0 0 0 0 0.00191839 0.0476704 0.293345 0 0 0 0 0 0 0.0305796 0.293345 0.0115074 0 0 0 0 0 0 0.188938 0.0384039 0 0 0 0 0 0.0651348 0.062195 0.14364 0 0 0 0 0 0 0.293345 0.0704267 0 0 0 0 0 0 0.293345 0 0 0 0 0 0 0.106268 0 0 0 0 0 0 0 0.293345 
0 0 0 0 0.288659 0 0 0 0 0 0 0 0.228283 0.134748 0 0 0 0 0 0 0.107023 0.257016 0 0 0 0 0.00178106 0.0908384 0.0342465 0.0167148 0 0 0.288659 0.00774614 0 0 0 0.00269181 0 0 0.207747 0 0 0 0 0.0433187 0.00477826 0.0162775 0.0236232 0 0.0289764 0.0590624 0.053378 0.00555832 0 0.00354039 0 0 0.117207 0.140327 0 0 0 0 0.288659 0 0 0 0 0 0 0.0338516 0.288659 0 0 0 0 0 0 0.181464 0.288659 0.13091 0 0 0 0 0 0 0 0.121335 0.172955 0 0 0 0 0 0 0 0 0 0 0.265597 0.0762796 0.113966 0 0 0 0 0 0.097687 0.208736 0.265236 0.084018 0.0265077 0 0 0 0 0.0350141 0.0916505 0 0.11427 0.0136023 0.00142714 0 0 0 0 
0.247434 0 0 0 0 0 0 0 0.265965 0 0 0 0 0 0 0 0.101848 0.000169586 0 0 0.00102696 0 0 0.0688571 0 0 0 0 0.0142777 0.00170633 0.00354207 0.0971217 0.265965 0 0 0 0 0 0 0.0403889 0.265965 0 0 0 0 0 0 0.144208 0.0281949 0 0 0 0 0 0 0.265965 0 0 0 0 0 0 0 0.265965 0 0 0 0 0.265965 0.00179042 0.00167877 0 0 0 0 0 0.265965 0 0.00261218 0.0228081 0 0 0 0 0.249157 0.095493 0.0561507 0.0118721 0 0 0 0 0.0199685 0.135334 0.166443 0 0 0 0 0 0.265965 0 0 0 0 0 0 0 0.265965 0 0 0 0 0 0 0 0.265965 0 0 0 0 0 0 0.01447 0.248513 0 0 0 
0 0 0.111516 0 0 0 0 0 0 0 0.20584 0.256193 0 0 0 0 0 0 0.0300111 0.297481 0.0378715 0 0 0 0 0 0 0.063625 0.297481 0 0 0 0.000593105 0.000926599 0.0129201 0.0149923 0.00428398 0 0.00552439 0 0 0 0 0.19162 0.0781668 0.0120232 0 0 0 0 0 0.297481 0.0780044 0 0 0 0 0 0 0.105674 0.297481 0 0 0 0.0422789 0 0 0 0 0 0.00774849 0.0178183 0.220506 0 0.0034101 0 0 0 0.0145765 0.0196082 0.0912344 0.256575 0.0643497 0 0 0 0 0 0.0674933 0.152163 0.0150945 0.0387884 0 0 0 0 0 0.127482 0.0211288 0 0 0 0 0 0.0827828 0.297481 0 0 0 0 0 0 0.297481 0.101785 0 0 0 0 0 0 0.297481 0 0 0 0 0 0 0 
0.268544 0 0 0 0 0 0 0 0.277147 0 0 0 0 0 0 0 0.0614621 0 0 0 0 0 0 0.191308 0.00711697 0 0 0.000940856 0 0 0.00195668 0.141449 0.277147 0 0 0 0 0 0 0 0.277147 0 0 0 0 0 0 0.073111 0.0291489 0 0 0 0 0 0 0.277147 0 0 0 0 0 0 0.0377141 0.277147 0 0 0 0 0.180274 0 0 0.015967 0 0 0 0 0.233212 0.0166634 0 0.0484552 0 0 0 0 0.0854166 0.160841 0.0929333 0.0306912 0 0 0 0 0 0.18453 0.197971 0 0 0 0 0 0.277147 0 0 0 0 0 0 0 0.277147 0 0 0 0 0 0 0 0.277147 0 0 0 0 0 0 0 0.186272 0.069932 0 0 
0 0.0384753 0.093702 0 0 0 0 0 0 0.0163669 0.288541 0 0 0 0 0 0 0 0.288541 0.220296 0 0 0 0 0 0 0 0.288541 0 0 0 0 0 0.00629768 0.0392937 0.0190656 0.00707175 0.00092246 0 0 0 0 0.208173 0.0905692 0 0 0 0 0 0 0.169072 0.288541 0 0 0 0 0 0 0.0170197 0.288541 0 0 0 0 0.022174 0 0 0 0 0.00756875 0.0137734 0.0236949 0.218383 0.0242131 0 0 0 0 0.00287882 0.0322698 0.288541 0.0653551 0 0 0 0 0 0 0.145424 0 0.0363786 0 0 0 0 0.033426 0.151405 0.0476431 0 0 0 0 0 0 0.288541 0 0 0 0 0 0 0 0.288541 0 0 0 0 0 0 0.0744863 0 0 0 0 0 0 0 0.288541 
0 0 0 0 0.108005 0 0 0 0 0 0 0 0.0803999 0 0 0 0 0 0 0 0.0258199 0 0 0 0 0 0 0.00248811 0.00658225 0 0 0 0 0 0 0 0.304182 0 0 0 0 0 0 0 0.304182 0 0 0 0 0 0 0 0.220662 0 0 0 0 0 0 0 0.104539 0 0 0 0 0 0 0.0560044 0.304182 0 0 0 0 0 0 0.22707 0.304182 0 0 0 0 0 0 0 0.304182 0 0 0 0 0 0 0 0.304182 0 0 0 0 0 0.0162111 0.183343 0.00973297 0 0 0 0 0 0 0.304182 0 0 0 0 0 0 0 0.0112237 0.304182 0 0 0 0 0 0 0 0.304182 0 0 0 
0 0 0 0.0052416 0.0923535 0 0 0 0 0 0 0.0876543 0.0929219 0 0 0 0 0 0 0.206924 0 0 0 0 0 0 0.00124869 0.0206944 0 0 0 0 0 0 0 0 0.292895 0 0 0 0 0 0 0.252388 0.292895 0 0 0 0 0 0.292895 0.292895 0 0 0 0 0 0.003524 0.100963 0 0 0 0 0 0.207087 0 0 0 0.0585729 0.00205179 0 0.00769011 0.292895 0.0224442 0.00725011 0 0.0144552 0 0 0 0.179395 0.292895 0 0 0 0 0 0 0 0.146343 0 0 0 0 0 0 0.292895 0 0 0 0 0 0 0 0.292895 0 0 0 0 0 0 0 0.265467 0.0122785 0 0 0 0 0 0 9.52656e-05 0.0174422 0 0 0 0 0 0 
0.0216819 0.00337815 0 0 0 0 0 0.0141755 0.221169 0.00743881 0.0556928 0.0482052 0 0 0 0 0.209336 0.0521778 0.0158013 0.206264 0 0 0 0 0.089277 0.0099272 0.00382746 0.111893 0.0339106 0 0 0 0.00214226 0.11989 0.0379388 0 0 0 0 0 0.218383 0.270358 0.0782519 0 0 0 0 0 0.270358 0.0219361 0 0 0 0 0 0 0.270358 0 0 0 0 0 0 0.0107864 0 0.0164154 0.196672 0 0 0 0 0 0 0 0.270358 0.270358 0 0 0 0 0 0 0 0.270358 0.21886 0 0 0 0 0 0 0 0.270358 0.00126398 0 0 0.053679 0.0061889 0.00731882 0 0 0 0 0.00426291 0.270358 0.0506752 0 0.0940366 0 0 0 0 0.208523 0 0.019786 0.109071 0.02274 0 0 0 0.104476 0 0 0.0144402 0.100946 0 0 0 
0.0212059 0.00683226 0 0 0 0 0 0.00198022 0.11305 0.0269541 0.031526 0.0771606 0 0 0 0.00360805 0.149425 0.0309928 0.0210263 0.286812 0 0 0 0 0.0596593 0 0 0.049629 0.147567 0 0 0 0.00621816 0.0675652 0.0360617 0 0 0 0 0 0.299956 0.299956 0 0 0 0 0 0 0.299956 0 0 0 0 0 0 0 0.299956 0 0 0 0 0 0 0 0 0 0.240548 0.00800576 0 0 0 0 0 0 0.299956 0.190367 0 0 0 0 0.0131115 0.0272858 0 0.233949 0.135986 0 0 0 0.0267219 0 0 0 0.244608 0 0 0 0.030654 0.00469186 0.0391533 0 0 0 0 0 0.103385 0.0621363 0.0473168 0.210778 0 0 0 0 0.0993871 0.0104925 0.0126004 0.18362 0.0857301 0 0 0 0.0439515 0 0 0.00723604 0.209067 0 0 0 
0 0 0 0.0047124 0.0274993 0 0 0 0 0 0 0 0.208628 0 0 0 0.163196 0.00185501 0.000733745 0 0.0588465 0 0 0 0.189672 0 0 0 0 0 0 0.287965 0.000548297 0 0.000574574 0 0.0504617 0.0255775 0.00870412 0 0 0 0 0 0.291263 0.0225166 0 0.0122669 0.293642 0 0 0.00120218 0 0 0 0.10574 0.293642 0 0 0 0 0 0 0.0118352 0 0 0 0 0 0.0799149 0.293642 0 0 0 0 0 0 0.0485715 0.293642 0.252687 0 0 0 0 0 0 0 0.293642 0.090363 0 0 0 0 0 0 0.0549557 0 0 0 0 0 0 0.28529 0 0 0 0 0 0 0 0.227759 0.102794 0 0 0 0 0 0 0 0.217393 0.00249103 0 0 0 0 0 0 0.0244806 
0 0 0.00324489 0.0956796 0 0 0 0 0 0 0.289794 0.0338256 0 0 0 0 0 0 0.289794 0 0 0 0 0 0 0.0467442 0.174834 0 0 0 0 0 0 0 0 0.208591 0.0602948 0 0 0 0 0 0.127646 0.289794 0 0 0 0 0 0 0.289794 0 0 0 0 0 0 0.289794 0 0 0 0 0 0 0 0 0 0 0.289794 0 0 0 0 0 0 0.27106 0.289794 0 0 0 0 0 0.121905 0.150523 0 0 0 0 0 0.14007 0.0260011 0 0 0 0 0 0 0 0 0 0.289794 0 0 0 0 0 0 0 0.289794 0 0 0 0 0 0 0.0315794 0.0724032 0 0 0 0.00181814 0.00490012 0.0102906 0.00387322 0 0 0 0 
0 0.143946 0.0179647 0 0 0 0 0 0.0635892 0.225091 0.0865909 0 0 0 0 0 0.203238 0.0271942 0.0205203 0.0617602 0 0 0 0 0.117482 0 0 0.0199902 0.0310974 0 0 0 0 0.262267 0.0925126 0 0 0 0 0 0.108462 0.262267 0.116413 0 0 0 0 0 0.262267 0.00549857 0.0192435 0 0 0 0 0 0.262267 0 0 0 0 0 0 0 0 0 0.262267 0.0221187 0 0 0 0 0 0 0.171057 0.262267 0 0 0 0 0 0 0 0.225115 0.262267 0 0 0 0 0 0 0 0.262267 0 0 0 0.0112962 0.00412124 0.0269354 0.0560536 0 0 0 0.00255233 0 0 0 0.214245 0.0532492 0.0014653 0 0.00139207 0 0 0 0 0.262267 0 0 0 0 0 0 0 0.262267 0 0 0 
0.163687 0 0 0 0.0211879 0 0 0 0.175732 0 0 0 0.0377626 0 0 0.00589333 0 0 0 0 0.0536587 0.00639822 0.0104277 0.176059 0 0 0 0 0 0.0509243 0 0.0902785 0.23694 0 0 0 0.000798811 0 0 0.00491289 0.240695 0 0 0 0 0 0 0.109014 0 0 0 0 0 0 0.11138 0.279966 0 0 0 0 0 0 0.15413 0.180301 0 0 0 0 0.279966 0 0 0 0 0 0 0 0.279966 0.0103035 0 0 0 0 0 0 0.279966 0.222 0 0 0 0 0 0 0.0730303 0.190386 0.0620754 0 0 0 0 0.0113464 0.279966 0 0 0 0 0 0 0 0.279966 0 0 0 0 0 0 0 0.279966 0 0 0 0 0 0 0.0328868 0.237257 0 0 0 
0 0 0 0 0.255917 0 0 0 0 0 0 0 0.258488 0 0 0 0 0 0 0.185553 0.0636651 0 0 0 0 0 0 0.117627 0 0 0 0 0 0 0 0.00673768 0.258488 0 0 0 0 0 0 0.134914 0.258488 0 0 0 0 0 0.126784 0.258488 0 0 0 0 0 0 0.215607 0.0990632 0 0 0 0 0.258488 0.00221129 0 0 0 0 0 0 0.258488 0.0251739 0 0 0 0 0 0 0.182757 0.258488 0.071302 0 0 0 0 0 0 0.258488 0.0805328 0 0 0 0 0 0.258488 0 0 0 0 0 0 0 0.258488 0 0 0 0 0 0 0 0.258488 0 0 0 0 0 0 0 0.0437096 0.0952281 0 0 0 0 0 0 
0 0.000739789 0.279598 0.0180464 0 0 0 0 0 0 0 0.279598 0 0 0 0 0 0 0 0.0410716 0.11682 0 0 0 0 0 0 0.0126574 0.0392572 0 0 0 0 0 0.0420687 0.0266052 0.00788691 0.0274998 0.0241409 0 0 0 0 0.279598 0.108598 0 0 0 0 0 0 0.279598 0.0381443 0 0 0 0 0 0 0.279598 0.101355 0 0 0 0.0124155 0.00175121 0 0 0.00574655 0.0194071 0.0754761 0.0135618 0.279598 0.00604617 0 0 0 0 0.0200013 0.0492486 0.279598 0.0730732 0.0460233 0 0 0 0 0 0.279598 0 0.0146379 0.0300987 0 0 0 0 0 0.250979 0.0081145 0.00501802 0.00647823 0 0 0 0.223301 0.279598 0 0 0 0 0 0 0.279598 0 0 0 0 0 0 0 0.206426 0 0 0 0 0 0 0 
0.000196924 0.00108346 0.000131121 0 0.000144655 0.00461273 0.00025443 0 0 0 0 0 0.0370116 0.0216166 0 0 0 0 0 0 0.18931 0 0 0 0 0 0 0 0.117182 0 0 0 0 0 0 0 0 0.00933187 0.0366949 0 0 0 0 0 0.0165549 0.320391 0.0152735 0 0 0 0 0 0.320391 0.0827932 0 0 0 0 0 0 0.320391 0 0 0 0 0 0 0 0 0 0.143017 0 0 0 0 0 0 0.131796 0.320391 0 0 0 0 0 0.185077 0.320391 0.112355 0 0 0 0 0.0807826 0.320391 0 0 0 0 0 0 0 0 0 0.154508 0 0 0 0 0 0 0 0.320391 0 0 0 0 0 0 0.0216191 0.320391 0 0 0.0390464 0.027887 0.0238378 0.0114681 0 0 0 
0 0 0 0 0.297005 0 0 0 0 0 0 0 0.297005 0 0 0 0 0 0 0 0.297005 0 0 0 0 0 0 0.190672 0.0278847 0 0 0 0.0143315 0 0 0.166271 0.0628752 0 0 0 0 0 0 0 0.297005 0 0 0 0 0 0 0.297005 0.276806 0 0 0 0 0 0 0.297005 0 0 0 0 0 0 0 0 0 0 0 0.202323 0 0 0 0 0.00334343 0 0.00124622 0.198708 0.0119327 0.00566261 0.058398 0.0800307 0 0 0 0.0159541 0 0 0.297005 0.121758 0 0 0 0 0 0 0 0 0 0 0.00888281 0.15659 0 0 0 0 0 0 0.108859 0.071814 0.00285068 0.00245386 0.017497 0 0 0 0.0229488 0.0280864 0 0 0.297005 0 0 0 0 0 
0.166 0.0677801 0 0 0 0 0 0 0.300913 0 0 0 0 0 0 0 0.0580497 0.0261413 0.0117257 0.0521301 0 0 0 0 0 0 0 0.300913 0.0719323 0 0 0 0.111291 0 0 0 0 0 0 0.180778 0.0205371 0 0 0 0 0 0 0.300913 0.0166669 0 0 0.00834215 0 0 0 0.115473 0 0 0 0.0126481 0.300913 0 0 0 0.138466 0.225141 0 0 0 0 0 0.0862974 0.300913 0 0 0 0 0 0 0.185047 0.100044 0 0 0 0 0 0 0.0565837 0.0255541 0.0057912 0.0270329 0.0189753 0.0352518 0 0 0 0.167213 0.300913 0 0 0 0 0 0 0.300913 0 0 0 0 0 0 0 0.300913 0 0 0 0 0 0 0 0 0.0137209 0.0837018 0.095473 0 0 0 0 
0.0445978 0 0 0 0 0 0.0209052 0.00992886 0.0881838 0.0118305 0 0 0 0 0 0.0319675 0.121522 0 0 0 0 0 0 0.123783 0.0258842 0 0 0 0 0 0 0.0946653 0 0.169932 0 0 0 0 0.0295599 0 0.0305614 0.151993 0 0 0 0 0.0174497 0.0520553 0.185952 0 0 0 0 0 0 0.220041 0.0571928 0 0 0 0 0 0 0.123653 0 0.327608 0 0 0 0 0 0 0 0.327608 0 0 0 0 0 0 0.327608 0.304437 0 0 0 0 0 0 0.327608 0 0 0 0 0 0 0 0 0.144392 0 0 0 0 0 0 0.0592326 0.171629 0 0 0 0 0 0 0.327608 0 0 0 0 0 0 0 0.327608 0 0 0 0 0 0 0 
