0.00813698 0.0359281 0 0 0 0 0 0.00226684 0.050624 0.159705 0 0 0 0 0 0 0.236645 0.0126919 0 0 0 0 0 0.00474589 0.0778582 0 0 0 0.0220763 0 0 0.00458262 0 0.0236211 0.199975 0.00787714 0 0 0 0 0.0832154 0.30229 0.211021 0 0 0 0 0 0.30229 0 0 0 0 0 0 0.0610451 0.30229 0 0 0 0 0 0 0.0321674 0 0 0.0638253 0.162388 0 0.000633513 0 0 0 0 0.0353987 0.30229 0.0438657 0 0 0 0 0 0 0.0200501 0.30229 0 0.0118905 0.021753 0 0 0 0 0.299065 0.0322156 0.015281 0.148566 0.0168678 0 0 0 0.0115791 0.00521791 0.0145905 0.0280945 0.0686798 0.0032439 0.00485651 0.135154 0.00549338 0 0 0.00413418 0.00720513 0.009073 0 0.0634729 0.292277 0 0 0 0 0 0 0.0344987 0.30229 0 0 0 
0.285907 0 0 0 0 0 0 0 0.285907 0.00252012 0.00256738 0 0 0 0 0 0.12901 0 0.000618472 0.0140822 0.00893977 0 0 0.0174475 0 0 0 0 0.0766251 0 0.00128285 0.017969 0.175018 0 0 0 0.0727958 0.00319901 0 0.0963566 0.251501 0 0 0 0 0.00784479 0.00843957 0.274225 0.0711312 0 0 0 0 0 0 0.285907 0.0263502 0 0 0 0 0 0 0.284629 0 0 0 0 0.285907 0 0 0 0 0 0 0 0.285907 0.0224271 0 0 0 0 0 0 0.141094 0.285907 0.207652 0 0.0474804 0 0 0 0 0.037953 0.0953912 0.0702639 0 0 0.00187274 0.00965589 0.0802537 0 0 0 0 0 0 0 0.246754 0 0 0 0 0 0 0.0356097 0.243213 0 0 0 0 0.00576666 0.0768574 0.0179699 0.0126285 0 0 0 
0 0 0 0 0.0240645 0.14794 0 0 0 0 0 0 0 0.0700772 0.124882 0 0 0 0 0 0 0 0.0459302 0.170451 0 0 0 0 0 0 0 0.332084 0 0 0 0.015902 0.0603371 0.0151376 0 0 0.00874794 0 0 0 0 0.0497798 0.025717 0.0223276 0.300952 0 0 0 0 0 0 0.126765 0.332084 0 0 0 0 0 0 0.209443 0 0 0 0 0.00619575 0.0115557 0.0283214 0.0144869 0 0 0 0 0 0.00506943 0.0231797 0.256954 0.332084 0 0 0 0 0 0 0 0.332084 0 0 0 0 0 0 0 0.0291105 0 0 0 0 0 0.0162712 0.0576953 0.332084 0 0 0 0 0 0 0.0326498 0.332084 0 0 0 0 0 0 0 0.180452 0 0 0 0 0 0 0 
0 0 0 0 0.321356 0 0 0 0 0 0 0 0.321356 0 0 0 0 0 0 0.147261 0.177711 0 0 0 0 0 0 0.111315 0.002716 0 0 0 0 0 0 0 0.321356 0 0 0 0 0 0 0.133563 0.321356 0 0 0 0 0 0 0.321356 0 0 0 0 0 0 0 0.321356 0 0 0 0 0 0 0 0.047386 0.0201356 0 0 0 0 0.00442131 0.0064649 0.0302918 0.0407854 0 0 0 0 0.0433937 0.319139 0.0458955 0 0 0 0 0 0 0.193616 0.321356 0 0 0 0 0 0 0 0.0774091 0 0 0 0 0 0 0.0574672 0.0694206 0 0 0 0 0 0.114691 0.108277 0 0 0 0 0 0 0.0369696 0.0671122 0.0111164 0 0 0 0 
0.0563182 0.0283675 0 0 0 0 0 0 0.277451 0.00427116 0 0 0 0 0 0 0.244964 0.00447086 0.00652665 0.0150122 0 0 0 0 0.0970436 0.0035826 0.00290756 0.0366577 0.00641537 0 0 0 0 0.223009 0.061457 0 0 0 0 0 0.277451 0.184324 0 0 0 0 0 0 0.277451 0 0 0 0 0 0 0 0.277451 0 0 0 0 0 0 0 0 0 0.277451 0.0461594 0 0 0 0 0 0.0440539 0.163211 0.277451 0 0 0 0 0.137842 0 0.00564498 0.0902175 0.0322584 0 0 0 0.207257 0 0 0 0.0229534 0 0.00112864 0.00305308 0 0 0.00731352 0.205485 0 0 0 0 0 0 0 0.277451 0 0 0 0 0 0 0 0.194014 0.198083 0 0 0 0 0 0 0 0.277451 0 0 0 
0.0324648 0.0474976 0 0 0 0 0 0 0.280255 0.0136384 0 0 0 0 0 0 0.280255 0 0 0 0 0 0 0 0.239967 0.00841899 0 0 0 0 0 0 0 0.261775 0 0 0 0 0 0 0.112226 0.280255 0 0 0 0 0 0 0.280255 0 0 0 0 0 0 0 0.280255 0 0 0 0 0 0 0.0555519 0 0 0.280255 0 0 0 0 0 0 0.0800399 0.280255 0.0588574 0 0 0 0 0.035697 0.0394098 0.0403813 0.186047 0 0 0 0 0.0166564 0 0 0.0431994 0.000573202 0 0 0.0634715 0 0 0.0907841 0.073227 0 0 0 0 0 0 0.0222868 0.280255 0 0 0 0 0 0 0 0.280255 0 0 0 0 0 0 0 0.280255 0 0 0 0 
0 0 0.0648724 0.0591539 0 0 0 0 0 0 0.0607623 0.275443 0 0 0 0 0 0 0 0.275443 0.136066 0 0 0 0 0 0 0.00762518 0.275443 0 0 0 0.00552542 0 0 0.0465425 0.00157952 0 0.000600828 0.00388118 0 0.00296702 0.0046782 0.275443 0 0 0 0 0 0 0 0.275443 0.165374 0 0 0 0 0 0 0.0858658 0.275443 0 0 0 0.136479 0.0477249 0 0 0 0 0 0 0.275443 0.0385504 0 0 0 0 0 0 0.152165 0.142245 0.0460681 0.0123205 0 0 0 0 0.0513253 0.0525432 0.0327329 0.0734918 0 0 0 0 0 0.275443 0.0379621 0 0 0 0 0 0.275443 0.130927 0 0 0 0 0 0 0.275443 0 0 0 0 0 0 0 0.275443 0 0 0 0 0 0 0 
0.000514793 0.000728277 0 0 0 0 0 0.0688024 0 0 0 0.046994 0.196724 0 0 0 0 0 0 0 0.320218 0 0 0 0 0 0 0 0.320218 0 0 0 0.0219965 0 0 0 0 0 0 0.0731944 0 0 0 0 0.226528 0.00752337 0.00360594 0.0103652 0 0 0 0 0.320218 0 0 0 0 0 0 0 0.320218 0 0 0 0.125963 0 0 0 0 0 0 0.00794658 0.026447 0 0 0.0822161 0.0297833 0 0.00137662 0.0152876 0 0 0 0.320218 0.0799463 0 0 0 0 0 0 0.0909059 0.320218 0 0 0 0.125744 0 0 0 0 0 0 0 0.06958 0.00169336 0.00491626 0.0506341 0 0 0 0 0 0 0 0.165974 0.298811 0 0 0 0 0 0 0 0.320218 0 0 0 
0 0.0206971 0.114641 0 0 0 0 0 0 0 0.30831 0 0 0 0 0 0 0 0.237151 0.299589 0 0 0 0 0 0 0.00676402 0.28173 0 0 0 0 0 0.000691566 0.0541461 0 0 0 0.00738849 0.000952717 0 0 0.147734 0.180799 0 0 0 0 0 0 0 0.30831 0 0 0 0 0 0 0 0.30831 0 0 0 0 0.061246 0 0 0 0 0 0 0.0582938 0.249714 0.0159758 0.0245291 0 0 0 0 0 0.19231 0.0454415 0.0854573 0.0171149 0 0 0 0 0.0515691 0.0214651 0.038956 0.124945 0 0 0 0 0.212438 0.0672895 0 0 0 0 0 0 0.30831 0 0 0 0 0 0 0 0.30831 0 0 0 0 0 0 0.0453223 0.13095 0 0 0 0 0 0 0.14875 
0 0 0.16844 0.294574 0 0 0 0 0 0 0 0.320401 0.152249 0 0 0 0 0 0 0 0.320401 0 0 0 0 0 0 0 0.320401 0 0 0 0 0 0 0.281446 0.06305 0 0 0 0 0 0 0.0412461 0.320401 0 0 0 0 0 0 0 0.320401 0 0 0 0 0 0 0 0.320401 0 0 0 0 0 0 0 0 0.0325218 0.109178 0 0 0 0 0 0.111479 0.0625121 0.0857793 0 0 0 0 0.00757667 0.17557 0.00782784 0.00497369 0 0 0 0 0.0368934 0.103494 0 0 0 0 0 0 0 0 0 0.153358 0 0 0 0 0 0 0 0.231484 0 0 0 0 0.00110689 0.00151849 0.0010469 0.0584369 0 0 0 0 0.0247421 0 0 0 0 
0 0 0 0.110779 0.17473 0 0 0 0 0 0 0 0.309128 0 0 0 0 0 0 0 0.309128 0.0882107 0 0 0 0 0.00143591 0 0.0515942 0.120282 0.0699947 0 0.220504 0 0.00278376 0.00686798 0 0 0 0.0926411 0 0 0 0.00864429 0.0982848 0.0056906 0 0.169453 0 0 0.00858062 0.0354432 0.237724 0 0 0.00613177 0 0 0.132762 0.0890819 0.0317701 0 0 0 0 0 0 0 0 0 0 0.309128 0 0 0 0 0 0 0 0.309128 0.120593 0.0297378 0 0 0 0 0 0.20645 0.017186 0.226811 0.0583335 0 0 0 0 0 0 0 0 0 0.240693 0.148911 0.0667081 0 0 0 0 0 0 0.158229 0.272481 0.0273771 0.17727 0 0 0 0 0 0 0.132643 0.114693 0.070712 0 0 0 0 0 0 
0 0.0614349 0.00651929 0 0 0 0 0 0 0.0551731 0.326147 0 0 0 0 0 0 0 0.326147 0.0358619 0 0 0 0 0 0 0.114504 0.295966 0 0 0 0 0.00136264 0.00732891 0.0164862 0.00312714 0 0.00496356 0.00116156 0.000851543 0 0 0.10382 0.157867 0.0102031 0 0 0 0 0 0.0371525 0.326147 0 0 0 0 0 0 0 0.326147 0 0 0 0 0.00669176 0 0 0 0 0 0.0194863 0.0514122 0.0839061 0 0.00606777 0 0.00208167 0.00454806 0.00964956 0.103635 0.24589 0.0673543 0.1137 0 0 0 0 0 0.0796205 0.047889 0.0885006 0.0886667 0 0 0 0 0.133931 0.0724399 0 0 0 0 0 0 0.326147 0 0 0 0 0 0 0 0.326147 0 0 0 0 0 0 0.0265496 0.191473 0 0 0 0 0 0 0.177646 
0.2856 0 0 0 0 0 0 0 0.2856 0 0 0 0 0 0 0 0.2856 0 0 0 0 0 0 0.053543 0.00381197 0 0 0 0 0.00174655 0 0.170553 0.0601408 0 0 0 0.124815 0.00386888 0 0.0312046 0.110491 0 0 0 0.054128 0.0118331 0.00477754 0.125951 0.0292611 0 0 0 0 0 0.0799713 0.2856 0 0 0 0 0 0 0.0710672 0.2856 0 0 0 0 0.2856 0 0 0 0 0 0 0 0.2856 0 0 0 0 0 0 0 0.2856 0.0986304 0 0 0 0 0 0 0.0453538 0.183618 0.110858 0 0.0131772 0 0 0.0067557 0.101067 0 0 0 0 0 0 0 0.264646 0 0 0 0 0 0 0 0.2856 0 0 0 0 0 0 0.0463453 0.172803 0 0 0 
0 0.054474 0.023677 0 0 0 0 0 0 0.0730778 0.293664 0 0 0 0 0 0 0 0.293664 0 0 0 0 0 0 0 0.0732052 0.285969 0 0 0 0 0.00232497 0.0120265 0.0151641 0.00385742 0.00472939 0.00757231 0.00122413 0 0 0 0.197724 0.0483087 0 0.00304362 0 0 0 0 0.293664 0.0687942 0 0 0 0 0 0 0.0519554 0.293664 0 0 0 0 0.0338751 0 0 0 0 0 0.0126768 0.038802 0.131285 0.0104297 0 0 0 0 0.00726702 0.127296 0.293664 0.0963547 0.0175478 0 0 0 0 0 0.138125 0.0439645 0.0715792 0.0109571 0 0 0 0.0106592 0.205255 0.0423702 0 0 0 0 0 0 0.293664 0 0 0 0 0 0 0 0.270537 0 0 0 0 0 0 0.247968 0 0 0 0 0 0 0 0.293664 
0.272962 0 0 0 0 0 0 0 0.272962 0 0 0 0 0 0 0 0.175832 0 0 0 0 0 0 0.0719652 0 0 0 0 0.00419152 0 0.00108891 0.119365 0.208899 0 0 0 0 0 0 0.044196 0.272962 0 0 0 0 0 0 0.0901183 0.0899292 0 0 0 0 0 0 0.272962 0 0 0 0 0 0 0 0.272962 0 0 0 0 0.272962 0.0026858 0 0 0 0 0 0 0.272962 0.012471 0.00556552 0.0187074 0 0 0 0 0.0734619 0.160689 0.111874 0.0288177 0 0 0 0 0 0.104473 0.235813 0.0126263 0 0 0 0 0.272962 0 0 0 0 0 0 0 0.272962 0 0 0 0 0 0 0 0.272962 0.0253228 0 0 0 0 0 0 0.096581 0.144905 0 0 
0 0 0 0 0.181168 0 0 0 0 0 0 0.0132963 0.0692485 0 0 0 0 0 0 0.0234906 0.00211554 0 0 0 0 0 0 0.0127998 0 0 0 0 0 0 0 0.242721 0.29567 0 0 0 0 0 0 0.302182 0 0 0 0 0 0 0 0.131399 0.0304303 0 0 0 0 0 0 0.00932256 0.058079 0 0 0 0 0 0 0.302182 0 0 0 0 0 0 0 0.302182 0 0 0 0 0 0 0 0.272228 0.197797 0 0 0 0 0 0 0 0.302182 0 0 0 0 0 0.2464 0 0 0 0 0 0 0 0.0781713 0.302182 0 0 0 0 0 0 0 0.229028 0.114486 0 0 0 0 0 0 0 0.302182 0 0 0 
0.0136229 0 0 0 0 0 0 0.017007 0.107799 0.0167837 0.0688451 0 0 0 0 0.00504515 0.0606151 0.0589264 0.0420647 0.302792 0 0 0 0 0 0.0122814 0.0108973 0.178363 0.13175 0 0 0 0.00772971 0.0506678 0.030795 0 0 0 0 0 0.13276 0.302792 0.070365 0 0 0 0 0 0.302792 0.0354626 0 0 0 0 0 0 0.302792 0 0 0 0 0 0 0 0 0.0124618 0.168567 0 0 0 0 0 0 0 0.302792 0.302792 0 0 0 0 0.0251525 0.0155772 0.0208108 0.191979 0.202573 0 0 0 0.0291204 0 0 0 0.20464 0 0.0033519 0.0469863 0.0790125 0.00811866 0.00939148 0 0 0 0 0 0.19309 0.0539008 0.0402061 0.161166 0 0 0 0 0.0942374 0.0159077 0.0082652 0.183669 0.0971733 0 0 0 0.00744333 0.00343206 0.00242533 0.0284825 0.25853 0 0 0 
0 0 0 0.00297197 0.209766 0 0 0 0 0 0 0.0772309 0.204363 0 0 0 0 0 0 0.272586 0 0 0 0 0 0 0.00683863 0.0296331 0 0 0 0 0 0 0 0.0100319 0.272586 0 0 0 0 0 0.0249129 0.260875 0.194166 0 0 0 0 0.123572 0.272586 0.272586 0 0 0 0 0 0.0407109 0.11527 0 0 0 0 0 0.272586 0 0 0 0 0 0 0.00743779 0.272586 0 0 0 0 0 0 0 0.272586 0.272586 0 0 0 0 0 0 0 0.166309 0 0 0 0 0 0 0.189146 0 0 0 0 0 0 0.00765523 0.266401 0 0 0 0 0 0 0.00285695 0.203626 0 0 0 0 0 0 0 0.0031554 0.0148141 0 0 0 0 0 0 
0.0231407 0.00920346 0 0 0 0 0 0 0.187184 0.0192162 0.00867107 0.0109367 0 0 0 0 0.232051 0.0668 0.039437 0.181141 0 0 0 0 0.0805998 0 0.00810285 0.093882 0.104372 0 0 0 0.00214928 0.0162995 0.106497 0.00273713 0.000886101 0 0 0 0.0529768 0.285886 0.175217 0 0 0 0 0 0.285886 0.0318001 0 0 0 0 0 0 0.285886 0 0 0 0 0 0 0 0 0.002737 0.231401 0.00360844 0 0 0 0 0 0 0.285886 0.285886 0 0 0 0 0 0 0.0191063 0.170261 0.261262 0 0 0.00240882 0.0154642 0 0 0 0.267138 0 0 0.0104247 0.0791175 0.0294498 0.0111854 0 0 0 0 0 0.241263 0.0559674 0.0589269 0.105087 0 0 0 0 0.122121 0.0270372 0.0147115 0.116944 0.0792599 0 0 0 0.0434878 0 0 0.0271445 0.213517 0 0 0 
0.0454728 0 0 0 0.274084 0.00679652 0 0.0516366 0.137543 0 0 0 0.173381 0.0395843 0.0388193 0.122395 0 0 0 0 0 0.0801438 0.112811 0.274084 0.0560126 0.0872265 0.0184947 0 0 0 0 0.0116885 0.260259 0 0 0.0610096 0.122719 0 0 0 0.070227 0 0.00331469 0 0.274084 0 0 0.000681746 0 0 0.0288363 0.04756 0.274084 0.0981673 0 0 0.00552642 0.0100628 0.017804 0.0133299 0.00958916 0 0 0.00567582 0.274084 0 0 0 0.0474826 0.0127895 0.0131982 0.108077 0.115631 0 0 0 0 0 0.196599 0.274084 0.089853 0.162855 0.0293956 0 0 0 0 0.0558052 0.0189055 0.0304009 0 0 0 0 0.000474636 0.02925 0 0 0 0.00610835 0.274084 0 0 0 0 0 0 0 0.274084 0.274084 0.0285793 0 0 0.0163475 0 0.0730729 0.0262765 0.0205271 0.0213862 0.00344232 0.0030416 0 0 0 0.0115431 0.0368746 0.0146042 0.00301058 
0 0 0 0.0891024 0.288647 0 0 0 0 0 0 0 0.288647 0 0 0 0 0 0 0 0.165428 0 0 0 0 0 0 0.00454725 0.0216037 0 0 0 0.111414 0.00682179 0.0110976 0.1801 0 0 0 0 0.0128735 0.00986733 0.012148 0.288647 0.126759 0 0 0 0 0 0 0.288647 0.0723534 0 0 0 0 0 0.0492182 0.0990349 0 0 0 0 0.288647 0 0 0 0 0 0 0 0.288647 0.0263726 0 0 0 0 0 0 0.090443 0.288647 0.288647 0 0 0 0 0 0 0.0363841 0.218883 0 0 0 0 0 0.0854519 0 0 0 0 0 0 0.0203077 0.288647 0 0 0 0 0 0 0 0.223872 0.118011 0 0 0 0 0 0 0.00219327 0.0738783 0.00749322 0 0 0 0 0 
0 0 0 0.0995343 0 0 0 0 0 0 0.20138 0.103918 0 0 0 0 0 0 0.295172 0 0 0 0 0 0 0 0.195428 0 0 0 0 0 0 0 0 0.123869 0.156481 0 0 0 0 0 0.0780336 0.295172 0 0 0 0 0 0 0.295172 0 0 0 0 0 0 0.239954 0.228746 0 0 0 0 0 0 0 0 0 0.295172 0 0 0 0 0 0 0.217016 0.295172 0 0 0 0 0 0.147495 0.115561 0 0 0 0 0 0.223662 0.00470638 0 0 0 0 0 0 0 0 0 0.295172 0 0 0 0 0 0 0 0.295172 0 0 0 0 0 0.00356258 0.0380616 0.0274237 0 0 0 0.00327481 0.0155404 0.011025 0.000566504 0 0 0 0 
0.00650626 0.106721 0 0 0 0 0 0.0031752 0 0.275706 0.0728635 0 0 0 0 0 0.115329 0.0890362 0.0743866 0.0710833 0 0 0 0 0.0671388 0.00885776 0.00314413 0.0739258 0.0360338 0 0 0 0 0.136163 0.173128 0 0 0 0 0 0 0.275706 0.147677 0 0 0 0 0 0.275706 0.0551766 0 0 0 0 0 0 0.275706 0 0 0 0 0 0 0 0 0 0.275706 0.0612287 0 0 0 0 0 0 0.164874 0.275706 0 0 0 0 0 0 0 0.164914 0.275706 0 0 0 0 0 0 0 0.275706 0 0.00093925 0.00773417 0.0267889 0.00434209 0.0163413 0.0535741 0 0 0 0.00316222 0 0 0 0.203066 0.0570443 0 0 0.00226261 0 0 0 0 0.275706 0 0 0 0 0 0 0 0.275706 0 0 0 
0.254834 0.000995347 0 0 0 0 0 0 0.251936 0 0 0.00541273 0.0113919 0 0 0 0.0766926 0 0 0 0.0584825 0.00952558 0 0.0618805 0 0 0 0 0.0239642 0.0565971 0.0166704 0.0485883 0.140135 0 0 0 0.0485371 0.00182 0 0.0166859 0.223897 0 0 0 0.00323236 0 0.00819642 0.0704983 0.0288751 0 0 0 0 0 0.0638177 0.284241 0 0 0 0 0 0 0.0609837 0.278172 0 0 0 0 0.284241 0 0 0 0 0 0 0 0.284241 0.0116939 0 0 0 0 0 0 0.284241 0.20707 0.0534018 0 0 0 0 0 0 0.206392 0.140989 0 0 0 0.00115002 0.0229944 0.218183 0 0 0 0 0 0 0 0.284241 0 0 0 0 0 0 0 0.284241 0 0 0 0 0 0 0 0.216184 0.0189836 0 0 
0 0 0 0 0.268795 0 0 0 0 0 0 0 0.268795 0 0 0 0 0 0 0.217491 0.0967781 0 0 0 0 0 0 0.149229 0 0 0 0 0.0541359 0 0.00400387 0.0805138 0.055623 0 0 0 0.00779485 0.0152623 0.00927495 0.188013 0.0776405 0 0 0 0 0 0.184938 0.268795 0 0 0 0 0 0 0.247648 0.0863203 0 0 0 0 0.268795 0 0 0 0 0 0 0 0.268795 0 0 0 0 0 0 0 0.232528 0.268795 0 0 0 0 0 0 0 0.268795 0.0729116 0 0 0 0 0 0.207272 0 0 0 0 0 0 0 0.268795 0 0 0 0 0 0 0 0.268795 0.0182715 0 0 0 0 0 0 0.0144098 0.103222 0 0 0 0 0 0 
0 0 0.261472 0 0 0 0.00215324 0.000633023 0 0 0.0801912 0.297097 0 0 0 0 0 0 0 0.0158745 0.131639 0 0 0 0 0 0 0.00866764 0.0221597 0 0 0 0 0 0 0.0463599 0.0159586 0.0275729 0.0355782 0 0 0 0 0.297097 0.0202149 0.00855369 0 0 0 0 0 0.297097 0 0 0 0 0 0 0 0.297097 0.0636565 0 0 0 0.064933 0.0243609 0 0.00354749 0 0.0149098 0.045942 0.0292445 0.297097 0.0133172 0 0 0 0 0 0.0539196 0.297097 0.0953402 0.0836112 0 0 0 0 0 0.180517 0.00761685 0.00748733 0.103414 0 0 0 0 0 0.297097 0.00638805 0 0 0 0 0 0.254252 0.0861961 0 0 0 0 0 0 0.291706 0 0 0 0 0 0 0 0.229001 0 0 0 0 0 0 0 
0.124018 0.030442 0 0 0 0 0 0 0.278133 0 0 0 0 0 0 0.0386696 0.148841 0.0042219 0 0 0 0 0 0.0282924 0 0 0.0116463 0.120923 0.0580571 0 0 0 0.0378816 0.0292127 0 0 0 0 0.00644523 0.136584 0.0175505 0 0 0 0 0 0 0.342009 0 0 0 0 0 0 0 0.232752 0.00097351 0 0 0 0.153994 0 0 0.0103878 0.0258125 0.342009 0 0 0 0 0 0 0.342009 0.0476102 0 0 0 0 0 0 0.194531 0 0 0 0 0 0 0.0134432 0.0388058 0.015329 0.0189737 0.00486101 0.0099799 0 0 0 0.301759 0.172629 0 0 0 0 0 0 0.342009 0 0 0 0 0 0 0 0.342009 0 0 0 0 0 0 0 0.00410548 0.00884685 0.0599747 0.10893 0 0 0 0 
